0, inf
0.005, 0.0015925
0.01, 0.000878085
0.015, 0.000544343
0.02, 0.000369426
0.025, 0.000262437
0.03, 0.00024159
0.035, 0.00023656
0.04, 0.000212895
0.045, 0.000205249
0.05, 0.000150276
0.055, 0.000161318
0.06, 0.000163735
0.065, 0.000114283
0.07, 9.3143e-05
0.075, 9.05478e-05
0.08, 8.80869e-05
0.085, 7.44971e-05
0.09, 6.85553e-05
0.095, 6.94136e-05
0.1, 6.96488e-05
0.15, 5.12599e-05
0.2, 4.01568e-05
0.25, 3.09354e-05
0.3, 2.50466e-05
0.35, 2.1836e-05
0.4, 1.92159e-05
0.45, 1.87155e-05
0.5, 1.72777e-05
0.55, 1.66158e-05
0.6, 1.55934e-05
0.65, 1.4615e-05
0.7, 1.40268e-05
0.75, 1.22354e-05
0.8, 1.54559e-05
0.85, 1.39692e-05
0.9, 1.45059e-05
0.95, 1.38882e-05
1, 1.30702e-05
1.25, 1.20157e-05
1.5, 1.18078e-05
1.75, 1.14794e-05
2, 1.14657e-05
2.25, 1.00798e-05
2.5, 9.98663e-06
2.75, 9.44188e-06
3, 8.58492e-06
3.25, 8.97268e-06
3.5, 9.49256e-06
3.75, 6.99251e-06
4, 8.06709e-06
