0, inf
0.005, 54.5318
0.01, 11.0483
0.015, 11.6701
0.02, 7.62133
0.025, 9.33505
0.03, 0.785311
0.035, 0.649571
0.04, 1.4376
0.045, 0.275241
0.05, 4.98329
0.055, 6.75894
0.06, 2.99131
0.065, 3.34159
0.07, 5.4762
0.075, 4.13131
0.08, 2.63174
0.085, 3.06898
0.09, 0.678279
0.095, 2.12924
0.1, 3.78105
0.15, 5.33912
0.2, 0.0507943
0.25, 0.132768
0.3, 0.238402
0.35, 0.32893
0.4, 0.466069
0.45, 0.667098
0.5, 1.29731
0.55, 1.25429
0.6, 0.966434
0.65, 1.00539
0.7, 0.901372
0.75, 0.861345
0.8, 0.694698
0.85, 0.682785
0.9, 0.602553
0.95, 0.595464
1, 0.537965
1.25, 0.398171
1.5, 0.362344
1.75, 0.274649
2, 0.21675
2.25, 0.173102
2.5, 0.168888
2.75, 0.131412
3, 0.132504
3.25, 0.122237
3.5, 0.101587
3.75, 0.084361
4, 0.0811797
