0, 0, 1
0.5, 0.866025, 1
1, 1.73205, 1
1.5, 2.59808, 1
2, 3.4641, 1
2.5, 4.33013, 1
3, 5.19615, 1
3.5, 6.06218, 1
4, 6.9282, 1
4.5, 7.79423, 1
5, 8.66025, 1
5.5, 9.52628, 1
6, 10.3923, 1
6.5, 11.2583, 1
7, 12.1244, 1
7.5, 12.9904, 1
8, 13.8564, 1
8.5, 14.7224, 1
9, 15.5885, 1
9.5, 16.4545, 1
10, 17.3205, 1
10.5, 18.1865, 1
11, 19.0526, 1
11.5, 19.9186, 1
12, 20.7846, 1
12.5, 21.6506, 1
13, 22.5167, 1
13.5, 23.3827, 1
14, 24.2487, 1
14.5, 25.1147, 1
15, 25.9808, 1
15.5, 26.8468, 1
16, 27.7128, 1
16.5, 28.5788, 1
17, 29.4449, 1
17.5, 30.3109, 1
18, 31.1769, 1
18.5, 32.0429, 1
19, 32.909, 1
19.5, 33.775, 1
20, 34.641, 1
20.5, 35.507, 1
21, 36.3731, 1
21.5, 37.2391, 1
22, 38.1051, 1
22.5, 38.9711, 1
23, 39.8372, 1
23.5, 40.7032, 1
24, 41.5692, 1
24.5, 42.4352, 1
25, 43.3013, 1
25.5, 44.1673, 1
26, 45.0333, 1
26.5, 45.8993, 1
27, 46.7654, 1
27.5, 47.6314, 1
28, 48.4974, 1
28.5, 49.3634, 1
29, 50.2295, 1
29.5, 51.0955, 1
1, 0, 1
1.5, 0.866025, 1
2, 1.73205, 1
2.5, 2.59808, 1
3, 3.4641, 1
3.5, 4.33013, 1
4, 5.19615, 1
4.5, 6.06218, 1
5, 6.9282, 1
5.5, 7.79423, 1
6, 8.66025, 1
6.5, 9.52628, 1
7, 10.3923, 1
7.5, 11.2583, 1
8, 12.1244, 1
8.5, 12.9904, 1
9, 13.8564, 1
9.5, 14.7224, 1
10, 15.5885, 1
10.5, 16.4545, 1
11, 17.3205, 1
11.5, 18.1865, 1
12, 19.0526, 1
12.5, 19.9186, 1
13, 20.7846, 1
13.5, 21.6506, 1
14, 22.5167, 1
14.5, 23.3827, 1
15, 24.2487, 1
15.5, 25.1147, 1
16, 25.9808, 1
16.5, 26.8468, 1
17, 27.7128, 1
17.5, 28.5788, 1
18, 29.4449, 1
18.5, 30.3109, 1
19, 31.1769, 1
19.5, 32.0429, 1
20, 32.909, 1
20.5, 33.775, 1
21, 34.641, 1
21.5, 35.507, 1
22, 36.3731, 1
22.5, 37.2391, 1
23, 38.1051, 1
23.5, 38.9711, 1
24, 39.8372, 1
24.5, 40.7032, 1
25, 41.5692, 1
25.5, 42.4352, 1
26, 43.3013, 1
26.5, 44.1673, 1
27, 45.0333, 1
27.5, 45.8993, 1
28, 46.7654, 1
28.5, 47.6314, 1
29, 48.4974, 1
29.5, 49.3634, 1
30, 50.2295, 1
30.5, 51.0955, 1
2, 0, 1
2.5, 0.866025, 1
3, 1.73205, 1
3.5, 2.59808, 1
4, 3.4641, 1
4.5, 4.33013, 1
5, 5.19615, 1
5.5, 6.06218, 1
6, 6.9282, 1
6.5, 7.79423, 1
7, 8.66025, 1
7.5, 9.52628, 1
8, 10.3923, 1
8.5, 11.2583, 1
9, 12.1244, 1
9.5, 12.9904, 1
10, 13.8564, 1
10.5, 14.7224, 1
11, 15.5885, 1
11.5, 16.4545, 1
12, 17.3205, 1
12.5, 18.1865, 1
13, 19.0526, 1
13.5, 19.9186, 1
14, 20.7846, 1
14.5, 21.6506, 1
15, 22.5167, 1
15.5, 23.3827, 1
16, 24.2487, 1
16.5, 25.1147, 1
17, 25.9808, 1
17.5, 26.8468, 1
18, 27.7128, 1
18.5, 28.5788, 1
19, 29.4449, 1
19.5, 30.3109, 1
20, 31.1769, 1
20.5, 32.0429, 1
21, 32.909, 1
21.5, 33.775, 1
22, 34.641, 1
22.5, 35.507, 1
23, 36.3731, 1
23.5, 37.2391, 1
24, 38.1051, 1
24.5, 38.9711, 1
25, 39.8372, 1
25.5, 40.7032, 1
26, 41.5692, 1
26.5, 42.4352, 1
27, 43.3013, 1
27.5, 44.1673, 1
28, 45.0333, 1
28.5, 45.8993, 1
29, 46.7654, 1
29.5, 47.6314, 1
30, 48.4974, 1
30.5, 49.3634, 1
31, 50.2295, 1
31.5, 51.0955, 1
3, 0, -1
3.5, 0.866025, -1
4, 1.73205, -1
4.5, 2.59808, -1
5, 3.4641, -1
5.5, 4.33013, -1
6, 5.19615, -1
6.5, 6.06218, -1
7, 6.9282, -1
7.5, 7.79423, -1
8, 8.66025, -1
8.5, 9.52628, -1
9, 10.3923, -1
9.5, 11.2583, -1
10, 12.1244, -1
10.5, 12.9904, -1
11, 13.8564, -1
11.5, 14.7224, -1
12, 15.5885, -1
12.5, 16.4545, -1
13, 17.3205, -1
13.5, 18.1865, -1
14, 19.0526, -1
14.5, 19.9186, -1
15, 20.7846, -1
15.5, 21.6506, -1
16, 22.5167, -1
16.5, 23.3827, -1
17, 24.2487, -1
17.5, 25.1147, -1
18, 25.9808, -1
18.5, 26.8468, -1
19, 27.7128, -1
19.5, 28.5788, -1
20, 29.4449, -1
20.5, 30.3109, -1
21, 31.1769, -1
21.5, 32.0429, -1
22, 32.909, -1
22.5, 33.775, -1
23, 34.641, -1
23.5, 35.507, -1
24, 36.3731, -1
24.5, 37.2391, -1
25, 38.1051, -1
25.5, 38.9711, -1
26, 39.8372, -1
26.5, 40.7032, -1
27, 41.5692, -1
27.5, 42.4352, -1
28, 43.3013, -1
28.5, 44.1673, -1
29, 45.0333, -1
29.5, 45.8993, -1
30, 46.7654, -1
30.5, 47.6314, -1
31, 48.4974, -1
31.5, 49.3634, -1
32, 50.2295, -1
32.5, 51.0955, -1
4, 0, -1
4.5, 0.866025, -1
5, 1.73205, -1
5.5, 2.59808, -1
6, 3.4641, -1
6.5, 4.33013, -1
7, 5.19615, -1
7.5, 6.06218, -1
8, 6.9282, -1
8.5, 7.79423, -1
9, 8.66025, -1
9.5, 9.52628, -1
10, 10.3923, -1
10.5, 11.2583, -1
11, 12.1244, -1
11.5, 12.9904, -1
12, 13.8564, -1
12.5, 14.7224, -1
13, 15.5885, -1
13.5, 16.4545, -1
14, 17.3205, -1
14.5, 18.1865, -1
15, 19.0526, -1
15.5, 19.9186, -1
16, 20.7846, -1
16.5, 21.6506, -1
17, 22.5167, -1
17.5, 23.3827, -1
18, 24.2487, -1
18.5, 25.1147, -1
19, 25.9808, -1
19.5, 26.8468, -1
20, 27.7128, -1
20.5, 28.5788, -1
21, 29.4449, -1
21.5, 30.3109, -1
22, 31.1769, -1
22.5, 32.0429, -1
23, 32.909, -1
23.5, 33.775, -1
24, 34.641, -1
24.5, 35.507, -1
25, 36.3731, -1
25.5, 37.2391, -1
26, 38.1051, -1
26.5, 38.9711, -1
27, 39.8372, -1
27.5, 40.7032, -1
28, 41.5692, -1
28.5, 42.4352, -1
29, 43.3013, -1
29.5, 44.1673, -1
30, 45.0333, -1
30.5, 45.8993, -1
31, 46.7654, -1
31.5, 47.6314, -1
32, 48.4974, -1
32.5, 49.3634, -1
33, 50.2295, -1
33.5, 51.0955, -1
5, 0, -1
5.5, 0.866025, -1
6, 1.73205, -1
6.5, 2.59808, -1
7, 3.4641, -1
7.5, 4.33013, -1
8, 5.19615, -1
8.5, 6.06218, -1
9, 6.9282, -1
9.5, 7.79423, -1
10, 8.66025, -1
10.5, 9.52628, -1
11, 10.3923, -1
11.5, 11.2583, -1
12, 12.1244, -1
12.5, 12.9904, -1
13, 13.8564, -1
13.5, 14.7224, -1
14, 15.5885, -1
14.5, 16.4545, -1
15, 17.3205, -1
15.5, 18.1865, -1
16, 19.0526, -1
16.5, 19.9186, -1
17, 20.7846, -1
17.5, 21.6506, -1
18, 22.5167, -1
18.5, 23.3827, -1
19, 24.2487, -1
19.5, 25.1147, -1
20, 25.9808, -1
20.5, 26.8468, -1
21, 27.7128, -1
21.5, 28.5788, -1
22, 29.4449, -1
22.5, 30.3109, -1
23, 31.1769, -1
23.5, 32.0429, -1
24, 32.909, -1
24.5, 33.775, -1
25, 34.641, -1
25.5, 35.507, -1
26, 36.3731, -1
26.5, 37.2391, -1
27, 38.1051, -1
27.5, 38.9711, -1
28, 39.8372, -1
28.5, 40.7032, -1
29, 41.5692, -1
29.5, 42.4352, -1
30, 43.3013, -1
30.5, 44.1673, -1
31, 45.0333, -1
31.5, 45.8993, -1
32, 46.7654, -1
32.5, 47.6314, -1
33, 48.4974, -1
33.5, 49.3634, -1
34, 50.2295, -1
34.5, 51.0955, -1
6, 0, 1
6.5, 0.866025, 1
7, 1.73205, 1
7.5, 2.59808, 1
8, 3.4641, 1
8.5, 4.33013, 1
9, 5.19615, 1
9.5, 6.06218, 1
10, 6.9282, 1
10.5, 7.79423, 1
11, 8.66025, 1
11.5, 9.52628, 1
12, 10.3923, 1
12.5, 11.2583, 1
13, 12.1244, 1
13.5, 12.9904, 1
14, 13.8564, 1
14.5, 14.7224, 1
15, 15.5885, 1
15.5, 16.4545, 1
16, 17.3205, 1
16.5, 18.1865, 1
17, 19.0526, 1
17.5, 19.9186, 1
18, 20.7846, 1
18.5, 21.6506, 1
19, 22.5167, 1
19.5, 23.3827, 1
20, 24.2487, 1
20.5, 25.1147, 1
21, 25.9808, 1
21.5, 26.8468, 1
22, 27.7128, 1
22.5, 28.5788, 1
23, 29.4449, 1
23.5, 30.3109, 1
24, 31.1769, 1
24.5, 32.0429, 1
25, 32.909, 1
25.5, 33.775, 1
26, 34.641, 1
26.5, 35.507, 1
27, 36.3731, 1
27.5, 37.2391, 1
28, 38.1051, 1
28.5, 38.9711, 1
29, 39.8372, 1
29.5, 40.7032, 1
30, 41.5692, 1
30.5, 42.4352, 1
31, 43.3013, 1
31.5, 44.1673, 1
32, 45.0333, 1
32.5, 45.8993, 1
33, 46.7654, 1
33.5, 47.6314, 1
34, 48.4974, 1
34.5, 49.3634, 1
35, 50.2295, 1
35.5, 51.0955, 1
7, 0, 1
7.5, 0.866025, 1
8, 1.73205, 1
8.5, 2.59808, 1
9, 3.4641, 1
9.5, 4.33013, 1
10, 5.19615, 1
10.5, 6.06218, 1
11, 6.9282, 1
11.5, 7.79423, 1
12, 8.66025, 1
12.5, 9.52628, 1
13, 10.3923, 1
13.5, 11.2583, 1
14, 12.1244, 1
14.5, 12.9904, 1
15, 13.8564, 1
15.5, 14.7224, 1
16, 15.5885, 1
16.5, 16.4545, 1
17, 17.3205, 1
17.5, 18.1865, 1
18, 19.0526, 1
18.5, 19.9186, 1
19, 20.7846, 1
19.5, 21.6506, 1
20, 22.5167, 1
20.5, 23.3827, 1
21, 24.2487, 1
21.5, 25.1147, 1
22, 25.9808, 1
22.5, 26.8468, 1
23, 27.7128, 1
23.5, 28.5788, 1
24, 29.4449, 1
24.5, 30.3109, 1
25, 31.1769, 1
25.5, 32.0429, 1
26, 32.909, 1
26.5, 33.775, 1
27, 34.641, 1
27.5, 35.507, 1
28, 36.3731, 1
28.5, 37.2391, 1
29, 38.1051, 1
29.5, 38.9711, 1
30, 39.8372, 1
30.5, 40.7032, 1
31, 41.5692, 1
31.5, 42.4352, 1
32, 43.3013, 1
32.5, 44.1673, 1
33, 45.0333, 1
33.5, 45.8993, 1
34, 46.7654, 1
34.5, 47.6314, 1
35, 48.4974, 1
35.5, 49.3634, 1
36, 50.2295, 1
36.5, 51.0955, 1
8, 0, 1
8.5, 0.866025, 1
9, 1.73205, 1
9.5, 2.59808, 1
10, 3.4641, 1
10.5, 4.33013, 1
11, 5.19615, 1
11.5, 6.06218, 1
12, 6.9282, 1
12.5, 7.79423, 1
13, 8.66025, 1
13.5, 9.52628, 1
14, 10.3923, 1
14.5, 11.2583, 1
15, 12.1244, 1
15.5, 12.9904, 1
16, 13.8564, 1
16.5, 14.7224, 1
17, 15.5885, 1
17.5, 16.4545, 1
18, 17.3205, 1
18.5, 18.1865, 1
19, 19.0526, 1
19.5, 19.9186, 1
20, 20.7846, 1
20.5, 21.6506, 1
21, 22.5167, 1
21.5, 23.3827, 1
22, 24.2487, 1
22.5, 25.1147, 1
23, 25.9808, 1
23.5, 26.8468, 1
24, 27.7128, 1
24.5, 28.5788, 1
25, 29.4449, 1
25.5, 30.3109, 1
26, 31.1769, 1
26.5, 32.0429, 1
27, 32.909, 1
27.5, 33.775, 1
28, 34.641, 1
28.5, 35.507, 1
29, 36.3731, 1
29.5, 37.2391, 1
30, 38.1051, 1
30.5, 38.9711, 1
31, 39.8372, 1
31.5, 40.7032, 1
32, 41.5692, 1
32.5, 42.4352, 1
33, 43.3013, 1
33.5, 44.1673, 1
34, 45.0333, 1
34.5, 45.8993, 1
35, 46.7654, 1
35.5, 47.6314, 1
36, 48.4974, 1
36.5, 49.3634, 1
37, 50.2295, 1
37.5, 51.0955, 1
9, 0, -1
9.5, 0.866025, -1
10, 1.73205, -1
10.5, 2.59808, -1
11, 3.4641, -1
11.5, 4.33013, -1
12, 5.19615, -1
12.5, 6.06218, -1
13, 6.9282, -1
13.5, 7.79423, -1
14, 8.66025, -1
14.5, 9.52628, -1
15, 10.3923, -1
15.5, 11.2583, -1
16, 12.1244, -1
16.5, 12.9904, -1
17, 13.8564, -1
17.5, 14.7224, -1
18, 15.5885, -1
18.5, 16.4545, -1
19, 17.3205, -1
19.5, 18.1865, -1
20, 19.0526, -1
20.5, 19.9186, -1
21, 20.7846, -1
21.5, 21.6506, -1
22, 22.5167, -1
22.5, 23.3827, -1
23, 24.2487, -1
23.5, 25.1147, -1
24, 25.9808, -1
24.5, 26.8468, -1
25, 27.7128, -1
25.5, 28.5788, -1
26, 29.4449, -1
26.5, 30.3109, -1
27, 31.1769, -1
27.5, 32.0429, -1
28, 32.909, -1
28.5, 33.775, -1
29, 34.641, -1
29.5, 35.507, -1
30, 36.3731, -1
30.5, 37.2391, -1
31, 38.1051, -1
31.5, 38.9711, -1
32, 39.8372, -1
32.5, 40.7032, -1
33, 41.5692, -1
33.5, 42.4352, -1
34, 43.3013, -1
34.5, 44.1673, -1
35, 45.0333, -1
35.5, 45.8993, -1
36, 46.7654, -1
36.5, 47.6314, -1
37, 48.4974, -1
37.5, 49.3634, -1
38, 50.2295, -1
38.5, 51.0955, -1
10, 0, -1
10.5, 0.866025, -1
11, 1.73205, -1
11.5, 2.59808, -1
12, 3.4641, -1
12.5, 4.33013, -1
13, 5.19615, -1
13.5, 6.06218, -1
14, 6.9282, -1
14.5, 7.79423, -1
15, 8.66025, -1
15.5, 9.52628, -1
16, 10.3923, -1
16.5, 11.2583, -1
17, 12.1244, -1
17.5, 12.9904, -1
18, 13.8564, -1
18.5, 14.7224, -1
19, 15.5885, -1
19.5, 16.4545, -1
20, 17.3205, -1
20.5, 18.1865, -1
21, 19.0526, -1
21.5, 19.9186, -1
22, 20.7846, -1
22.5, 21.6506, -1
23, 22.5167, -1
23.5, 23.3827, -1
24, 24.2487, -1
24.5, 25.1147, -1
25, 25.9808, -1
25.5, 26.8468, -1
26, 27.7128, -1
26.5, 28.5788, -1
27, 29.4449, -1
27.5, 30.3109, -1
28, 31.1769, -1
28.5, 32.0429, -1
29, 32.909, -1
29.5, 33.775, -1
30, 34.641, -1
30.5, 35.507, -1
31, 36.3731, -1
31.5, 37.2391, -1
32, 38.1051, -1
32.5, 38.9711, -1
33, 39.8372, -1
33.5, 40.7032, -1
34, 41.5692, -1
34.5, 42.4352, -1
35, 43.3013, -1
35.5, 44.1673, -1
36, 45.0333, -1
36.5, 45.8993, -1
37, 46.7654, -1
37.5, 47.6314, -1
38, 48.4974, -1
38.5, 49.3634, -1
39, 50.2295, -1
39.5, 51.0955, -1
11, 0, -1
11.5, 0.866025, -1
12, 1.73205, -1
12.5, 2.59808, -1
13, 3.4641, -1
13.5, 4.33013, -1
14, 5.19615, -1
14.5, 6.06218, -1
15, 6.9282, -1
15.5, 7.79423, -1
16, 8.66025, -1
16.5, 9.52628, -1
17, 10.3923, -1
17.5, 11.2583, -1
18, 12.1244, -1
18.5, 12.9904, -1
19, 13.8564, -1
19.5, 14.7224, -1
20, 15.5885, -1
20.5, 16.4545, -1
21, 17.3205, -1
21.5, 18.1865, -1
22, 19.0526, -1
22.5, 19.9186, -1
23, 20.7846, -1
23.5, 21.6506, -1
24, 22.5167, -1
24.5, 23.3827, -1
25, 24.2487, -1
25.5, 25.1147, -1
26, 25.9808, -1
26.5, 26.8468, -1
27, 27.7128, -1
27.5, 28.5788, -1
28, 29.4449, -1
28.5, 30.3109, -1
29, 31.1769, -1
29.5, 32.0429, -1
30, 32.909, -1
30.5, 33.775, -1
31, 34.641, -1
31.5, 35.507, -1
32, 36.3731, -1
32.5, 37.2391, -1
33, 38.1051, -1
33.5, 38.9711, -1
34, 39.8372, -1
34.5, 40.7032, -1
35, 41.5692, -1
35.5, 42.4352, -1
36, 43.3013, -1
36.5, 44.1673, -1
37, 45.0333, -1
37.5, 45.8993, -1
38, 46.7654, -1
38.5, 47.6314, -1
39, 48.4974, -1
39.5, 49.3634, -1
40, 50.2295, -1
40.5, 51.0955, -1
12, 0, 1
12.5, 0.866025, 1
13, 1.73205, 1
13.5, 2.59808, 1
14, 3.4641, 1
14.5, 4.33013, 1
15, 5.19615, 1
15.5, 6.06218, 1
16, 6.9282, 1
16.5, 7.79423, 1
17, 8.66025, 1
17.5, 9.52628, 1
18, 10.3923, 1
18.5, 11.2583, 1
19, 12.1244, 1
19.5, 12.9904, 1
20, 13.8564, 1
20.5, 14.7224, 1
21, 15.5885, 1
21.5, 16.4545, 1
22, 17.3205, 1
22.5, 18.1865, 1
23, 19.0526, 1
23.5, 19.9186, 1
24, 20.7846, 1
24.5, 21.6506, 1
25, 22.5167, 1
25.5, 23.3827, 1
26, 24.2487, 1
26.5, 25.1147, 1
27, 25.9808, 1
27.5, 26.8468, 1
28, 27.7128, 1
28.5, 28.5788, 1
29, 29.4449, 1
29.5, 30.3109, 1
30, 31.1769, 1
30.5, 32.0429, 1
31, 32.909, 1
31.5, 33.775, 1
32, 34.641, 1
32.5, 35.507, 1
33, 36.3731, 1
33.5, 37.2391, 1
34, 38.1051, 1
34.5, 38.9711, 1
35, 39.8372, 1
35.5, 40.7032, 1
36, 41.5692, 1
36.5, 42.4352, 1
37, 43.3013, 1
37.5, 44.1673, 1
38, 45.0333, 1
38.5, 45.8993, 1
39, 46.7654, 1
39.5, 47.6314, 1
40, 48.4974, 1
40.5, 49.3634, 1
41, 50.2295, 1
41.5, 51.0955, 1
13, 0, 1
13.5, 0.866025, 1
14, 1.73205, 1
14.5, 2.59808, 1
15, 3.4641, 1
15.5, 4.33013, 1
16, 5.19615, 1
16.5, 6.06218, 1
17, 6.9282, 1
17.5, 7.79423, 1
18, 8.66025, 1
18.5, 9.52628, 1
19, 10.3923, 1
19.5, 11.2583, 1
20, 12.1244, 1
20.5, 12.9904, 1
21, 13.8564, 1
21.5, 14.7224, 1
22, 15.5885, 1
22.5, 16.4545, 1
23, 17.3205, 1
23.5, 18.1865, 1
24, 19.0526, 1
24.5, 19.9186, 1
25, 20.7846, 1
25.5, 21.6506, 1
26, 22.5167, 1
26.5, 23.3827, 1
27, 24.2487, 1
27.5, 25.1147, 1
28, 25.9808, 1
28.5, 26.8468, 1
29, 27.7128, 1
29.5, 28.5788, 1
30, 29.4449, 1
30.5, 30.3109, 1
31, 31.1769, 1
31.5, 32.0429, 1
32, 32.909, 1
32.5, 33.775, 1
33, 34.641, 1
33.5, 35.507, 1
34, 36.3731, 1
34.5, 37.2391, 1
35, 38.1051, 1
35.5, 38.9711, 1
36, 39.8372, 1
36.5, 40.7032, 1
37, 41.5692, 1
37.5, 42.4352, 1
38, 43.3013, 1
38.5, 44.1673, 1
39, 45.0333, 1
39.5, 45.8993, 1
40, 46.7654, 1
40.5, 47.6314, 1
41, 48.4974, 1
41.5, 49.3634, 1
42, 50.2295, 1
42.5, 51.0955, 1
14, 0, 1
14.5, 0.866025, 1
15, 1.73205, 1
15.5, 2.59808, 1
16, 3.4641, 1
16.5, 4.33013, 1
17, 5.19615, 1
17.5, 6.06218, 1
18, 6.9282, 1
18.5, 7.79423, 1
19, 8.66025, 1
19.5, 9.52628, 1
20, 10.3923, 1
20.5, 11.2583, 1
21, 12.1244, 1
21.5, 12.9904, 1
22, 13.8564, 1
22.5, 14.7224, 1
23, 15.5885, 1
23.5, 16.4545, 1
24, 17.3205, 1
24.5, 18.1865, 1
25, 19.0526, 1
25.5, 19.9186, 1
26, 20.7846, 1
26.5, 21.6506, 1
27, 22.5167, 1
27.5, 23.3827, 1
28, 24.2487, 1
28.5, 25.1147, 1
29, 25.9808, 1
29.5, 26.8468, 1
30, 27.7128, 1
30.5, 28.5788, 1
31, 29.4449, 1
31.5, 30.3109, 1
32, 31.1769, 1
32.5, 32.0429, 1
33, 32.909, 1
33.5, 33.775, 1
34, 34.641, 1
34.5, 35.507, 1
35, 36.3731, 1
35.5, 37.2391, 1
36, 38.1051, 1
36.5, 38.9711, 1
37, 39.8372, 1
37.5, 40.7032, 1
38, 41.5692, 1
38.5, 42.4352, 1
39, 43.3013, 1
39.5, 44.1673, 1
40, 45.0333, 1
40.5, 45.8993, 1
41, 46.7654, 1
41.5, 47.6314, 1
42, 48.4974, 1
42.5, 49.3634, 1
43, 50.2295, 1
43.5, 51.0955, 1
15, 0, -1
15.5, 0.866025, -1
16, 1.73205, -1
16.5, 2.59808, -1
17, 3.4641, -1
17.5, 4.33013, -1
18, 5.19615, -1
18.5, 6.06218, -1
19, 6.9282, -1
19.5, 7.79423, -1
20, 8.66025, -1
20.5, 9.52628, -1
21, 10.3923, -1
21.5, 11.2583, -1
22, 12.1244, -1
22.5, 12.9904, -1
23, 13.8564, -1
23.5, 14.7224, -1
24, 15.5885, -1
24.5, 16.4545, -1
25, 17.3205, -1
25.5, 18.1865, -1
26, 19.0526, -1
26.5, 19.9186, -1
27, 20.7846, -1
27.5, 21.6506, -1
28, 22.5167, -1
28.5, 23.3827, -1
29, 24.2487, -1
29.5, 25.1147, -1
30, 25.9808, -1
30.5, 26.8468, -1
31, 27.7128, -1
31.5, 28.5788, -1
32, 29.4449, -1
32.5, 30.3109, -1
33, 31.1769, -1
33.5, 32.0429, -1
34, 32.909, -1
34.5, 33.775, -1
35, 34.641, -1
35.5, 35.507, -1
36, 36.3731, -1
36.5, 37.2391, -1
37, 38.1051, -1
37.5, 38.9711, -1
38, 39.8372, -1
38.5, 40.7032, -1
39, 41.5692, -1
39.5, 42.4352, -1
40, 43.3013, -1
40.5, 44.1673, -1
41, 45.0333, -1
41.5, 45.8993, -1
42, 46.7654, -1
42.5, 47.6314, -1
43, 48.4974, -1
43.5, 49.3634, -1
44, 50.2295, -1
44.5, 51.0955, -1
16, 0, -1
16.5, 0.866025, -1
17, 1.73205, -1
17.5, 2.59808, -1
18, 3.4641, -1
18.5, 4.33013, -1
19, 5.19615, -1
19.5, 6.06218, -1
20, 6.9282, -1
20.5, 7.79423, -1
21, 8.66025, -1
21.5, 9.52628, -1
22, 10.3923, -1
22.5, 11.2583, -1
23, 12.1244, -1
23.5, 12.9904, -1
24, 13.8564, -1
24.5, 14.7224, -1
25, 15.5885, -1
25.5, 16.4545, -1
26, 17.3205, -1
26.5, 18.1865, -1
27, 19.0526, -1
27.5, 19.9186, -1
28, 20.7846, -1
28.5, 21.6506, -1
29, 22.5167, -1
29.5, 23.3827, -1
30, 24.2487, -1
30.5, 25.1147, -1
31, 25.9808, -1
31.5, 26.8468, -1
32, 27.7128, -1
32.5, 28.5788, -1
33, 29.4449, -1
33.5, 30.3109, -1
34, 31.1769, -1
34.5, 32.0429, -1
35, 32.909, -1
35.5, 33.775, -1
36, 34.641, -1
36.5, 35.507, -1
37, 36.3731, -1
37.5, 37.2391, -1
38, 38.1051, -1
38.5, 38.9711, -1
39, 39.8372, -1
39.5, 40.7032, -1
40, 41.5692, -1
40.5, 42.4352, -1
41, 43.3013, -1
41.5, 44.1673, -1
42, 45.0333, -1
42.5, 45.8993, -1
43, 46.7654, -1
43.5, 47.6314, -1
44, 48.4974, -1
44.5, 49.3634, -1
45, 50.2295, -1
45.5, 51.0955, -1
17, 0, -1
17.5, 0.866025, -1
18, 1.73205, -1
18.5, 2.59808, -1
19, 3.4641, -1
19.5, 4.33013, -1
20, 5.19615, -1
20.5, 6.06218, -1
21, 6.9282, -1
21.5, 7.79423, -1
22, 8.66025, -1
22.5, 9.52628, -1
23, 10.3923, -1
23.5, 11.2583, -1
24, 12.1244, -1
24.5, 12.9904, -1
25, 13.8564, -1
25.5, 14.7224, -1
26, 15.5885, -1
26.5, 16.4545, -1
27, 17.3205, -1
27.5, 18.1865, -1
28, 19.0526, -1
28.5, 19.9186, -1
29, 20.7846, -1
29.5, 21.6506, -1
30, 22.5167, -1
30.5, 23.3827, -1
31, 24.2487, -1
31.5, 25.1147, -1
32, 25.9808, -1
32.5, 26.8468, -1
33, 27.7128, -1
33.5, 28.5788, -1
34, 29.4449, -1
34.5, 30.3109, -1
35, 31.1769, -1
35.5, 32.0429, -1
36, 32.909, -1
36.5, 33.775, -1
37, 34.641, -1
37.5, 35.507, -1
38, 36.3731, -1
38.5, 37.2391, -1
39, 38.1051, -1
39.5, 38.9711, -1
40, 39.8372, -1
40.5, 40.7032, -1
41, 41.5692, -1
41.5, 42.4352, -1
42, 43.3013, -1
42.5, 44.1673, -1
43, 45.0333, -1
43.5, 45.8993, -1
44, 46.7654, -1
44.5, 47.6314, -1
45, 48.4974, -1
45.5, 49.3634, -1
46, 50.2295, -1
46.5, 51.0955, -1
18, 0, 1
18.5, 0.866025, 1
19, 1.73205, 1
19.5, 2.59808, 1
20, 3.4641, 1
20.5, 4.33013, 1
21, 5.19615, 1
21.5, 6.06218, 1
22, 6.9282, 1
22.5, 7.79423, 1
23, 8.66025, 1
23.5, 9.52628, 1
24, 10.3923, 1
24.5, 11.2583, 1
25, 12.1244, 1
25.5, 12.9904, 1
26, 13.8564, 1
26.5, 14.7224, 1
27, 15.5885, 1
27.5, 16.4545, 1
28, 17.3205, 1
28.5, 18.1865, 1
29, 19.0526, 1
29.5, 19.9186, 1
30, 20.7846, 1
30.5, 21.6506, 1
31, 22.5167, 1
31.5, 23.3827, 1
32, 24.2487, 1
32.5, 25.1147, 1
33, 25.9808, 1
33.5, 26.8468, 1
34, 27.7128, 1
34.5, 28.5788, 1
35, 29.4449, 1
35.5, 30.3109, 1
36, 31.1769, 1
36.5, 32.0429, 1
37, 32.909, 1
37.5, 33.775, 1
38, 34.641, 1
38.5, 35.507, 1
39, 36.3731, 1
39.5, 37.2391, 1
40, 38.1051, 1
40.5, 38.9711, 1
41, 39.8372, 1
41.5, 40.7032, 1
42, 41.5692, 1
42.5, 42.4352, 1
43, 43.3013, 1
43.5, 44.1673, 1
44, 45.0333, 1
44.5, 45.8993, 1
45, 46.7654, 1
45.5, 47.6314, 1
46, 48.4974, 1
46.5, 49.3634, 1
47, 50.2295, 1
47.5, 51.0955, 1
19, 0, 1
19.5, 0.866025, 1
20, 1.73205, 1
20.5, 2.59808, 1
21, 3.4641, 1
21.5, 4.33013, 1
22, 5.19615, 1
22.5, 6.06218, 1
23, 6.9282, 1
23.5, 7.79423, 1
24, 8.66025, 1
24.5, 9.52628, 1
25, 10.3923, 1
25.5, 11.2583, 1
26, 12.1244, 1
26.5, 12.9904, 1
27, 13.8564, 1
27.5, 14.7224, 1
28, 15.5885, 1
28.5, 16.4545, 1
29, 17.3205, 1
29.5, 18.1865, 1
30, 19.0526, 1
30.5, 19.9186, 1
31, 20.7846, 1
31.5, 21.6506, 1
32, 22.5167, 1
32.5, 23.3827, 1
33, 24.2487, 1
33.5, 25.1147, 1
34, 25.9808, 1
34.5, 26.8468, 1
35, 27.7128, 1
35.5, 28.5788, 1
36, 29.4449, 1
36.5, 30.3109, 1
37, 31.1769, 1
37.5, 32.0429, 1
38, 32.909, 1
38.5, 33.775, 1
39, 34.641, 1
39.5, 35.507, 1
40, 36.3731, 1
40.5, 37.2391, 1
41, 38.1051, 1
41.5, 38.9711, 1
42, 39.8372, 1
42.5, 40.7032, 1
43, 41.5692, 1
43.5, 42.4352, 1
44, 43.3013, 1
44.5, 44.1673, 1
45, 45.0333, 1
45.5, 45.8993, 1
46, 46.7654, 1
46.5, 47.6314, 1
47, 48.4974, 1
47.5, 49.3634, 1
48, 50.2295, 1
48.5, 51.0955, 1
20, 0, 1
20.5, 0.866025, 1
21, 1.73205, 1
21.5, 2.59808, 1
22, 3.4641, 1
22.5, 4.33013, 1
23, 5.19615, 1
23.5, 6.06218, 1
24, 6.9282, 1
24.5, 7.79423, 1
25, 8.66025, 1
25.5, 9.52628, 1
26, 10.3923, 1
26.5, 11.2583, 1
27, 12.1244, 1
27.5, 12.9904, 1
28, 13.8564, 1
28.5, 14.7224, 1
29, 15.5885, 1
29.5, 16.4545, 1
30, 17.3205, 1
30.5, 18.1865, 1
31, 19.0526, 1
31.5, 19.9186, 1
32, 20.7846, 1
32.5, 21.6506, 1
33, 22.5167, 1
33.5, 23.3827, 1
34, 24.2487, 1
34.5, 25.1147, 1
35, 25.9808, 1
35.5, 26.8468, 1
36, 27.7128, 1
36.5, 28.5788, 1
37, 29.4449, 1
37.5, 30.3109, 1
38, 31.1769, 1
38.5, 32.0429, 1
39, 32.909, 1
39.5, 33.775, 1
40, 34.641, 1
40.5, 35.507, 1
41, 36.3731, 1
41.5, 37.2391, 1
42, 38.1051, 1
42.5, 38.9711, 1
43, 39.8372, 1
43.5, 40.7032, 1
44, 41.5692, 1
44.5, 42.4352, 1
45, 43.3013, 1
45.5, 44.1673, 1
46, 45.0333, 1
46.5, 45.8993, 1
47, 46.7654, 1
47.5, 47.6314, 1
48, 48.4974, 1
48.5, 49.3634, 1
49, 50.2295, 1
49.5, 51.0955, 1
21, 0, -1
21.5, 0.866025, -1
22, 1.73205, -1
22.5, 2.59808, -1
23, 3.4641, -1
23.5, 4.33013, -1
24, 5.19615, -1
24.5, 6.06218, -1
25, 6.9282, -1
25.5, 7.79423, -1
26, 8.66025, -1
26.5, 9.52628, -1
27, 10.3923, -1
27.5, 11.2583, -1
28, 12.1244, -1
28.5, 12.9904, -1
29, 13.8564, -1
29.5, 14.7224, -1
30, 15.5885, -1
30.5, 16.4545, -1
31, 17.3205, -1
31.5, 18.1865, -1
32, 19.0526, -1
32.5, 19.9186, -1
33, 20.7846, -1
33.5, 21.6506, -1
34, 22.5167, -1
34.5, 23.3827, -1
35, 24.2487, -1
35.5, 25.1147, -1
36, 25.9808, -1
36.5, 26.8468, -1
37, 27.7128, -1
37.5, 28.5788, -1
38, 29.4449, -1
38.5, 30.3109, -1
39, 31.1769, -1
39.5, 32.0429, -1
40, 32.909, -1
40.5, 33.775, -1
41, 34.641, -1
41.5, 35.507, -1
42, 36.3731, -1
42.5, 37.2391, -1
43, 38.1051, -1
43.5, 38.9711, -1
44, 39.8372, -1
44.5, 40.7032, -1
45, 41.5692, -1
45.5, 42.4352, -1
46, 43.3013, -1
46.5, 44.1673, -1
47, 45.0333, -1
47.5, 45.8993, -1
48, 46.7654, -1
48.5, 47.6314, -1
49, 48.4974, -1
49.5, 49.3634, -1
50, 50.2295, -1
50.5, 51.0955, -1
22, 0, -1
22.5, 0.866025, -1
23, 1.73205, -1
23.5, 2.59808, -1
24, 3.4641, -1
24.5, 4.33013, -1
25, 5.19615, -1
25.5, 6.06218, -1
26, 6.9282, -1
26.5, 7.79423, -1
27, 8.66025, -1
27.5, 9.52628, -1
28, 10.3923, -1
28.5, 11.2583, -1
29, 12.1244, -1
29.5, 12.9904, -1
30, 13.8564, -1
30.5, 14.7224, -1
31, 15.5885, -1
31.5, 16.4545, -1
32, 17.3205, -1
32.5, 18.1865, -1
33, 19.0526, -1
33.5, 19.9186, -1
34, 20.7846, -1
34.5, 21.6506, -1
35, 22.5167, -1
35.5, 23.3827, -1
36, 24.2487, -1
36.5, 25.1147, -1
37, 25.9808, -1
37.5, 26.8468, -1
38, 27.7128, -1
38.5, 28.5788, -1
39, 29.4449, -1
39.5, 30.3109, -1
40, 31.1769, -1
40.5, 32.0429, -1
41, 32.909, -1
41.5, 33.775, -1
42, 34.641, -1
42.5, 35.507, -1
43, 36.3731, -1
43.5, 37.2391, -1
44, 38.1051, -1
44.5, 38.9711, -1
45, 39.8372, -1
45.5, 40.7032, -1
46, 41.5692, -1
46.5, 42.4352, -1
47, 43.3013, -1
47.5, 44.1673, -1
48, 45.0333, -1
48.5, 45.8993, -1
49, 46.7654, -1
49.5, 47.6314, -1
50, 48.4974, -1
50.5, 49.3634, -1
51, 50.2295, -1
51.5, 51.0955, -1
23, 0, -1
23.5, 0.866025, -1
24, 1.73205, -1
24.5, 2.59808, -1
25, 3.4641, -1
25.5, 4.33013, -1
26, 5.19615, -1
26.5, 6.06218, -1
27, 6.9282, -1
27.5, 7.79423, -1
28, 8.66025, -1
28.5, 9.52628, -1
29, 10.3923, -1
29.5, 11.2583, -1
30, 12.1244, -1
30.5, 12.9904, -1
31, 13.8564, -1
31.5, 14.7224, -1
32, 15.5885, -1
32.5, 16.4545, -1
33, 17.3205, -1
33.5, 18.1865, -1
34, 19.0526, -1
34.5, 19.9186, -1
35, 20.7846, -1
35.5, 21.6506, -1
36, 22.5167, -1
36.5, 23.3827, -1
37, 24.2487, -1
37.5, 25.1147, -1
38, 25.9808, -1
38.5, 26.8468, -1
39, 27.7128, -1
39.5, 28.5788, -1
40, 29.4449, -1
40.5, 30.3109, -1
41, 31.1769, -1
41.5, 32.0429, -1
42, 32.909, -1
42.5, 33.775, -1
43, 34.641, -1
43.5, 35.507, -1
44, 36.3731, -1
44.5, 37.2391, -1
45, 38.1051, -1
45.5, 38.9711, -1
46, 39.8372, -1
46.5, 40.7032, -1
47, 41.5692, -1
47.5, 42.4352, -1
48, 43.3013, -1
48.5, 44.1673, -1
49, 45.0333, -1
49.5, 45.8993, -1
50, 46.7654, -1
50.5, 47.6314, -1
51, 48.4974, -1
51.5, 49.3634, -1
52, 50.2295, -1
52.5, 51.0955, -1
24, 0, 1
24.5, 0.866025, 1
25, 1.73205, 1
25.5, 2.59808, 1
26, 3.4641, 1
26.5, 4.33013, 1
27, 5.19615, 1
27.5, 6.06218, 1
28, 6.9282, 1
28.5, 7.79423, 1
29, 8.66025, 1
29.5, 9.52628, 1
30, 10.3923, 1
30.5, 11.2583, 1
31, 12.1244, 1
31.5, 12.9904, 1
32, 13.8564, 1
32.5, 14.7224, 1
33, 15.5885, 1
33.5, 16.4545, 1
34, 17.3205, 1
34.5, 18.1865, 1
35, 19.0526, 1
35.5, 19.9186, 1
36, 20.7846, 1
36.5, 21.6506, 1
37, 22.5167, 1
37.5, 23.3827, 1
38, 24.2487, 1
38.5, 25.1147, 1
39, 25.9808, 1
39.5, 26.8468, 1
40, 27.7128, 1
40.5, 28.5788, 1
41, 29.4449, 1
41.5, 30.3109, 1
42, 31.1769, 1
42.5, 32.0429, 1
43, 32.909, 1
43.5, 33.775, 1
44, 34.641, 1
44.5, 35.507, 1
45, 36.3731, 1
45.5, 37.2391, 1
46, 38.1051, 1
46.5, 38.9711, 1
47, 39.8372, 1
47.5, 40.7032, 1
48, 41.5692, 1
48.5, 42.4352, 1
49, 43.3013, 1
49.5, 44.1673, 1
50, 45.0333, 1
50.5, 45.8993, 1
51, 46.7654, 1
51.5, 47.6314, 1
52, 48.4974, 1
52.5, 49.3634, 1
53, 50.2295, 1
53.5, 51.0955, 1
25, 0, 1
25.5, 0.866025, 1
26, 1.73205, 1
26.5, 2.59808, 1
27, 3.4641, 1
27.5, 4.33013, 1
28, 5.19615, 1
28.5, 6.06218, 1
29, 6.9282, 1
29.5, 7.79423, 1
30, 8.66025, 1
30.5, 9.52628, 1
31, 10.3923, 1
31.5, 11.2583, 1
32, 12.1244, 1
32.5, 12.9904, 1
33, 13.8564, 1
33.5, 14.7224, 1
34, 15.5885, 1
34.5, 16.4545, 1
35, 17.3205, 1
35.5, 18.1865, 1
36, 19.0526, 1
36.5, 19.9186, 1
37, 20.7846, 1
37.5, 21.6506, 1
38, 22.5167, 1
38.5, 23.3827, 1
39, 24.2487, 1
39.5, 25.1147, 1
40, 25.9808, 1
40.5, 26.8468, 1
41, 27.7128, 1
41.5, 28.5788, 1
42, 29.4449, 1
42.5, 30.3109, 1
43, 31.1769, 1
43.5, 32.0429, 1
44, 32.909, 1
44.5, 33.775, 1
45, 34.641, 1
45.5, 35.507, 1
46, 36.3731, 1
46.5, 37.2391, 1
47, 38.1051, 1
47.5, 38.9711, 1
48, 39.8372, 1
48.5, 40.7032, 1
49, 41.5692, 1
49.5, 42.4352, 1
50, 43.3013, 1
50.5, 44.1673, 1
51, 45.0333, 1
51.5, 45.8993, 1
52, 46.7654, 1
52.5, 47.6314, 1
53, 48.4974, 1
53.5, 49.3634, 1
54, 50.2295, 1
54.5, 51.0955, 1
26, 0, 1
26.5, 0.866025, 1
27, 1.73205, 1
27.5, 2.59808, 1
28, 3.4641, 1
28.5, 4.33013, 1
29, 5.19615, 1
29.5, 6.06218, 1
30, 6.9282, 1
30.5, 7.79423, 1
31, 8.66025, 1
31.5, 9.52628, 1
32, 10.3923, 1
32.5, 11.2583, 1
33, 12.1244, 1
33.5, 12.9904, 1
34, 13.8564, 1
34.5, 14.7224, 1
35, 15.5885, 1
35.5, 16.4545, 1
36, 17.3205, 1
36.5, 18.1865, 1
37, 19.0526, 1
37.5, 19.9186, 1
38, 20.7846, 1
38.5, 21.6506, 1
39, 22.5167, 1
39.5, 23.3827, 1
40, 24.2487, 1
40.5, 25.1147, 1
41, 25.9808, 1
41.5, 26.8468, 1
42, 27.7128, 1
42.5, 28.5788, 1
43, 29.4449, 1
43.5, 30.3109, 1
44, 31.1769, 1
44.5, 32.0429, 1
45, 32.909, 1
45.5, 33.775, 1
46, 34.641, 1
46.5, 35.507, 1
47, 36.3731, 1
47.5, 37.2391, 1
48, 38.1051, 1
48.5, 38.9711, 1
49, 39.8372, 1
49.5, 40.7032, 1
50, 41.5692, 1
50.5, 42.4352, 1
51, 43.3013, 1
51.5, 44.1673, 1
52, 45.0333, 1
52.5, 45.8993, 1
53, 46.7654, 1
53.5, 47.6314, 1
54, 48.4974, 1
54.5, 49.3634, 1
55, 50.2295, 1
55.5, 51.0955, 1
27, 0, -1
27.5, 0.866025, -1
28, 1.73205, -1
28.5, 2.59808, -1
29, 3.4641, -1
29.5, 4.33013, -1
30, 5.19615, -1
30.5, 6.06218, -1
31, 6.9282, -1
31.5, 7.79423, -1
32, 8.66025, -1
32.5, 9.52628, -1
33, 10.3923, -1
33.5, 11.2583, -1
34, 12.1244, -1
34.5, 12.9904, -1
35, 13.8564, -1
35.5, 14.7224, -1
36, 15.5885, -1
36.5, 16.4545, -1
37, 17.3205, -1
37.5, 18.1865, -1
38, 19.0526, -1
38.5, 19.9186, -1
39, 20.7846, -1
39.5, 21.6506, -1
40, 22.5167, -1
40.5, 23.3827, -1
41, 24.2487, -1
41.5, 25.1147, -1
42, 25.9808, -1
42.5, 26.8468, -1
43, 27.7128, -1
43.5, 28.5788, -1
44, 29.4449, -1
44.5, 30.3109, -1
45, 31.1769, -1
45.5, 32.0429, -1
46, 32.909, -1
46.5, 33.775, -1
47, 34.641, -1
47.5, 35.507, -1
48, 36.3731, -1
48.5, 37.2391, -1
49, 38.1051, -1
49.5, 38.9711, -1
50, 39.8372, -1
50.5, 40.7032, -1
51, 41.5692, -1
51.5, 42.4352, -1
52, 43.3013, -1
52.5, 44.1673, -1
53, 45.0333, -1
53.5, 45.8993, -1
54, 46.7654, -1
54.5, 47.6314, -1
55, 48.4974, -1
55.5, 49.3634, -1
56, 50.2295, -1
56.5, 51.0955, -1
28, 0, -1
28.5, 0.866025, -1
29, 1.73205, -1
29.5, 2.59808, -1
30, 3.4641, -1
30.5, 4.33013, -1
31, 5.19615, -1
31.5, 6.06218, -1
32, 6.9282, -1
32.5, 7.79423, -1
33, 8.66025, -1
33.5, 9.52628, -1
34, 10.3923, -1
34.5, 11.2583, -1
35, 12.1244, -1
35.5, 12.9904, -1
36, 13.8564, -1
36.5, 14.7224, -1
37, 15.5885, -1
37.5, 16.4545, -1
38, 17.3205, -1
38.5, 18.1865, -1
39, 19.0526, -1
39.5, 19.9186, -1
40, 20.7846, -1
40.5, 21.6506, -1
41, 22.5167, -1
41.5, 23.3827, -1
42, 24.2487, -1
42.5, 25.1147, -1
43, 25.9808, -1
43.5, 26.8468, -1
44, 27.7128, -1
44.5, 28.5788, -1
45, 29.4449, -1
45.5, 30.3109, -1
46, 31.1769, -1
46.5, 32.0429, -1
47, 32.909, -1
47.5, 33.775, -1
48, 34.641, -1
48.5, 35.507, -1
49, 36.3731, -1
49.5, 37.2391, -1
50, 38.1051, -1
50.5, 38.9711, -1
51, 39.8372, -1
51.5, 40.7032, -1
52, 41.5692, -1
52.5, 42.4352, -1
53, 43.3013, -1
53.5, 44.1673, -1
54, 45.0333, -1
54.5, 45.8993, -1
55, 46.7654, -1
55.5, 47.6314, -1
56, 48.4974, -1
56.5, 49.3634, -1
57, 50.2295, -1
57.5, 51.0955, -1
29, 0, -1
29.5, 0.866025, -1
30, 1.73205, -1
30.5, 2.59808, -1
31, 3.4641, -1
31.5, 4.33013, -1
32, 5.19615, -1
32.5, 6.06218, -1
33, 6.9282, -1
33.5, 7.79423, -1
34, 8.66025, -1
34.5, 9.52628, -1
35, 10.3923, -1
35.5, 11.2583, -1
36, 12.1244, -1
36.5, 12.9904, -1
37, 13.8564, -1
37.5, 14.7224, -1
38, 15.5885, -1
38.5, 16.4545, -1
39, 17.3205, -1
39.5, 18.1865, -1
40, 19.0526, -1
40.5, 19.9186, -1
41, 20.7846, -1
41.5, 21.6506, -1
42, 22.5167, -1
42.5, 23.3827, -1
43, 24.2487, -1
43.5, 25.1147, -1
44, 25.9808, -1
44.5, 26.8468, -1
45, 27.7128, -1
45.5, 28.5788, -1
46, 29.4449, -1
46.5, 30.3109, -1
47, 31.1769, -1
47.5, 32.0429, -1
48, 32.909, -1
48.5, 33.775, -1
49, 34.641, -1
49.5, 35.507, -1
50, 36.3731, -1
50.5, 37.2391, -1
51, 38.1051, -1
51.5, 38.9711, -1
52, 39.8372, -1
52.5, 40.7032, -1
53, 41.5692, -1
53.5, 42.4352, -1
54, 43.3013, -1
54.5, 44.1673, -1
55, 45.0333, -1
55.5, 45.8993, -1
56, 46.7654, -1
56.5, 47.6314, -1
57, 48.4974, -1
57.5, 49.3634, -1
58, 50.2295, -1
58.5, 51.0955, -1
30, 0, 1
30.5, 0.866025, 1
31, 1.73205, 1
31.5, 2.59808, 1
32, 3.4641, 1
32.5, 4.33013, 1
33, 5.19615, 1
33.5, 6.06218, 1
34, 6.9282, 1
34.5, 7.79423, 1
35, 8.66025, 1
35.5, 9.52628, 1
36, 10.3923, 1
36.5, 11.2583, 1
37, 12.1244, 1
37.5, 12.9904, 1
38, 13.8564, 1
38.5, 14.7224, 1
39, 15.5885, 1
39.5, 16.4545, 1
40, 17.3205, 1
40.5, 18.1865, 1
41, 19.0526, 1
41.5, 19.9186, 1
42, 20.7846, 1
42.5, 21.6506, 1
43, 22.5167, 1
43.5, 23.3827, 1
44, 24.2487, 1
44.5, 25.1147, 1
45, 25.9808, 1
45.5, 26.8468, 1
46, 27.7128, 1
46.5, 28.5788, 1
47, 29.4449, 1
47.5, 30.3109, 1
48, 31.1769, 1
48.5, 32.0429, 1
49, 32.909, 1
49.5, 33.775, 1
50, 34.641, 1
50.5, 35.507, 1
51, 36.3731, 1
51.5, 37.2391, 1
52, 38.1051, 1
52.5, 38.9711, 1
53, 39.8372, 1
53.5, 40.7032, 1
54, 41.5692, 1
54.5, 42.4352, 1
55, 43.3013, 1
55.5, 44.1673, 1
56, 45.0333, 1
56.5, 45.8993, 1
57, 46.7654, 1
57.5, 47.6314, 1
58, 48.4974, 1
58.5, 49.3634, 1
59, 50.2295, 1
59.5, 51.0955, 1
31, 0, 1
31.5, 0.866025, 1
32, 1.73205, 1
32.5, 2.59808, 1
33, 3.4641, 1
33.5, 4.33013, 1
34, 5.19615, 1
34.5, 6.06218, 1
35, 6.9282, 1
35.5, 7.79423, 1
36, 8.66025, 1
36.5, 9.52628, 1
37, 10.3923, 1
37.5, 11.2583, 1
38, 12.1244, 1
38.5, 12.9904, 1
39, 13.8564, 1
39.5, 14.7224, 1
40, 15.5885, 1
40.5, 16.4545, 1
41, 17.3205, 1
41.5, 18.1865, 1
42, 19.0526, 1
42.5, 19.9186, 1
43, 20.7846, 1
43.5, 21.6506, 1
44, 22.5167, 1
44.5, 23.3827, 1
45, 24.2487, 1
45.5, 25.1147, 1
46, 25.9808, 1
46.5, 26.8468, 1
47, 27.7128, 1
47.5, 28.5788, 1
48, 29.4449, 1
48.5, 30.3109, 1
49, 31.1769, 1
49.5, 32.0429, 1
50, 32.909, 1
50.5, 33.775, 1
51, 34.641, 1
51.5, 35.507, 1
52, 36.3731, 1
52.5, 37.2391, 1
53, 38.1051, 1
53.5, 38.9711, 1
54, 39.8372, 1
54.5, 40.7032, 1
55, 41.5692, 1
55.5, 42.4352, 1
56, 43.3013, 1
56.5, 44.1673, 1
57, 45.0333, 1
57.5, 45.8993, 1
58, 46.7654, 1
58.5, 47.6314, 1
59, 48.4974, 1
59.5, 49.3634, 1
60, 50.2295, 1
60.5, 51.0955, 1
32, 0, 1
32.5, 0.866025, 1
33, 1.73205, 1
33.5, 2.59808, 1
34, 3.4641, 1
34.5, 4.33013, 1
35, 5.19615, 1
35.5, 6.06218, 1
36, 6.9282, 1
36.5, 7.79423, 1
37, 8.66025, 1
37.5, 9.52628, 1
38, 10.3923, 1
38.5, 11.2583, 1
39, 12.1244, 1
39.5, 12.9904, 1
40, 13.8564, 1
40.5, 14.7224, 1
41, 15.5885, 1
41.5, 16.4545, 1
42, 17.3205, 1
42.5, 18.1865, 1
43, 19.0526, 1
43.5, 19.9186, 1
44, 20.7846, 1
44.5, 21.6506, 1
45, 22.5167, 1
45.5, 23.3827, 1
46, 24.2487, 1
46.5, 25.1147, 1
47, 25.9808, 1
47.5, 26.8468, 1
48, 27.7128, 1
48.5, 28.5788, 1
49, 29.4449, 1
49.5, 30.3109, 1
50, 31.1769, 1
50.5, 32.0429, 1
51, 32.909, 1
51.5, 33.775, 1
52, 34.641, 1
52.5, 35.507, 1
53, 36.3731, 1
53.5, 37.2391, 1
54, 38.1051, 1
54.5, 38.9711, 1
55, 39.8372, 1
55.5, 40.7032, 1
56, 41.5692, 1
56.5, 42.4352, 1
57, 43.3013, 1
57.5, 44.1673, 1
58, 45.0333, 1
58.5, 45.8993, 1
59, 46.7654, 1
59.5, 47.6314, 1
60, 48.4974, 1
60.5, 49.3634, 1
61, 50.2295, 1
61.5, 51.0955, 1
33, 0, -1
33.5, 0.866025, -1
34, 1.73205, -1
34.5, 2.59808, -1
35, 3.4641, -1
35.5, 4.33013, -1
36, 5.19615, -1
36.5, 6.06218, -1
37, 6.9282, -1
37.5, 7.79423, -1
38, 8.66025, -1
38.5, 9.52628, -1
39, 10.3923, -1
39.5, 11.2583, -1
40, 12.1244, -1
40.5, 12.9904, -1
41, 13.8564, -1
41.5, 14.7224, -1
42, 15.5885, -1
42.5, 16.4545, -1
43, 17.3205, -1
43.5, 18.1865, -1
44, 19.0526, -1
44.5, 19.9186, -1
45, 20.7846, -1
45.5, 21.6506, -1
46, 22.5167, -1
46.5, 23.3827, -1
47, 24.2487, -1
47.5, 25.1147, -1
48, 25.9808, -1
48.5, 26.8468, -1
49, 27.7128, -1
49.5, 28.5788, -1
50, 29.4449, -1
50.5, 30.3109, -1
51, 31.1769, -1
51.5, 32.0429, -1
52, 32.909, -1
52.5, 33.775, -1
53, 34.641, -1
53.5, 35.507, -1
54, 36.3731, -1
54.5, 37.2391, -1
55, 38.1051, -1
55.5, 38.9711, -1
56, 39.8372, -1
56.5, 40.7032, -1
57, 41.5692, -1
57.5, 42.4352, -1
58, 43.3013, -1
58.5, 44.1673, -1
59, 45.0333, -1
59.5, 45.8993, -1
60, 46.7654, -1
60.5, 47.6314, -1
61, 48.4974, -1
61.5, 49.3634, -1
62, 50.2295, -1
62.5, 51.0955, -1
34, 0, -1
34.5, 0.866025, -1
35, 1.73205, -1
35.5, 2.59808, -1
36, 3.4641, -1
36.5, 4.33013, -1
37, 5.19615, -1
37.5, 6.06218, -1
38, 6.9282, -1
38.5, 7.79423, -1
39, 8.66025, -1
39.5, 9.52628, -1
40, 10.3923, -1
40.5, 11.2583, -1
41, 12.1244, -1
41.5, 12.9904, -1
42, 13.8564, -1
42.5, 14.7224, -1
43, 15.5885, -1
43.5, 16.4545, -1
44, 17.3205, -1
44.5, 18.1865, -1
45, 19.0526, -1
45.5, 19.9186, -1
46, 20.7846, -1
46.5, 21.6506, -1
47, 22.5167, -1
47.5, 23.3827, -1
48, 24.2487, -1
48.5, 25.1147, -1
49, 25.9808, -1
49.5, 26.8468, -1
50, 27.7128, -1
50.5, 28.5788, -1
51, 29.4449, -1
51.5, 30.3109, -1
52, 31.1769, -1
52.5, 32.0429, -1
53, 32.909, -1
53.5, 33.775, -1
54, 34.641, -1
54.5, 35.507, -1
55, 36.3731, -1
55.5, 37.2391, -1
56, 38.1051, -1
56.5, 38.9711, -1
57, 39.8372, -1
57.5, 40.7032, -1
58, 41.5692, -1
58.5, 42.4352, -1
59, 43.3013, -1
59.5, 44.1673, -1
60, 45.0333, -1
60.5, 45.8993, -1
61, 46.7654, -1
61.5, 47.6314, -1
62, 48.4974, -1
62.5, 49.3634, -1
63, 50.2295, -1
63.5, 51.0955, -1
35, 0, -1
35.5, 0.866025, -1
36, 1.73205, -1
36.5, 2.59808, -1
37, 3.4641, -1
37.5, 4.33013, -1
38, 5.19615, -1
38.5, 6.06218, -1
39, 6.9282, -1
39.5, 7.79423, -1
40, 8.66025, -1
40.5, 9.52628, -1
41, 10.3923, -1
41.5, 11.2583, -1
42, 12.1244, -1
42.5, 12.9904, -1
43, 13.8564, -1
43.5, 14.7224, -1
44, 15.5885, -1
44.5, 16.4545, -1
45, 17.3205, -1
45.5, 18.1865, -1
46, 19.0526, -1
46.5, 19.9186, -1
47, 20.7846, -1
47.5, 21.6506, -1
48, 22.5167, -1
48.5, 23.3827, -1
49, 24.2487, -1
49.5, 25.1147, -1
50, 25.9808, -1
50.5, 26.8468, -1
51, 27.7128, -1
51.5, 28.5788, -1
52, 29.4449, -1
52.5, 30.3109, -1
53, 31.1769, -1
53.5, 32.0429, -1
54, 32.909, -1
54.5, 33.775, -1
55, 34.641, -1
55.5, 35.507, -1
56, 36.3731, -1
56.5, 37.2391, -1
57, 38.1051, -1
57.5, 38.9711, -1
58, 39.8372, -1
58.5, 40.7032, -1
59, 41.5692, -1
59.5, 42.4352, -1
60, 43.3013, -1
60.5, 44.1673, -1
61, 45.0333, -1
61.5, 45.8993, -1
62, 46.7654, -1
62.5, 47.6314, -1
63, 48.4974, -1
63.5, 49.3634, -1
64, 50.2295, -1
64.5, 51.0955, -1
36, 0, 1
36.5, 0.866025, 1
37, 1.73205, 1
37.5, 2.59808, 1
38, 3.4641, 1
38.5, 4.33013, 1
39, 5.19615, 1
39.5, 6.06218, 1
40, 6.9282, 1
40.5, 7.79423, 1
41, 8.66025, 1
41.5, 9.52628, 1
42, 10.3923, 1
42.5, 11.2583, 1
43, 12.1244, 1
43.5, 12.9904, 1
44, 13.8564, 1
44.5, 14.7224, 1
45, 15.5885, 1
45.5, 16.4545, 1
46, 17.3205, 1
46.5, 18.1865, 1
47, 19.0526, 1
47.5, 19.9186, 1
48, 20.7846, 1
48.5, 21.6506, 1
49, 22.5167, 1
49.5, 23.3827, 1
50, 24.2487, 1
50.5, 25.1147, 1
51, 25.9808, 1
51.5, 26.8468, 1
52, 27.7128, 1
52.5, 28.5788, 1
53, 29.4449, 1
53.5, 30.3109, 1
54, 31.1769, 1
54.5, 32.0429, 1
55, 32.909, 1
55.5, 33.775, 1
56, 34.641, 1
56.5, 35.507, 1
57, 36.3731, 1
57.5, 37.2391, 1
58, 38.1051, 1
58.5, 38.9711, 1
59, 39.8372, 1
59.5, 40.7032, 1
60, 41.5692, 1
60.5, 42.4352, 1
61, 43.3013, 1
61.5, 44.1673, 1
62, 45.0333, 1
62.5, 45.8993, 1
63, 46.7654, 1
63.5, 47.6314, 1
64, 48.4974, 1
64.5, 49.3634, 1
65, 50.2295, 1
65.5, 51.0955, 1
37, 0, 1
37.5, 0.866025, 1
38, 1.73205, 1
38.5, 2.59808, 1
39, 3.4641, 1
39.5, 4.33013, 1
40, 5.19615, 1
40.5, 6.06218, 1
41, 6.9282, 1
41.5, 7.79423, 1
42, 8.66025, 1
42.5, 9.52628, 1
43, 10.3923, 1
43.5, 11.2583, 1
44, 12.1244, 1
44.5, 12.9904, 1
45, 13.8564, 1
45.5, 14.7224, 1
46, 15.5885, 1
46.5, 16.4545, 1
47, 17.3205, 1
47.5, 18.1865, 1
48, 19.0526, 1
48.5, 19.9186, 1
49, 20.7846, 1
49.5, 21.6506, 1
50, 22.5167, 1
50.5, 23.3827, 1
51, 24.2487, 1
51.5, 25.1147, 1
52, 25.9808, 1
52.5, 26.8468, 1
53, 27.7128, 1
53.5, 28.5788, 1
54, 29.4449, 1
54.5, 30.3109, 1
55, 31.1769, 1
55.5, 32.0429, 1
56, 32.909, 1
56.5, 33.775, 1
57, 34.641, 1
57.5, 35.507, 1
58, 36.3731, 1
58.5, 37.2391, 1
59, 38.1051, 1
59.5, 38.9711, 1
60, 39.8372, 1
60.5, 40.7032, 1
61, 41.5692, 1
61.5, 42.4352, 1
62, 43.3013, 1
62.5, 44.1673, 1
63, 45.0333, 1
63.5, 45.8993, 1
64, 46.7654, 1
64.5, 47.6314, 1
65, 48.4974, 1
65.5, 49.3634, 1
66, 50.2295, 1
66.5, 51.0955, 1
38, 0, 1
38.5, 0.866025, 1
39, 1.73205, 1
39.5, 2.59808, 1
40, 3.4641, 1
40.5, 4.33013, 1
41, 5.19615, 1
41.5, 6.06218, 1
42, 6.9282, 1
42.5, 7.79423, 1
43, 8.66025, 1
43.5, 9.52628, 1
44, 10.3923, 1
44.5, 11.2583, 1
45, 12.1244, 1
45.5, 12.9904, 1
46, 13.8564, 1
46.5, 14.7224, 1
47, 15.5885, 1
47.5, 16.4545, 1
48, 17.3205, 1
48.5, 18.1865, 1
49, 19.0526, 1
49.5, 19.9186, 1
50, 20.7846, 1
50.5, 21.6506, 1
51, 22.5167, 1
51.5, 23.3827, 1
52, 24.2487, 1
52.5, 25.1147, 1
53, 25.9808, 1
53.5, 26.8468, 1
54, 27.7128, 1
54.5, 28.5788, 1
55, 29.4449, 1
55.5, 30.3109, 1
56, 31.1769, 1
56.5, 32.0429, 1
57, 32.909, 1
57.5, 33.775, 1
58, 34.641, 1
58.5, 35.507, 1
59, 36.3731, 1
59.5, 37.2391, 1
60, 38.1051, 1
60.5, 38.9711, 1
61, 39.8372, 1
61.5, 40.7032, 1
62, 41.5692, 1
62.5, 42.4352, 1
63, 43.3013, 1
63.5, 44.1673, 1
64, 45.0333, 1
64.5, 45.8993, 1
65, 46.7654, 1
65.5, 47.6314, 1
66, 48.4974, 1
66.5, 49.3634, 1
67, 50.2295, 1
67.5, 51.0955, 1
39, 0, -1
39.5, 0.866025, -1
40, 1.73205, -1
40.5, 2.59808, -1
41, 3.4641, -1
41.5, 4.33013, -1
42, 5.19615, -1
42.5, 6.06218, -1
43, 6.9282, -1
43.5, 7.79423, -1
44, 8.66025, -1
44.5, 9.52628, -1
45, 10.3923, -1
45.5, 11.2583, -1
46, 12.1244, -1
46.5, 12.9904, -1
47, 13.8564, -1
47.5, 14.7224, -1
48, 15.5885, -1
48.5, 16.4545, -1
49, 17.3205, -1
49.5, 18.1865, -1
50, 19.0526, -1
50.5, 19.9186, -1
51, 20.7846, -1
51.5, 21.6506, -1
52, 22.5167, -1
52.5, 23.3827, -1
53, 24.2487, -1
53.5, 25.1147, -1
54, 25.9808, -1
54.5, 26.8468, -1
55, 27.7128, -1
55.5, 28.5788, -1
56, 29.4449, -1
56.5, 30.3109, -1
57, 31.1769, -1
57.5, 32.0429, -1
58, 32.909, -1
58.5, 33.775, -1
59, 34.641, -1
59.5, 35.507, -1
60, 36.3731, -1
60.5, 37.2391, -1
61, 38.1051, -1
61.5, 38.9711, -1
62, 39.8372, -1
62.5, 40.7032, -1
63, 41.5692, -1
63.5, 42.4352, -1
64, 43.3013, -1
64.5, 44.1673, -1
65, 45.0333, -1
65.5, 45.8993, -1
66, 46.7654, -1
66.5, 47.6314, -1
67, 48.4974, -1
67.5, 49.3634, -1
68, 50.2295, -1
68.5, 51.0955, -1
40, 0, -1
40.5, 0.866025, -1
41, 1.73205, -1
41.5, 2.59808, -1
42, 3.4641, -1
42.5, 4.33013, -1
43, 5.19615, -1
43.5, 6.06218, -1
44, 6.9282, -1
44.5, 7.79423, -1
45, 8.66025, -1
45.5, 9.52628, -1
46, 10.3923, -1
46.5, 11.2583, -1
47, 12.1244, -1
47.5, 12.9904, -1
48, 13.8564, -1
48.5, 14.7224, -1
49, 15.5885, -1
49.5, 16.4545, -1
50, 17.3205, -1
50.5, 18.1865, -1
51, 19.0526, -1
51.5, 19.9186, -1
52, 20.7846, -1
52.5, 21.6506, -1
53, 22.5167, -1
53.5, 23.3827, -1
54, 24.2487, -1
54.5, 25.1147, -1
55, 25.9808, -1
55.5, 26.8468, -1
56, 27.7128, -1
56.5, 28.5788, -1
57, 29.4449, -1
57.5, 30.3109, -1
58, 31.1769, -1
58.5, 32.0429, -1
59, 32.909, -1
59.5, 33.775, -1
60, 34.641, -1
60.5, 35.507, -1
61, 36.3731, -1
61.5, 37.2391, -1
62, 38.1051, -1
62.5, 38.9711, -1
63, 39.8372, -1
63.5, 40.7032, -1
64, 41.5692, -1
64.5, 42.4352, -1
65, 43.3013, -1
65.5, 44.1673, -1
66, 45.0333, -1
66.5, 45.8993, -1
67, 46.7654, -1
67.5, 47.6314, -1
68, 48.4974, -1
68.5, 49.3634, -1
69, 50.2295, -1
69.5, 51.0955, -1
41, 0, -1
41.5, 0.866025, -1
42, 1.73205, -1
42.5, 2.59808, -1
43, 3.4641, -1
43.5, 4.33013, -1
44, 5.19615, -1
44.5, 6.06218, -1
45, 6.9282, -1
45.5, 7.79423, -1
46, 8.66025, -1
46.5, 9.52628, -1
47, 10.3923, -1
47.5, 11.2583, -1
48, 12.1244, -1
48.5, 12.9904, -1
49, 13.8564, -1
49.5, 14.7224, -1
50, 15.5885, -1
50.5, 16.4545, -1
51, 17.3205, -1
51.5, 18.1865, -1
52, 19.0526, -1
52.5, 19.9186, -1
53, 20.7846, -1
53.5, 21.6506, -1
54, 22.5167, -1
54.5, 23.3827, -1
55, 24.2487, -1
55.5, 25.1147, -1
56, 25.9808, -1
56.5, 26.8468, -1
57, 27.7128, -1
57.5, 28.5788, -1
58, 29.4449, -1
58.5, 30.3109, -1
59, 31.1769, -1
59.5, 32.0429, -1
60, 32.909, -1
60.5, 33.775, -1
61, 34.641, -1
61.5, 35.507, -1
62, 36.3731, -1
62.5, 37.2391, -1
63, 38.1051, -1
63.5, 38.9711, -1
64, 39.8372, -1
64.5, 40.7032, -1
65, 41.5692, -1
65.5, 42.4352, -1
66, 43.3013, -1
66.5, 44.1673, -1
67, 45.0333, -1
67.5, 45.8993, -1
68, 46.7654, -1
68.5, 47.6314, -1
69, 48.4974, -1
69.5, 49.3634, -1
70, 50.2295, -1
70.5, 51.0955, -1
42, 0, 1
42.5, 0.866025, 1
43, 1.73205, 1
43.5, 2.59808, 1
44, 3.4641, 1
44.5, 4.33013, 1
45, 5.19615, 1
45.5, 6.06218, 1
46, 6.9282, 1
46.5, 7.79423, 1
47, 8.66025, 1
47.5, 9.52628, 1
48, 10.3923, 1
48.5, 11.2583, 1
49, 12.1244, 1
49.5, 12.9904, 1
50, 13.8564, 1
50.5, 14.7224, 1
51, 15.5885, 1
51.5, 16.4545, 1
52, 17.3205, 1
52.5, 18.1865, 1
53, 19.0526, 1
53.5, 19.9186, 1
54, 20.7846, 1
54.5, 21.6506, 1
55, 22.5167, 1
55.5, 23.3827, 1
56, 24.2487, 1
56.5, 25.1147, 1
57, 25.9808, 1
57.5, 26.8468, 1
58, 27.7128, 1
58.5, 28.5788, 1
59, 29.4449, 1
59.5, 30.3109, 1
60, 31.1769, 1
60.5, 32.0429, 1
61, 32.909, 1
61.5, 33.775, 1
62, 34.641, 1
62.5, 35.507, 1
63, 36.3731, 1
63.5, 37.2391, 1
64, 38.1051, 1
64.5, 38.9711, 1
65, 39.8372, 1
65.5, 40.7032, 1
66, 41.5692, 1
66.5, 42.4352, 1
67, 43.3013, 1
67.5, 44.1673, 1
68, 45.0333, 1
68.5, 45.8993, 1
69, 46.7654, 1
69.5, 47.6314, 1
70, 48.4974, 1
70.5, 49.3634, 1
71, 50.2295, 1
71.5, 51.0955, 1
43, 0, 1
43.5, 0.866025, 1
44, 1.73205, 1
44.5, 2.59808, 1
45, 3.4641, 1
45.5, 4.33013, 1
46, 5.19615, 1
46.5, 6.06218, 1
47, 6.9282, 1
47.5, 7.79423, 1
48, 8.66025, 1
48.5, 9.52628, 1
49, 10.3923, 1
49.5, 11.2583, 1
50, 12.1244, 1
50.5, 12.9904, 1
51, 13.8564, 1
51.5, 14.7224, 1
52, 15.5885, 1
52.5, 16.4545, 1
53, 17.3205, 1
53.5, 18.1865, 1
54, 19.0526, 1
54.5, 19.9186, 1
55, 20.7846, 1
55.5, 21.6506, 1
56, 22.5167, 1
56.5, 23.3827, 1
57, 24.2487, 1
57.5, 25.1147, 1
58, 25.9808, 1
58.5, 26.8468, 1
59, 27.7128, 1
59.5, 28.5788, 1
60, 29.4449, 1
60.5, 30.3109, 1
61, 31.1769, 1
61.5, 32.0429, 1
62, 32.909, 1
62.5, 33.775, 1
63, 34.641, 1
63.5, 35.507, 1
64, 36.3731, 1
64.5, 37.2391, 1
65, 38.1051, 1
65.5, 38.9711, 1
66, 39.8372, 1
66.5, 40.7032, 1
67, 41.5692, 1
67.5, 42.4352, 1
68, 43.3013, 1
68.5, 44.1673, 1
69, 45.0333, 1
69.5, 45.8993, 1
70, 46.7654, 1
70.5, 47.6314, 1
71, 48.4974, 1
71.5, 49.3634, 1
72, 50.2295, 1
72.5, 51.0955, 1
44, 0, 1
44.5, 0.866025, 1
45, 1.73205, 1
45.5, 2.59808, 1
46, 3.4641, 1
46.5, 4.33013, 1
47, 5.19615, 1
47.5, 6.06218, 1
48, 6.9282, 1
48.5, 7.79423, 1
49, 8.66025, 1
49.5, 9.52628, 1
50, 10.3923, 1
50.5, 11.2583, 1
51, 12.1244, 1
51.5, 12.9904, 1
52, 13.8564, 1
52.5, 14.7224, 1
53, 15.5885, 1
53.5, 16.4545, 1
54, 17.3205, 1
54.5, 18.1865, 1
55, 19.0526, 1
55.5, 19.9186, 1
56, 20.7846, 1
56.5, 21.6506, 1
57, 22.5167, 1
57.5, 23.3827, 1
58, 24.2487, 1
58.5, 25.1147, 1
59, 25.9808, 1
59.5, 26.8468, 1
60, 27.7128, 1
60.5, 28.5788, 1
61, 29.4449, 1
61.5, 30.3109, 1
62, 31.1769, 1
62.5, 32.0429, 1
63, 32.909, 1
63.5, 33.775, 1
64, 34.641, 1
64.5, 35.507, 1
65, 36.3731, 1
65.5, 37.2391, 1
66, 38.1051, 1
66.5, 38.9711, 1
67, 39.8372, 1
67.5, 40.7032, 1
68, 41.5692, 1
68.5, 42.4352, 1
69, 43.3013, 1
69.5, 44.1673, 1
70, 45.0333, 1
70.5, 45.8993, 1
71, 46.7654, 1
71.5, 47.6314, 1
72, 48.4974, 1
72.5, 49.3634, 1
73, 50.2295, 1
73.5, 51.0955, 1
45, 0, -1
45.5, 0.866025, -1
46, 1.73205, -1
46.5, 2.59808, -1
47, 3.4641, -1
47.5, 4.33013, -1
48, 5.19615, -1
48.5, 6.06218, -1
49, 6.9282, -1
49.5, 7.79423, -1
50, 8.66025, -1
50.5, 9.52628, -1
51, 10.3923, -1
51.5, 11.2583, -1
52, 12.1244, -1
52.5, 12.9904, -1
53, 13.8564, -1
53.5, 14.7224, -1
54, 15.5885, -1
54.5, 16.4545, -1
55, 17.3205, -1
55.5, 18.1865, -1
56, 19.0526, -1
56.5, 19.9186, -1
57, 20.7846, -1
57.5, 21.6506, -1
58, 22.5167, -1
58.5, 23.3827, -1
59, 24.2487, -1
59.5, 25.1147, -1
60, 25.9808, -1
60.5, 26.8468, -1
61, 27.7128, -1
61.5, 28.5788, -1
62, 29.4449, -1
62.5, 30.3109, -1
63, 31.1769, -1
63.5, 32.0429, -1
64, 32.909, -1
64.5, 33.775, -1
65, 34.641, -1
65.5, 35.507, -1
66, 36.3731, -1
66.5, 37.2391, -1
67, 38.1051, -1
67.5, 38.9711, -1
68, 39.8372, -1
68.5, 40.7032, -1
69, 41.5692, -1
69.5, 42.4352, -1
70, 43.3013, -1
70.5, 44.1673, -1
71, 45.0333, -1
71.5, 45.8993, -1
72, 46.7654, -1
72.5, 47.6314, -1
73, 48.4974, -1
73.5, 49.3634, -1
74, 50.2295, -1
74.5, 51.0955, -1
46, 0, -1
46.5, 0.866025, -1
47, 1.73205, -1
47.5, 2.59808, -1
48, 3.4641, -1
48.5, 4.33013, -1
49, 5.19615, -1
49.5, 6.06218, -1
50, 6.9282, -1
50.5, 7.79423, -1
51, 8.66025, -1
51.5, 9.52628, -1
52, 10.3923, -1
52.5, 11.2583, -1
53, 12.1244, -1
53.5, 12.9904, -1
54, 13.8564, -1
54.5, 14.7224, -1
55, 15.5885, -1
55.5, 16.4545, -1
56, 17.3205, -1
56.5, 18.1865, -1
57, 19.0526, -1
57.5, 19.9186, -1
58, 20.7846, -1
58.5, 21.6506, -1
59, 22.5167, -1
59.5, 23.3827, -1
60, 24.2487, -1
60.5, 25.1147, -1
61, 25.9808, -1
61.5, 26.8468, -1
62, 27.7128, -1
62.5, 28.5788, -1
63, 29.4449, -1
63.5, 30.3109, -1
64, 31.1769, -1
64.5, 32.0429, -1
65, 32.909, -1
65.5, 33.775, -1
66, 34.641, -1
66.5, 35.507, -1
67, 36.3731, -1
67.5, 37.2391, -1
68, 38.1051, -1
68.5, 38.9711, -1
69, 39.8372, -1
69.5, 40.7032, -1
70, 41.5692, -1
70.5, 42.4352, -1
71, 43.3013, -1
71.5, 44.1673, -1
72, 45.0333, -1
72.5, 45.8993, -1
73, 46.7654, -1
73.5, 47.6314, -1
74, 48.4974, -1
74.5, 49.3634, -1
75, 50.2295, -1
75.5, 51.0955, -1
47, 0, -1
47.5, 0.866025, -1
48, 1.73205, -1
48.5, 2.59808, -1
49, 3.4641, -1
49.5, 4.33013, -1
50, 5.19615, -1
50.5, 6.06218, -1
51, 6.9282, -1
51.5, 7.79423, -1
52, 8.66025, -1
52.5, 9.52628, -1
53, 10.3923, -1
53.5, 11.2583, -1
54, 12.1244, -1
54.5, 12.9904, -1
55, 13.8564, -1
55.5, 14.7224, -1
56, 15.5885, -1
56.5, 16.4545, -1
57, 17.3205, -1
57.5, 18.1865, -1
58, 19.0526, -1
58.5, 19.9186, -1
59, 20.7846, -1
59.5, 21.6506, -1
60, 22.5167, -1
60.5, 23.3827, -1
61, 24.2487, -1
61.5, 25.1147, -1
62, 25.9808, -1
62.5, 26.8468, -1
63, 27.7128, -1
63.5, 28.5788, -1
64, 29.4449, -1
64.5, 30.3109, -1
65, 31.1769, -1
65.5, 32.0429, -1
66, 32.909, -1
66.5, 33.775, -1
67, 34.641, -1
67.5, 35.507, -1
68, 36.3731, -1
68.5, 37.2391, -1
69, 38.1051, -1
69.5, 38.9711, -1
70, 39.8372, -1
70.5, 40.7032, -1
71, 41.5692, -1
71.5, 42.4352, -1
72, 43.3013, -1
72.5, 44.1673, -1
73, 45.0333, -1
73.5, 45.8993, -1
74, 46.7654, -1
74.5, 47.6314, -1
75, 48.4974, -1
75.5, 49.3634, -1
76, 50.2295, -1
76.5, 51.0955, -1
48, 0, 1
48.5, 0.866025, 1
49, 1.73205, 1
49.5, 2.59808, 1
50, 3.4641, 1
50.5, 4.33013, 1
51, 5.19615, 1
51.5, 6.06218, 1
52, 6.9282, 1
52.5, 7.79423, 1
53, 8.66025, 1
53.5, 9.52628, 1
54, 10.3923, 1
54.5, 11.2583, 1
55, 12.1244, 1
55.5, 12.9904, 1
56, 13.8564, 1
56.5, 14.7224, 1
57, 15.5885, 1
57.5, 16.4545, 1
58, 17.3205, 1
58.5, 18.1865, 1
59, 19.0526, 1
59.5, 19.9186, 1
60, 20.7846, 1
60.5, 21.6506, 1
61, 22.5167, 1
61.5, 23.3827, 1
62, 24.2487, 1
62.5, 25.1147, 1
63, 25.9808, 1
63.5, 26.8468, 1
64, 27.7128, 1
64.5, 28.5788, 1
65, 29.4449, 1
65.5, 30.3109, 1
66, 31.1769, 1
66.5, 32.0429, 1
67, 32.909, 1
67.5, 33.775, 1
68, 34.641, 1
68.5, 35.507, 1
69, 36.3731, 1
69.5, 37.2391, 1
70, 38.1051, 1
70.5, 38.9711, 1
71, 39.8372, 1
71.5, 40.7032, 1
72, 41.5692, 1
72.5, 42.4352, 1
73, 43.3013, 1
73.5, 44.1673, 1
74, 45.0333, 1
74.5, 45.8993, 1
75, 46.7654, 1
75.5, 47.6314, 1
76, 48.4974, 1
76.5, 49.3634, 1
77, 50.2295, 1
77.5, 51.0955, 1
49, 0, 1
49.5, 0.866025, 1
50, 1.73205, 1
50.5, 2.59808, 1
51, 3.4641, 1
51.5, 4.33013, 1
52, 5.19615, 1
52.5, 6.06218, 1
53, 6.9282, 1
53.5, 7.79423, 1
54, 8.66025, 1
54.5, 9.52628, 1
55, 10.3923, 1
55.5, 11.2583, 1
56, 12.1244, 1
56.5, 12.9904, 1
57, 13.8564, 1
57.5, 14.7224, 1
58, 15.5885, 1
58.5, 16.4545, 1
59, 17.3205, 1
59.5, 18.1865, 1
60, 19.0526, 1
60.5, 19.9186, 1
61, 20.7846, 1
61.5, 21.6506, 1
62, 22.5167, 1
62.5, 23.3827, 1
63, 24.2487, 1
63.5, 25.1147, 1
64, 25.9808, 1
64.5, 26.8468, 1
65, 27.7128, 1
65.5, 28.5788, 1
66, 29.4449, 1
66.5, 30.3109, 1
67, 31.1769, 1
67.5, 32.0429, 1
68, 32.909, 1
68.5, 33.775, 1
69, 34.641, 1
69.5, 35.507, 1
70, 36.3731, 1
70.5, 37.2391, 1
71, 38.1051, 1
71.5, 38.9711, 1
72, 39.8372, 1
72.5, 40.7032, 1
73, 41.5692, 1
73.5, 42.4352, 1
74, 43.3013, 1
74.5, 44.1673, 1
75, 45.0333, 1
75.5, 45.8993, 1
76, 46.7654, 1
76.5, 47.6314, 1
77, 48.4974, 1
77.5, 49.3634, 1
78, 50.2295, 1
78.5, 51.0955, 1
50, 0, 1
50.5, 0.866025, 1
51, 1.73205, 1
51.5, 2.59808, 1
52, 3.4641, 1
52.5, 4.33013, 1
53, 5.19615, 1
53.5, 6.06218, 1
54, 6.9282, 1
54.5, 7.79423, 1
55, 8.66025, 1
55.5, 9.52628, 1
56, 10.3923, 1
56.5, 11.2583, 1
57, 12.1244, 1
57.5, 12.9904, 1
58, 13.8564, 1
58.5, 14.7224, 1
59, 15.5885, 1
59.5, 16.4545, 1
60, 17.3205, 1
60.5, 18.1865, 1
61, 19.0526, 1
61.5, 19.9186, 1
62, 20.7846, 1
62.5, 21.6506, 1
63, 22.5167, 1
63.5, 23.3827, 1
64, 24.2487, 1
64.5, 25.1147, 1
65, 25.9808, 1
65.5, 26.8468, 1
66, 27.7128, 1
66.5, 28.5788, 1
67, 29.4449, 1
67.5, 30.3109, 1
68, 31.1769, 1
68.5, 32.0429, 1
69, 32.909, 1
69.5, 33.775, 1
70, 34.641, 1
70.5, 35.507, 1
71, 36.3731, 1
71.5, 37.2391, 1
72, 38.1051, 1
72.5, 38.9711, 1
73, 39.8372, 1
73.5, 40.7032, 1
74, 41.5692, 1
74.5, 42.4352, 1
75, 43.3013, 1
75.5, 44.1673, 1
76, 45.0333, 1
76.5, 45.8993, 1
77, 46.7654, 1
77.5, 47.6314, 1
78, 48.4974, 1
78.5, 49.3634, 1
79, 50.2295, 1
79.5, 51.0955, 1
51, 0, -1
51.5, 0.866025, -1
52, 1.73205, -1
52.5, 2.59808, -1
53, 3.4641, -1
53.5, 4.33013, -1
54, 5.19615, -1
54.5, 6.06218, -1
55, 6.9282, -1
55.5, 7.79423, -1
56, 8.66025, -1
56.5, 9.52628, -1
57, 10.3923, -1
57.5, 11.2583, -1
58, 12.1244, -1
58.5, 12.9904, -1
59, 13.8564, -1
59.5, 14.7224, -1
60, 15.5885, -1
60.5, 16.4545, -1
61, 17.3205, -1
61.5, 18.1865, -1
62, 19.0526, -1
62.5, 19.9186, -1
63, 20.7846, -1
63.5, 21.6506, -1
64, 22.5167, -1
64.5, 23.3827, -1
65, 24.2487, -1
65.5, 25.1147, -1
66, 25.9808, -1
66.5, 26.8468, -1
67, 27.7128, -1
67.5, 28.5788, -1
68, 29.4449, -1
68.5, 30.3109, -1
69, 31.1769, -1
69.5, 32.0429, -1
70, 32.909, -1
70.5, 33.775, -1
71, 34.641, -1
71.5, 35.507, -1
72, 36.3731, -1
72.5, 37.2391, -1
73, 38.1051, -1
73.5, 38.9711, -1
74, 39.8372, -1
74.5, 40.7032, -1
75, 41.5692, -1
75.5, 42.4352, -1
76, 43.3013, -1
76.5, 44.1673, -1
77, 45.0333, -1
77.5, 45.8993, -1
78, 46.7654, -1
78.5, 47.6314, -1
79, 48.4974, -1
79.5, 49.3634, -1
80, 50.2295, -1
80.5, 51.0955, -1
52, 0, -1
52.5, 0.866025, -1
53, 1.73205, -1
53.5, 2.59808, -1
54, 3.4641, -1
54.5, 4.33013, -1
55, 5.19615, -1
55.5, 6.06218, -1
56, 6.9282, -1
56.5, 7.79423, -1
57, 8.66025, -1
57.5, 9.52628, -1
58, 10.3923, -1
58.5, 11.2583, -1
59, 12.1244, -1
59.5, 12.9904, -1
60, 13.8564, -1
60.5, 14.7224, -1
61, 15.5885, -1
61.5, 16.4545, -1
62, 17.3205, -1
62.5, 18.1865, -1
63, 19.0526, -1
63.5, 19.9186, -1
64, 20.7846, -1
64.5, 21.6506, -1
65, 22.5167, -1
65.5, 23.3827, -1
66, 24.2487, -1
66.5, 25.1147, -1
67, 25.9808, -1
67.5, 26.8468, -1
68, 27.7128, -1
68.5, 28.5788, -1
69, 29.4449, -1
69.5, 30.3109, -1
70, 31.1769, -1
70.5, 32.0429, -1
71, 32.909, -1
71.5, 33.775, -1
72, 34.641, -1
72.5, 35.507, -1
73, 36.3731, -1
73.5, 37.2391, -1
74, 38.1051, -1
74.5, 38.9711, -1
75, 39.8372, -1
75.5, 40.7032, -1
76, 41.5692, -1
76.5, 42.4352, -1
77, 43.3013, -1
77.5, 44.1673, -1
78, 45.0333, -1
78.5, 45.8993, -1
79, 46.7654, -1
79.5, 47.6314, -1
80, 48.4974, -1
80.5, 49.3634, -1
81, 50.2295, -1
81.5, 51.0955, -1
53, 0, -1
53.5, 0.866025, -1
54, 1.73205, -1
54.5, 2.59808, -1
55, 3.4641, -1
55.5, 4.33013, -1
56, 5.19615, -1
56.5, 6.06218, -1
57, 6.9282, -1
57.5, 7.79423, -1
58, 8.66025, -1
58.5, 9.52628, -1
59, 10.3923, -1
59.5, 11.2583, -1
60, 12.1244, -1
60.5, 12.9904, -1
61, 13.8564, -1
61.5, 14.7224, -1
62, 15.5885, -1
62.5, 16.4545, -1
63, 17.3205, -1
63.5, 18.1865, -1
64, 19.0526, -1
64.5, 19.9186, -1
65, 20.7846, -1
65.5, 21.6506, -1
66, 22.5167, -1
66.5, 23.3827, -1
67, 24.2487, -1
67.5, 25.1147, -1
68, 25.9808, -1
68.5, 26.8468, -1
69, 27.7128, -1
69.5, 28.5788, -1
70, 29.4449, -1
70.5, 30.3109, -1
71, 31.1769, -1
71.5, 32.0429, -1
72, 32.909, -1
72.5, 33.775, -1
73, 34.641, -1
73.5, 35.507, -1
74, 36.3731, -1
74.5, 37.2391, -1
75, 38.1051, -1
75.5, 38.9711, -1
76, 39.8372, -1
76.5, 40.7032, -1
77, 41.5692, -1
77.5, 42.4352, -1
78, 43.3013, -1
78.5, 44.1673, -1
79, 45.0333, -1
79.5, 45.8993, -1
80, 46.7654, -1
80.5, 47.6314, -1
81, 48.4974, -1
81.5, 49.3634, -1
82, 50.2295, -1
82.5, 51.0955, -1
54, 0, 1
54.5, 0.866025, 1
55, 1.73205, 1
55.5, 2.59808, 1
56, 3.4641, 1
56.5, 4.33013, 1
57, 5.19615, 1
57.5, 6.06218, 1
58, 6.9282, 1
58.5, 7.79423, 1
59, 8.66025, 1
59.5, 9.52628, 1
60, 10.3923, 1
60.5, 11.2583, 1
61, 12.1244, 1
61.5, 12.9904, 1
62, 13.8564, 1
62.5, 14.7224, 1
63, 15.5885, 1
63.5, 16.4545, 1
64, 17.3205, 1
64.5, 18.1865, 1
65, 19.0526, 1
65.5, 19.9186, 1
66, 20.7846, 1
66.5, 21.6506, 1
67, 22.5167, 1
67.5, 23.3827, 1
68, 24.2487, 1
68.5, 25.1147, 1
69, 25.9808, 1
69.5, 26.8468, 1
70, 27.7128, 1
70.5, 28.5788, 1
71, 29.4449, 1
71.5, 30.3109, 1
72, 31.1769, 1
72.5, 32.0429, 1
73, 32.909, 1
73.5, 33.775, 1
74, 34.641, 1
74.5, 35.507, 1
75, 36.3731, 1
75.5, 37.2391, 1
76, 38.1051, 1
76.5, 38.9711, 1
77, 39.8372, 1
77.5, 40.7032, 1
78, 41.5692, 1
78.5, 42.4352, 1
79, 43.3013, 1
79.5, 44.1673, 1
80, 45.0333, 1
80.5, 45.8993, 1
81, 46.7654, 1
81.5, 47.6314, 1
82, 48.4974, 1
82.5, 49.3634, 1
83, 50.2295, 1
83.5, 51.0955, 1
55, 0, 1
55.5, 0.866025, 1
56, 1.73205, 1
56.5, 2.59808, 1
57, 3.4641, 1
57.5, 4.33013, 1
58, 5.19615, 1
58.5, 6.06218, 1
59, 6.9282, 1
59.5, 7.79423, 1
60, 8.66025, 1
60.5, 9.52628, 1
61, 10.3923, 1
61.5, 11.2583, 1
62, 12.1244, 1
62.5, 12.9904, 1
63, 13.8564, 1
63.5, 14.7224, 1
64, 15.5885, 1
64.5, 16.4545, 1
65, 17.3205, 1
65.5, 18.1865, 1
66, 19.0526, 1
66.5, 19.9186, 1
67, 20.7846, 1
67.5, 21.6506, 1
68, 22.5167, 1
68.5, 23.3827, 1
69, 24.2487, 1
69.5, 25.1147, 1
70, 25.9808, 1
70.5, 26.8468, 1
71, 27.7128, 1
71.5, 28.5788, 1
72, 29.4449, 1
72.5, 30.3109, 1
73, 31.1769, 1
73.5, 32.0429, 1
74, 32.909, 1
74.5, 33.775, 1
75, 34.641, 1
75.5, 35.507, 1
76, 36.3731, 1
76.5, 37.2391, 1
77, 38.1051, 1
77.5, 38.9711, 1
78, 39.8372, 1
78.5, 40.7032, 1
79, 41.5692, 1
79.5, 42.4352, 1
80, 43.3013, 1
80.5, 44.1673, 1
81, 45.0333, 1
81.5, 45.8993, 1
82, 46.7654, 1
82.5, 47.6314, 1
83, 48.4974, 1
83.5, 49.3634, 1
84, 50.2295, 1
84.5, 51.0955, 1
56, 0, 1
56.5, 0.866025, 1
57, 1.73205, 1
57.5, 2.59808, 1
58, 3.4641, 1
58.5, 4.33013, 1
59, 5.19615, 1
59.5, 6.06218, 1
60, 6.9282, 1
60.5, 7.79423, 1
61, 8.66025, 1
61.5, 9.52628, 1
62, 10.3923, 1
62.5, 11.2583, 1
63, 12.1244, 1
63.5, 12.9904, 1
64, 13.8564, 1
64.5, 14.7224, 1
65, 15.5885, 1
65.5, 16.4545, 1
66, 17.3205, 1
66.5, 18.1865, 1
67, 19.0526, 1
67.5, 19.9186, 1
68, 20.7846, 1
68.5, 21.6506, 1
69, 22.5167, 1
69.5, 23.3827, 1
70, 24.2487, 1
70.5, 25.1147, 1
71, 25.9808, 1
71.5, 26.8468, 1
72, 27.7128, 1
72.5, 28.5788, 1
73, 29.4449, 1
73.5, 30.3109, 1
74, 31.1769, 1
74.5, 32.0429, 1
75, 32.909, 1
75.5, 33.775, 1
76, 34.641, 1
76.5, 35.507, 1
77, 36.3731, 1
77.5, 37.2391, 1
78, 38.1051, 1
78.5, 38.9711, 1
79, 39.8372, 1
79.5, 40.7032, 1
80, 41.5692, 1
80.5, 42.4352, 1
81, 43.3013, 1
81.5, 44.1673, 1
82, 45.0333, 1
82.5, 45.8993, 1
83, 46.7654, 1
83.5, 47.6314, 1
84, 48.4974, 1
84.5, 49.3634, 1
85, 50.2295, 1
85.5, 51.0955, 1
57, 0, -1
57.5, 0.866025, -1
58, 1.73205, -1
58.5, 2.59808, -1
59, 3.4641, -1
59.5, 4.33013, -1
60, 5.19615, -1
60.5, 6.06218, -1
61, 6.9282, -1
61.5, 7.79423, -1
62, 8.66025, -1
62.5, 9.52628, -1
63, 10.3923, -1
63.5, 11.2583, -1
64, 12.1244, -1
64.5, 12.9904, -1
65, 13.8564, -1
65.5, 14.7224, -1
66, 15.5885, -1
66.5, 16.4545, -1
67, 17.3205, -1
67.5, 18.1865, -1
68, 19.0526, -1
68.5, 19.9186, -1
69, 20.7846, -1
69.5, 21.6506, -1
70, 22.5167, -1
70.5, 23.3827, -1
71, 24.2487, -1
71.5, 25.1147, -1
72, 25.9808, -1
72.5, 26.8468, -1
73, 27.7128, -1
73.5, 28.5788, -1
74, 29.4449, -1
74.5, 30.3109, -1
75, 31.1769, -1
75.5, 32.0429, -1
76, 32.909, -1
76.5, 33.775, -1
77, 34.641, -1
77.5, 35.507, -1
78, 36.3731, -1
78.5, 37.2391, -1
79, 38.1051, -1
79.5, 38.9711, -1
80, 39.8372, -1
80.5, 40.7032, -1
81, 41.5692, -1
81.5, 42.4352, -1
82, 43.3013, -1
82.5, 44.1673, -1
83, 45.0333, -1
83.5, 45.8993, -1
84, 46.7654, -1
84.5, 47.6314, -1
85, 48.4974, -1
85.5, 49.3634, -1
86, 50.2295, -1
86.5, 51.0955, -1
58, 0, -1
58.5, 0.866025, -1
59, 1.73205, -1
59.5, 2.59808, -1
60, 3.4641, -1
60.5, 4.33013, -1
61, 5.19615, -1
61.5, 6.06218, -1
62, 6.9282, -1
62.5, 7.79423, -1
63, 8.66025, -1
63.5, 9.52628, -1
64, 10.3923, -1
64.5, 11.2583, -1
65, 12.1244, -1
65.5, 12.9904, -1
66, 13.8564, -1
66.5, 14.7224, -1
67, 15.5885, -1
67.5, 16.4545, -1
68, 17.3205, -1
68.5, 18.1865, -1
69, 19.0526, -1
69.5, 19.9186, -1
70, 20.7846, -1
70.5, 21.6506, -1
71, 22.5167, -1
71.5, 23.3827, -1
72, 24.2487, -1
72.5, 25.1147, -1
73, 25.9808, -1
73.5, 26.8468, -1
74, 27.7128, -1
74.5, 28.5788, -1
75, 29.4449, -1
75.5, 30.3109, -1
76, 31.1769, -1
76.5, 32.0429, -1
77, 32.909, -1
77.5, 33.775, -1
78, 34.641, -1
78.5, 35.507, -1
79, 36.3731, -1
79.5, 37.2391, -1
80, 38.1051, -1
80.5, 38.9711, -1
81, 39.8372, -1
81.5, 40.7032, -1
82, 41.5692, -1
82.5, 42.4352, -1
83, 43.3013, -1
83.5, 44.1673, -1
84, 45.0333, -1
84.5, 45.8993, -1
85, 46.7654, -1
85.5, 47.6314, -1
86, 48.4974, -1
86.5, 49.3634, -1
87, 50.2295, -1
87.5, 51.0955, -1
59, 0, -1
59.5, 0.866025, -1
60, 1.73205, -1
60.5, 2.59808, -1
61, 3.4641, -1
61.5, 4.33013, -1
62, 5.19615, -1
62.5, 6.06218, -1
63, 6.9282, -1
63.5, 7.79423, -1
64, 8.66025, -1
64.5, 9.52628, -1
65, 10.3923, -1
65.5, 11.2583, -1
66, 12.1244, -1
66.5, 12.9904, -1
67, 13.8564, -1
67.5, 14.7224, -1
68, 15.5885, -1
68.5, 16.4545, -1
69, 17.3205, -1
69.5, 18.1865, -1
70, 19.0526, -1
70.5, 19.9186, -1
71, 20.7846, -1
71.5, 21.6506, -1
72, 22.5167, -1
72.5, 23.3827, -1
73, 24.2487, -1
73.5, 25.1147, -1
74, 25.9808, -1
74.5, 26.8468, -1
75, 27.7128, -1
75.5, 28.5788, -1
76, 29.4449, -1
76.5, 30.3109, -1
77, 31.1769, -1
77.5, 32.0429, -1
78, 32.909, -1
78.5, 33.775, -1
79, 34.641, -1
79.5, 35.507, -1
80, 36.3731, -1
80.5, 37.2391, -1
81, 38.1051, -1
81.5, 38.9711, -1
82, 39.8372, -1
82.5, 40.7032, -1
83, 41.5692, -1
83.5, 42.4352, -1
84, 43.3013, -1
84.5, 44.1673, -1
85, 45.0333, -1
85.5, 45.8993, -1
86, 46.7654, -1
86.5, 47.6314, -1
87, 48.4974, -1
87.5, 49.3634, -1
88, 50.2295, -1
88.5, 51.0955, -1
