0.015, -3
0.02, -3
0.05, -3
0.025, -3
0.01, -2.83333
0.03, -3
0.055, -3
0.06, -2.5
0.07, -3
0.065, -2.66667
0.125, -2.98232
0.135, -2.99856
0.14, -3
0.005, -2.83333
0.12, -2.9864
0.13, -3
0.115, -2.49976
0.095, -3
0.1, -2.97789
0.18, -3
0.175, -3
0.185, -3
0.19, -3
0.22, -2.99999
0.08, -3
0.195, -2.49249
0.075, -3
0.11, -2.87784
0.105, -3
0.2, -3
0.225, -2.99999
0.24, -2.99998
0.21, -2.99999
0.15, -2.99627
0.25, -2.99996
0.46, -2.99105
0.265, -2.99993
0.27, -2.99992
0.085, -2.88598
0.17, -3
0.145, -2.99876
0.245, -2.99997
0.215, -2.99999
0.23, -2.99999
0.165, -3
0.205, -3
0.235, -2.99998
0.29, -2.99981
0.26, -2.99994
0.09, -2.79497
0.16, -2.99973
0.155, -3
0.255, -2.99996
0.295, -2.99979
0.3, -2.99972
0.285, -2.99984
0.475, -2.98885
0.445, -2.99284
0.44, -2.99333
0.45, -2.99225
0.435, -2.99391
0.275, -2.99989
0.28, -2.99986
0.345, -2.999
0.35, -2.99885
0.42, -2.99522
0.415, -2.99562
0.425, -2.99484
0.365, -2.99846
0.37, -2.99818
0.385, -2.99755
0.4, -2.99667
0.375, -2.99799
0.395, -2.99701
0.38, -2.99774
0.47, -2.98962
0.39, -2.9973
0.325, -2.99944
0.355, -2.99874
0.33, -2.99931
0.315, -2.99956
0.335, -2.99926
0.32, -2.99949
0.36, -2.99859
0.34, -2.45464
0.505, -2.98355
0.305, -2.9997
0.31, -2.99963
0.43, -2.99432
0.405, -2.99628
0.41, -2.99601
0.59, -2.95969
0.595, -2.95779
0.495, -2.98533
0.5, -2.98457
0.48, -2.98814
0.49, -2.98636
0.485, -2.98725
0.455, -2.99171
0.585, -2.96141
0.465, -2.99033
0.545, -2.97417
0.53, -2.97798
0.54, -2.97548
0.535, -2.97677
0.55, -2.97286
0.525, -2.97932
0.51, -2.98264
0.52, -2.98041
0.515, -2.98152
0.6, -2.95575
0.64, -2.93872
0.65, -2.93374
0.645, -2.93615
0.635, -2.94091
0.56, -2.96992
0.57, -2.9665
0.565, -2.96815
0.58, -2.96331
0.575, -2.9651
0.555, -2.97133
0.625, -2.94521
0.62, -2.94751
0.63, -2.94291
0.605, -2.95372
0.615, -2.94987
0.61, -2.95219
0.655, -2.93095
0.665, -2.92579
0.66, -2.92825
0.675, -2.91991
0.68, -2.91735
0.67, -2.92301
0.685, -2.91417
0.695, -2.90827
0.69, -2.91138
0.705, -2.90224
0.715, -2.89543
0.72, -2.89217
0.725, -2.88875
0.7, -2.90488
0.71, -2.89871
0.73, -2.88567
0.76, -2.86325
0.825, -2.80797
0.835, -2.79866
0.83, -2.80318
0.77, -2.85528
0.765, -2.85936
0.815, -2.81701
0.785, -2.84279
0.795, -2.8346
0.82, -2.81233
0.81, -2.82138
0.78, -2.84706
0.775, -2.85121
0.79, -2.83856
1.035, -2.57638
1.04, -2.57085
1.05, -2.55912
1.045, -2.56477
0.75, -2.87068
0.745, -2.87459
0.93, -2.70056
0.755, -2.86712
0.74, -2.8781
0.735, -2.88197
0.85, -2.78428
0.855, -2.77981
0.98, -2.64186
0.805, -2.82564
0.845, -2.78883
0.8, -2.83075
0.84, -2.79355
0.94, -2.68929
0.95, -2.67811
0.925, -2.70538
0.92, -2.71129
0.885, -2.74885
0.895, -2.73803
0.89, -2.74411
0.905, -2.72701
0.865, -2.76885
0.86, -2.77431
0.9, -2.73326
0.875, -2.75898
0.87, -2.76426
0.88, -2.75447
0.955, -2.67155
0.97, -2.65463
0.975, -2.64878
1.145, -2.44835
0.91, -2.72254
0.96, -2.66554
0.965, -2.65979
0.915, -2.71695
1.065, -2.54131
1.07, -2.53385
0.945, -2.68325
1.025, -2.58838
1.03, -2.58353
1.075, -2.52812
0.985, -2.6367
0.995, -2.62553
1.01, -2.60669
1.005, -2.61325
1.02, -2.59473
1.015, -2.60028
1, -2.61824
0.935, -2.69512
1.06, -2.54644
1.055, -2.5521
1.08, -2.5231
0.99, -2.63201
1.13, -2.46493
1.115, -2.48185
1.105, -2.49352
1.11, -2.4876
1.12, -2.47656
1.125, -2.47113
1.09, -2.51071
1.1, -2.49911
1.14, -2.45396
1.095, -2.50609
1.135, -2.45949
1.085, -2.51683
1.15, -2.44167
1.155, -2.43748
1.16, -2.43007
1.165, -2.42523
1.17, -2.42024
1.22, -2.36784
1.215, -2.37313
1.175, -2.41519
1.205, -2.38418
1.2, -2.38885
1.21, -2.37896
1.19, -2.39868
1.195, -2.39442
1.28, -2.30989
1.18, -2.40994
1.185, -2.40419
1.245, -2.34204
1.255, -2.33401
1.23, -2.35806
1.27, -2.31873
1.235, -2.35337
1.265, -2.32303
1.25, -2.33885
1.24, -2.34904
1.26, -2.32895
1.225, -2.36357
1.275, -2.31422
1.29, -2.29982
1.295, -2.29572
1.3, -2.29043
1.32, -2.27179
1.305, -2.28562
1.315, -2.27605
1.31, -2.28114
1.285, -2.30478
1.335, -2.25767
1.33, -2.262
1.325, -2.26668
1.34, -2.25396
1.355, -2.23874
1.345, -2.24841
1.35, -2.24401
1.365, -2.22925
1.36, -2.23436
1.37, -2.22473
1.375, -2.2206
1.385, -2.21142
1.38, -2.21549
1.4, -2.19795
1.395, -2.20188
1.405, -2.19364
1.39, -2.20779
1.425, -2.17449
1.415, -2.18412
1.41, -2.18799
1.42, -2.17865
1.43, -2.17038
1.445, -2.15574
1.435, -2.16433
1.59, -2.01687
1.585, -2.02058
1.595, -2.01143
1.44, -2.15956
1.52, -2.0846
1.46, -2.14156
1.465, -2.13654
1.665, -1.9386
1.515, -2.09019
1.455, -2.1458
1.57, -2.03589
1.45, -2.15108
1.47, -2.13172
1.475, -2.12849
1.525, -2.08001
1.62, -1.98585
1.535, -2.07156
1.54, -2.0661
1.67, -1.93357
1.555, -2.05083
1.56, -2.04683
1.565, -2.04175
1.51, -2.09515
1.505, -2.10012
1.61, -1.99596
1.615, -1.99169
0.045, -3
1.49, -2.11436
0.035, -2.83333
1.715, -1.88334
1.5, -2.10341
1.485, -2.11833
1.495, -2.1094
0.04, -2.99333
1.545, -2.06114
1.55, -2.05563
1.65, -1.95447
1.575, -2.03172
1.655, -1.94983
1.6, -2.00536
1.66, -1.9445
1.58, -2.02614
1.53, -2.07567
1.72, -1.87884
1.71, -1.88868
1.695, -1.90689
1.685, -1.91636
1.705, -1.89388
1.675, -1.92819
1.7, -1.89932
1.64, -1.96552
1.635, -1.97055
1.625, -1.97985
1.75, -1.84359
1.73, -1.86569
1.755, -1.83842
1.735, -1.86067
1.74, -1.85549
1.745, -1.84914
1.69, -1.91192
1.63, -1.9754
1.815, -1.76494
1.68, -1.92211
1.78, -1.80692
1.79, -1.79485
1.795, -1.78999
1.805, -1.77782
1.8, -1.78363
1.785, -1.80248
1.76, -1.83208
1.775, -1.81342
1.765, -1.82599
1.77, -1.81997
1.725, -1.87306
1.81, -1.77077
1.82, -1.75812
1.83, -1.74552
1.825, -1.75098
1.835, -1.73967
1.85, -1.72164
1.855, -1.7138
1.845, -1.72667
1.84, -1.73267
1.885, -1.67324
1.905, -1.64632
1.89, -1.66738
1.865, -1.70001
1.88, -1.68118
1.95, -1.58286
1.86, -1.70583
1.955, -1.5766
1.875, -1.68601
1.87, -1.69412
1.915, -1.6329
1.895, -1.66088
1.9, -1.65284
1.94, -1.59796
1.945, -1.59098
1.975, -1.54685
1.91, -1.63809
1.92, -1.62799
1.925, -1.61742
1.93, -1.613
1.935, -1.60355
1.96, -1.56837
1.965, -1.56298
1.97, -1.5555
2.01, -1.49789
2.025, -1.4736
2.015, -1.49023
2.005, -1.50368
1.99, -1.52632
1.985, -1.53252
1.995, -1.519
2.02, -1.48147
1.98, -1.5417
2, -1.51113
2.035, -1.46126
2.03, -1.46743
2.06, -1.42456
2.045, -1.4477
2.04, -1.45231
2.055, -1.4307
2.05, -1.43858
2.07, -1.41085
2.065, -1.41698
2.075, -1.40286
2.085, -1.38733
2.08, -1.39595
2.095, -1.37336
2.11, -1.35298
2.1, -1.36755
2.09, -1.38176
2.105, -1.3608
2.115, -1.34585
2.15, -1.29736
2.2, -1.23444
2.205, -1.22682
2.21, -1.22053
2.12, -1.34176
2.125, -1.33202
2.13, -1.32595
2.145, -1.30446
2.165, -1.27809
2.14, -1.31183
2.135, -1.31727
2.155, -1.29222
2.16, -1.28514
2.265, -1.15833
2.195, -1.24085
2.19, -1.24481
2.18, -1.25949
2.185, -1.25094
2.17, -1.27212
2.175, -1.26523
2.255, -1.16953
2.26, -1.1652
2.215, -1.21767
2.245, -1.17977
2.24, -1.18612
2.235, -1.19172
2.28, -1.14243
2.27, -1.15208
2.25, -1.17543
2.22, -1.21152
2.23, -1.19814
2.225, -1.20353
2.275, -1.14767
2.29, -1.13121
2.295, -1.126
2.315, -1.10574
2.32, -1.10103
2.31, -1.11187
2.37, -1.05467
2.365, -1.06039
2.305, -1.11588
2.3, -1.12129
2.285, -1.13633
2.385, -1.04258
2.405, -1.02501
2.395, -1.03407
2.41, -1.02176
2.325, -1.09555
2.39, -1.03689
2.335, -1.08724
2.345, -1.07876
2.34, -1.08147
2.33, -1.09174
2.38, -1.04428
2.375, -1.05073
2.45, -0.990098
2.415, -1.01701
2.4, -1.02827
2.485, -0.964752
2.5, -0.953719
2.47, -0.975535
2.505, -0.950134
2.48, -0.967315
2.475, -0.972324
2.465, -0.979189
2.46, -0.980001
2.495, -0.957133
2.44, -0.997186
2.445, -0.993193
2.435, -1.00115
2.43, -1.0046
2.455, -0.986502
2.515, -0.943535
2.51, -0.94686
2.535, -0.930046
2.42, -1.01282
2.525, -0.938248
2.545, -0.925271
2.55, -0.921112
2.425, -1.00938
2.54, -0.927176
2.555, -0.918091
2.605, -0.889559
2.61, -0.885603
2.56, -0.914923
2.585, -0.90194
2.58, -0.903001
2.57, -0.910176
2.575, -0.906888
2.565, -0.912406
2.685, -0.846846
2.59, -0.898564
2.64, -0.869494
2.595, -0.894629
2.6, -0.890851
2.675, -0.851653
2.68, -0.849776
2.66, -0.860747
2.655, -0.862103
2.63, -0.874999
2.62, -0.880605
2.615, -0.882776
2.635, -0.871719
2.665, -0.85564
2.625, -0.87788
2.67, -0.855332
2.65, -0.863972
2.645, -0.866978
2.69, -0.843075
2.705, -0.836192
2.695, -0.84354
2.7, -0.839338
2.73, -0.824559
2.735, -0.823517
2.74, -0.820158
2.725, -0.828704
2.72, -0.829554
2.715, -0.83237
2.71, -0.835092
2.745, -0.817618
2.75, -0.816749
2.76, -0.812434
2.765, -0.8102
2.755, -0.813245
2.78, -0.804006
2.785, -0.801865
2.775, -0.805833
2.79, -0.798706
2.77, -0.808437
2.795, -0.797534
2.805, -0.793287
2.9, -0.75536
2.825, -0.784688
2.83, -0.782349
2.82, -0.786624
2.835, -0.779399
2.895, -0.758092
2.81, -0.790011
2.91, -0.752274
2.815, -0.788023
2.87, -0.76758
2.885, -0.760962
2.875, -0.766313
2.865, -0.76834
2.88, -0.761573
2.8, -0.794947
2.85, -0.77367
2.855, -0.772098
2.845, -0.776462
2.84, -0.7774
2.96, -0.734196
2.905, -0.7545
2.89, -0.760468
2.86, -0.772354
2.92, -0.74858
2.915, -0.749807
2.925, -0.747439
2.95, -0.737652
2.955, -0.73742
2.94, -0.740702
2.945, -0.739063
2.935, -0.743477
2.93, -0.745092
3.005, -0.719886
2.995, -0.723273
2.99, -0.724964
2.965, -0.732965
2.97, -0.730711
2.975, -0.729449
2.985, -0.726531
3.025, -0.713264
2.98, -0.727821
3, -0.721734
3.015, -0.715477
3.01, -0.717346
3.03, -0.711331
3.05, -0.704875
3.045, -0.706593
3.02, -0.71522
3.035, -0.710707
3.04, -0.708667
3.065, -0.700945
3.06, -0.702028
3.085, -0.695677
3.055, -0.704248
3.08, -0.697023
3.09, -0.69302
3.075, -0.697777
3.07, -0.699223
3.105, -0.689461
3.1, -0.691193
3.095, -0.692739
3.145, -0.67742
3.135, -0.682051
3.11, -0.687867
3.13, -0.682574
3.125, -0.685219
3.195, -0.665163
3.115, -0.687338
3.175, -0.669124
3.17, -0.671423
3.185, -0.667137
3.12, -0.685333
3.19, -0.666865
3.18, -0.669376
3.165, -0.672453
3.14, -0.679848
3.3, -0.640007
3.305, -0.638329
3.23, -0.655925
3.245, -0.652152
3.235, -0.654854
3.24, -0.653633
3.15, -0.6768
3.155, -0.675644
3.16, -0.672855
3.26, -0.648384
3.275, -0.645061
3.255, -0.649971
3.27, -0.647254
3.2, -0.663946
3.265, -0.647716
3.25, -0.652113
3.28, -0.643363
3.285, -0.643126
3.29, -0.642226
3.345, -0.629757
3.225, -0.656661
3.215, -0.660043
3.22, -0.658752
3.21, -0.661271
3.205, -0.662882
3.295, -0.639941
1.645, -1.95963
3.32, -0.634753
3.315, -0.635504
3.31, -0.637355
3.45, -0.606819
3.41, -0.615309
3.415, -0.614139
3.405, -0.616402
3.365, -0.624505
3.375, -0.621891
3.355, -0.626182
3.34, -0.629563
3.36, -0.6252
3.335, -0.630492
3.33, -0.631751
3.395, -0.618555
3.39, -0.619516
3.38, -0.62092
3.385, -0.620347
3.35, -0.627342
3.37, -0.622792
3.325, -0.632948
3.42, -0.612506
3.4, -0.61694
3.455, -0.606158
3.44, -0.60831
3.43, -0.61095
3.435, -0.610152
3.425, -0.611083
3.495, -0.598091
3.505, -0.595673
3.5, -0.595869
3.445, -0.608539
3.47, -0.603312
3.475, -0.601046
3.465, -0.603231
3.46, -0.603742
3.52, -0.592235
3.49, -0.597608
3.485, -0.599898
3.48, -0.600551
3.525, -0.592861
3.53, -0.591217
3.535, -0.590541
3.51, -0.594663
3.56, -0.585974
3.57, -0.58371
3.565, -0.58488
3.555, -0.586446
3.515, -0.593511
3.54, -0.588892
3.545, -0.588459
3.585, -0.580895
3.63, -0.573106
3.575, -0.58251
3.69, -0.562844
3.615, -0.575236
3.61, -0.577593
3.605, -0.577408
3.62, -0.573746
3.625, -0.573708
3.55, -0.587967
3.595, -0.58019
3.58, -0.581458
3.59, -0.580191
3.645, -0.569882
3.655, -0.568194
3.66, -0.567817
3.64, -0.57187
3.65, -0.570091
3.685, -0.564002
3.6, -0.578478
3.635, -0.571984
3.68, -0.564767
3.695, -0.561691
3.665, -0.566179
3.67, -0.56501
3.7, -0.56143
3.705, -0.560581
3.71, -0.55782
3.675, -0.565001
3.715, -0.557966
3.755, -0.552293
3.74, -0.554176
3.75, -0.552021
3.72, -0.558698
3.735, -0.555113
3.77, -0.549201
3.73, -0.556077
3.725, -0.556454
3.775, -0.548623
3.745, -0.55295
3.765, -0.549962
3.76, -0.550335
3.795, -0.546241
3.8, -0.545091
3.78, -0.547932
3.785, -0.547892
3.79, -0.547169
3.81, -0.54256
3.805, -0.544456
3.825, -0.541234
3.82, -0.541611
3.83, -0.540119
3.815, -0.542469
3.835, -0.539592
3.845, -0.538606
3.85, -0.537629
3.84, -0.538777
3.895, -0.530748
3.885, -0.531676
3.875, -0.533505
3.88, -0.533231
3.855, -0.535716
3.86, -0.536088
3.87, -0.533778
3.865, -0.534812
3.91, -0.528809
3.89, -0.531866
3.905, -0.530048
3.9, -0.530272
3.915, -0.527267
4.01, -0.514515
4.005, -0.514519
3.92, -0.527281
3.935, -0.525112
3.93, -0.524936
3.925, -0.526057
3.99, -0.517039
4.08, -0.505473
3.955, -0.522313
3.96, -0.520478
3.94, -0.525399
3.995, -0.518173
3.95, -0.522442
4.18, -0.494307
4.04, -0.511718
3.945, -0.522948
4.055, -0.50956
4.045, -0.509975
4.05, -0.509946
4.03, -0.512742
4.035, -0.512318
4.06, -0.508781
4.015, -0.515202
3.965, -0.520153
4.235, -0.487808
4.23, -0.487992
4.075, -0.506546
3.985, -0.517845
4.065, -0.506993
3.975, -0.518493
3.98, -0.518417
4.07, -0.506954
4.105, -0.50369
4.095, -0.504425
4.09, -0.504369
4.11, -0.50075
4.17, -0.494785
4.1, -0.502527
4.085, -0.504858
4.02, -0.513735
4.025, -0.512809
4.14, -0.49818
4.13, -0.499081
4.155, -0.497252
4.15, -0.496951
4.135, -0.500155
4.145, -0.499092
2.355, -1.06804
4.165, -0.49494
2.35, -1.07246
4.16, -0.495019
2.36, -1.06437
4.115, -0.500709
4.24, -0.486764
4.12, -0.50085
4.19, -0.492795
4.185, -0.494162
4.125, -0.500752
4.195, -0.492098
4.22, -0.488401
4.21, -0.489804
4.215, -0.489969
4.27, -0.484568
4.265, -0.483804
4.255, -0.485292
4.25, -0.486703
4.225, -0.489448
4.2, -0.491392
4.245, -0.485517
4.205, -0.490422
4.26, -0.484815
4.275, -0.483371
4.28, -0.482428
4, -0.516346
4.29, -0.48097
4.295, -0.480827
4.285, -0.481077
4.325, -0.477406
4.305, -0.479278
4.38, -0.471278
4.315, -0.479221
4.375, -0.471332
4.32, -0.478006
4.31, -0.478785
4.35, -0.473895
4.355, -0.473738
4.39, -0.469865
4.3, -0.479911
4.335, -0.475579
4.33, -0.477461
4.385, -0.470967
4.34, -0.475003
4.405, -0.468364
4.345, -0.47414
4.395, -0.469491
4.41, -0.468538
4.4, -0.469107
4.37, -0.472163
4.36, -0.472787
4.425, -0.466761
4.42, -0.467073
4.365, -0.472723
4.415, -0.466649
4.43, -0.466575
4.445, -0.464723
4.44, -0.464969
4.435, -0.465164
4.455, -0.463343
4.49, -0.459918
4.46, -0.46177
4.53, -0.456222
4.51, -0.458003
4.505, -0.45848
4.515, -0.456796
4.52, -0.456524
4.525, -0.45588
4.485, -0.460945
4.45, -0.463851
4.48, -0.461208
4.465, -0.46333
4.475, -0.461911
4.54, -0.455133
4.535, -0.455584
4.495, -0.459289
4.545, -0.454298
4.5, -0.45941
4.47, -0.462012
4.575, -0.453495
4.55, -0.453943
4.555, -0.454631
4.56, -0.452814
4.57, -0.451974
4.615, -0.448141
4.565, -0.452709
4.58, -0.451149
4.59, -0.449561
4.585, -0.450588
4.605, -0.448765
4.61, -0.448185
4.65, -0.445068
4.655, -0.44422
4.74, -0.437405
4.6, -0.449084
4.63, -0.446911
4.635, -0.446132
4.625, -0.447005
4.645, -0.445404
4.62, -0.447728
4.64, -0.444382
4.66, -0.443684
4.665, -0.443184
4.75, -0.435748
4.595, -0.449777
4.67, -0.443282
4.685, -0.442365
4.68, -0.443077
4.695, -0.441454
4.7, -0.441257
4.69, -0.440984
4.675, -0.441592
4.745, -0.436653
4.73, -0.438421
4.735, -0.437356
4.71, -0.440069
4.715, -0.43902
4.705, -0.440203
4.72, -0.438764
4.755, -0.43521
4.835, -0.428489
4.725, -0.438276
4.84, -0.429017
4.845, -0.429411
4.785, -0.432738
4.775, -0.435587
4.765, -0.434396
4.805, -0.431508
4.77, -0.434808
4.76, -0.435418
4.78, -0.434557
4.82, -0.430793
4.79, -0.43285
4.795, -0.432183
4.825, -0.429863
4.81, -0.431045
4.83, -0.428802
4.88, -0.425005
4.815, -0.430543
4.8, -0.432277
4.85, -0.427606
4.875, -0.425917
4.935, -0.420085
4.86, -0.4271
4.855, -0.427795
4.9, -0.423163
4.91, -0.42289
4.89, -0.424248
4.87, -0.42555
4.865, -0.426742
4.895, -0.423172
4.93, -0.421877
4.975, -0.417963
4.92, -0.42241
4.925, -0.421205
4.885, -0.424712
4.945, -0.4198
4.98, -0.417123
4.915, -0.422587
4.905, -0.42298
5, -0.416153
4.95, -0.419965
5.025, -0.414756
4.985, -0.416667
5.015, -0.41551
5.005, -0.41585
5.03, -0.412746
5.02, -0.414601
5.01, -0.414581
4.94, -0.420726
4.97, -0.417454
4.96, -0.417794
5.06, -0.411105
4.965, -0.418249
5.065, -0.410239
5.07, -0.410384
5.04, -0.412916
5.075, -0.409837
5.08, -0.40988
4.955, -0.418983
5.05, -0.412452
5.11, -0.408524
5.055, -0.410543
4.995, -0.416402
4.99, -0.415972
5.115, -0.407183
5.1, -0.408324
5.12, -0.407015
5.16, -0.404377
5.155, -0.404599
5.125, -0.406404
5.105, -0.407824
5.045, -0.411884
5.035, -0.41379
5.13, -0.406263
5.135, -0.406068
5.14, -0.405601
5.145, -0.405781
5.15, -0.404919
5.09, -0.409801
5.085, -0.409845
5.165, -0.403577
5.095, -0.410058
5.21, -0.400282
5.215, -0.400379
5.17, -0.403306
5.185, -0.401802
5.18, -0.402538
5.175, -0.403296
5.19, -0.402694
5.2, -0.401214
5.195, -0.40112
5.23, -0.400356
5.25, -0.397523
5.235, -0.398138
5.245, -0.397672
5.24, -0.399659
5.225, -0.398629
5.27, -0.396327
5.22, -0.400314
5.265, -0.397455
5.255, -0.39811
5.275, -0.39631
5.26, -0.397116
5.205, -0.401476
5.285, -0.396588
5.29, -0.39447
5.33, -0.392731
5.32, -0.392489
5.375, -0.3891
5.38, -0.389555
5.315, -0.393306
5.28, -0.396122
5.325, -0.393434
5.39, -0.389421
5.34, -0.392004
5.335, -0.392466
5.365, -0.39104
5.345, -0.390672
5.435, -0.385967
5.31, -0.394052
5.3, -0.395295
5.295, -0.394856
5.42, -0.386749
5.415, -0.387555
5.425, -0.386781
5.43, -0.386443
5.305, -0.394997
5.37, -0.389429
5.405, -0.387794
5.41, -0.386587
5.355, -0.39101
5.36, -0.390133
5.385, -0.389253
5.35, -0.390913
5.465, -0.384217
5.47, -0.383292
5.4, -0.387357
5.395, -0.388104
5.455, -0.385459
5.46, -0.384537
5.45, -0.384178
5.49, -0.382926
5.44, -0.386153
5.445, -0.38546
5.535, -0.379765
5.485, -0.382293
5.48, -0.38329
5.475, -0.384117
5.495, -0.381924
5.505, -0.381805
5.555, -0.379077
5.51, -0.380573
5.515, -0.380164
5.525, -0.380822
5.53, -0.38037
5.52, -0.380182
5.57, -0.379129
5.65, -0.373574
5.61, -0.374927
5.56, -0.377274
5.59, -0.376327
5.5, -0.381855
5.54, -0.379315
5.6, -0.37539
5.595, -0.377037
5.565, -0.377936
5.575, -0.377613
5.55, -0.379642
5.545, -0.379446
5.615, -0.375368
5.62, -0.374337
5.585, -0.3768
5.58, -0.377605
5.605, -0.374994
5.66, -0.372483
5.635, -0.373894
5.665, -0.373276
5.75, -0.367797
5.67, -0.372038
5.655, -0.372705
5.645, -0.373178
5.64, -0.373217
5.755, -0.367263
5.625, -0.374193
5.63, -0.37528
5.69, -0.370989
5.7, -0.369668
5.705, -0.370116
5.695, -0.371074
5.685, -0.371363
5.715, -0.36955
5.77, -0.366003
5.765, -0.366835
5.72, -0.369698
5.71, -0.369205
5.68, -0.371748
5.76, -0.366896
5.675, -0.371791
5.735, -0.368321
5.725, -0.369436
5.74, -0.367915
5.84, -0.362355
5.73, -0.367888
5.815, -0.36341
5.805, -0.36404
5.8, -0.365835
5.775, -0.365619
5.78, -0.366671
5.785, -0.365594
5.81, -0.365626
5.845, -0.362129
5.795, -0.365472
5.79, -0.365112
5.82, -0.362916
5.86, -0.361084
5.83, -0.363614
5.825, -0.36366
5.87, -0.361501
5.85, -0.36326
5.745, -0.367952
5.835, -0.363378
5.855, -0.360792
5.9, -0.359015
5.865, -0.361126
5.895, -0.360314
5.89, -0.359839
5.92, -0.358169
5.93, -0.357988
5.925, -0.358009
5.945, -0.35603
5.935, -0.358267
5.875, -0.360631
5.88, -0.360856
5.885, -0.361272
5.95, -0.35679
5.975, -0.355368
5.91, -0.358896
5.905, -0.359794
5.915, -0.358729
6.045, -0.352781
5.97, -0.355427
5.965, -0.355813
5.98, -0.355636
6.005, -0.354482
5.96, -0.356038
5.955, -0.356655
5.995, -0.35509
5.94, -0.356986
5.985, -0.355131
5.99, -0.354982
6.065, -0.350098
6.06, -0.352619
6.08, -0.350274
6.01, -0.353725
6.085, -0.350443
6.055, -0.351457
6.05, -0.351377
6.155, -0.345995
6.15, -0.347423
6.075, -0.350089
6.04, -0.35326
6.07, -0.350136
6.105, -0.349037
6.11, -0.348542
6.035, -0.352435
6.1, -0.349673
6.03, -0.353629
6.02, -0.354258
6.015, -0.354153
6.025, -0.3531
6.125, -0.348978
6.135, -0.347733
6, -0.354299
6.13, -0.347485
6.195, -0.344754
6.18, -0.346368
6.165, -0.346913
6.185, -0.344586
6.12, -0.349288
6.09, -0.350336
6.115, -0.349988
6.17, -0.345855
6.175, -0.34621
6.095, -0.349845
6.205, -0.344798
6.32, -0.339605
6.325, -0.339184
6.21, -0.344087
6.35, -0.338136
6.16, -0.346724
6.14, -0.347764
6.2, -0.345825
6.215, -0.343889
6.145, -0.347559
6.225, -0.343392
6.22, -0.34483
6.23, -0.343353
6.19, -0.344817
6.25, -0.343511
6.265, -0.34205
6.26, -0.342087
6.255, -0.343083
6.245, -0.342913
6.24, -0.343461
6.235, -0.342994
6.385, -0.33727
6.285, -0.341398
6.29, -0.340033
6.28, -0.340641
6.275, -0.341959
6.27, -0.343155
6.295, -0.341523
6.315, -0.339634
6.31, -0.340166
6.3, -0.341252
6.305, -0.340751
6.46, -0.333795
6.455, -0.334082
4.175, -0.49475
6.355, -0.337369
6.36, -0.338141
6.365, -0.337753
6.345, -0.338068
6.335, -0.339269
6.34, -0.33823
6.445, -0.334204
6.45, -0.335026
6.44, -0.334158
6.395, -0.335726
6.33, -0.339141
6.37, -0.337975
6.375, -0.336461
6.38, -0.337222
6.42, -0.334887
6.4, -0.336031
6.39, -0.336567
6.48, -0.332036
6.49, -0.332596
6.47, -0.333768
6.465, -0.332916
6.485, -0.33252
6.41, -0.335256
6.405, -0.336154
6.415, -0.334876
6.545, -0.330188
6.5, -0.331945
6.435, -0.335273
6.43, -0.334614
6.505, -0.331438
6.425, -0.335159
6.525, -0.330413
6.475, -0.332731
6.495, -0.331761
6.52, -0.331714
6.51, -0.331364
6.515, -0.330728
6.535, -0.33081
6.57, -0.329161
6.53, -0.330104
6.54, -0.330595
6.56, -0.329978
6.55, -0.329086
6.585, -0.327875
6.605, -0.327335
6.555, -0.32896
6.565, -0.32983
6.625, -0.325916
6.615, -0.327416
6.595, -0.328045
6.58, -0.328226
6.64, -0.326352
6.59, -0.327983
6.665, -0.32504
6.67, -0.325481
6.62, -0.326518
6.575, -0.328166
6.61, -0.327446
6.645, -0.326682
6.66, -0.324714
6.655, -0.325463
6.7, -0.323597
6.695, -0.324021
6.69, -0.324492
6.65, -0.32542
6.635, -0.326268
6.63, -0.327455
6.685, -0.324231
6.745, -0.322228
6.74, -0.322389
6.77, -0.320794
6.6, -0.328077
6.675, -0.324402
6.715, -0.323627
6.72, -0.323095
6.68, -0.323955
6.705, -0.324141
6.725, -0.322499
6.71, -0.323166
6.795, -0.319866
6.73, -0.322213
6.735, -0.322365
6.755, -0.321658
6.76, -0.321676
6.765, -0.320896
6.785, -0.320882
6.775, -0.320069
6.815, -0.319278
6.75, -0.321689
6.79, -0.320767
6.835, -0.319048
6.82, -0.31886
6.81, -0.319864
6.8, -0.320026
6.805, -0.320373
6.875, -0.316046
6.85, -0.319504
6.83, -0.319146
6.845, -0.317801
6.825, -0.319073
6.87, -0.317139
6.84, -0.318334
6.865, -0.318218
6.86, -0.318375
6.885, -0.317655
6.88, -0.317831
6.895, -0.316206
6.9, -0.316582
6.89, -0.31663
6.91, -0.316119
6.905, -0.316827
6.93, -0.315503
6.935, -0.314721
6.925, -0.314828
6.955, -0.313278
6.855, -0.317455
6.95, -0.314353
6.915, -0.316698
7.03, -0.311605
7.035, -0.312172
7.005, -0.312476
6.975, -0.313195
6.97, -0.314942
6.965, -0.313744
6.995, -0.312854
6.94, -0.313681
6.945, -0.315248
7, -0.312024
7.16, -0.307351
7.07, -0.309264
7.06, -0.311163
7.04, -0.310537
7.05, -0.310709
7.045, -0.311662
7.055, -0.311032
7.065, -0.309483
7.01, -0.312313
6.985, -0.313647
6.96, -0.314873
7.185, -0.30634
7.19, -0.306722
7.085, -0.310163
7.09, -0.309061
7.015, -0.312044
7.025, -0.312204
7.02, -0.312019
7.225, -0.305527
7.12, -0.308256
7.075, -0.309905
7.115, -0.308603
7.08, -0.30972
7.125, -0.30876
7.145, -0.307713
7.15, -0.307172
7.135, -0.307809
7.14, -0.308365
7.11, -0.30879
7.155, -0.308119
7.1, -0.309108
7.095, -0.309075
7.105, -0.308892
7.18, -0.306394
7.175, -0.306221
7.17, -0.305894
7.13, -0.308487
7.205, -0.306495
7.195, -0.305397
7.21, -0.304824
7.165, -0.307706
7.2, -0.306063
7.255, -0.304942
7.245, -0.304827
7.215, -0.305816
7.235, -0.304135
7.22, -0.304651
7.26, -0.304044
7.23, -0.305562
7.25, -0.304426
7.24, -0.305101
7.275, -0.302152
7.28, -0.303526
7.285, -0.303338
7.265, -0.303722
7.27, -0.30417
7.295, -0.302613
7.29, -0.303442
7.3, -0.302777
7.305, -0.302177
7.315, -0.301513
7.33, -0.301958
7.32, -0.301794
7.325, -0.301998
7.31, -0.30222
7.4, -0.299612
7.405, -0.299612
7.44, -0.298046
7.335, -0.301073
7.435, -0.297894
7.375, -0.29959
7.38, -0.300624
7.345, -0.300538
7.365, -0.300782
7.35, -0.301182
7.355, -0.301431
7.37, -0.299638
7.385, -0.299636
7.45, -0.297957
7.34, -0.301214
7.415, -0.299305
7.43, -0.299323
7.41, -0.300104
7.42, -0.298514
7.425, -0.298674
7.395, -0.299613
7.39, -0.299722
7.445, -0.299148
7.46, -0.297327
7.455, -0.297747
7.465, -0.297497
7.49, -0.296429
7.485, -0.296433
7.48, -0.297983
7.47, -0.29706
7.475, -0.297113
7.495, -0.297179
7.5, -0.296113
7.575, -0.293462
7.57, -0.294303
7.505, -0.296096
7.655, -0.292015
7.525, -0.295858
7.54, -0.294296
7.545, -0.295155
7.55, -0.295033
7.53, -0.294673
7.535, -0.294429
7.52, -0.296743
7.51, -0.296286
7.555, -0.293869
7.515, -0.295855
7.565, -0.293434
7.585, -0.294351
7.595, -0.292985
7.59, -0.29402
7.56, -0.294201
7.605, -0.293559
7.6, -0.293421
7.58, -0.293455
7.66, -0.291723
7.665, -0.29138
7.67, -0.291715
7.615, -0.292037
7.62, -0.293484
7.61, -0.293439
7.625, -0.292746
7.695, -0.290284
7.69, -0.290411
7.7, -0.289496
7.705, -0.290511
7.68, -0.291243
7.685, -0.29044
7.675, -0.29136
7.715, -0.289757
7.72, -0.290277
7.71, -0.29052
7.735, -0.28971
7.73, -0.290151
7.725, -0.28955
7.775, -0.288459
7.77, -0.288115
7.78, -0.288498
7.745, -0.288323
7.755, -0.288904
7.74, -0.28994
7.75, -0.289169
7.765, -0.28868
7.76, -0.288808
7.785, -0.288039
7.85, -0.286048
7.815, -0.287049
7.8, -0.287644
7.805, -0.287613
7.79, -0.287998
7.795, -0.288702
7.81, -0.28706
7.82, -0.286952
7.825, -0.286897
7.845, -0.286724
7.84, -0.286703
7.835, -0.28646
7.83, -0.286282
7.895, -0.285149
7.89, -0.284958
7.855, -0.285574
7.865, -0.285405
7.875, -0.285573
7.88, -0.285209
7.885, -0.285967
7.87, -0.285139
7.86, -0.286265
7.9, -0.285235
7.91, -0.284088
7.905, -0.285657
7.925, -0.284067
7.92, -0.284716
7.915, -0.285168
7.95, -0.28428
7.945, -0.283824
7.94, -0.283604
7.935, -0.284892
7.93, -0.284196
7.96, -0.283148
7.955, -0.282295
7.965, -0.281649
7.99, -0.282424
7.97, -0.283318
7.975, -0.282485
7.98, -0.282896
8.005, -0.282513
8.025, -0.282247
7.995, -0.283549
8.015, -0.281397
8.01, -0.281594
8.02, -0.282335
7.985, -0.282867
8.03, -0.282372
8.035, -0.281228
8.045, -0.280218
8.04, -0.280853
8.11, -0.279492
8.105, -0.278064
8.085, -0.27937
8.08, -0.280318
8.05, -0.281121
8.075, -0.279857
8.07, -0.279946
8.065, -0.280774
8.06, -0.280342
8.095, -0.279632
8.09, -0.280039
8.055, -0.281161
8, -0.282382
8.13, -0.27909
8.125, -0.279674
8.14, -0.279033
8.145, -0.2785
8.135, -0.279052
8.1, -0.278711
8.15, -0.27851
8.115, -0.278659
8.12, -0.279038
8.18, -0.278258
8.16, -0.277624
8.235, -0.276362
8.23, -0.276488
8.2, -0.276057
8.205, -0.276753
8.22, -0.276307
8.215, -0.276349
8.21, -0.276504
8.17, -0.278316
8.165, -0.278029
8.175, -0.277453
8.225, -0.276865
8.195, -0.277487
8.185, -0.27813
8.19, -0.277055
8.155, -0.278595
8.245, -0.27621
8.24, -0.275651
8.335, -0.273775
8.275, -0.275034
8.27, -0.274988
8.255, -0.276124
8.25, -0.277089
8.26, -0.274729
8.365, -0.272558
8.29, -0.275091
8.3, -0.274438
8.295, -0.274528
8.28, -0.275692
8.285, -0.275162
8.265, -0.276122
8.305, -0.273604
8.325, -0.27402
8.33, -0.273147
8.32, -0.274216
8.345, -0.273548
8.315, -0.273934
8.39, -0.272472
8.31, -0.274059
8.355, -0.27357
8.36, -0.272852
8.395, -0.272928
8.34, -0.273555
8.35, -0.272623
8.375, -0.272465
8.38, -0.273186
8.37, -0.272417
8.405, -0.271514
8.385, -0.272341
8.415, -0.270818
8.41, -0.272428
8.425, -0.271909
8.4, -0.272145
8.42, -0.271407
8.435, -0.271997
8.47, -0.269603
8.45, -0.271309
8.46, -0.270362
8.445, -0.271524
8.455, -0.270841
8.465, -0.270796
8.44, -0.271058
8.43, -0.271267
8.485, -0.270368
8.48, -0.270082
8.505, -0.270112
8.5, -0.26953
8.495, -0.269518
8.49, -0.270773
8.52, -0.270318
8.475, -0.270059
8.555, -0.269367
8.575, -0.268017
8.55, -0.269143
8.57, -0.269173
8.51, -0.269547
8.515, -0.269463
8.59, -0.267128
8.585, -0.268311
8.545, -0.269206
8.535, -0.269613
8.53, -0.269234
8.54, -0.269669
8.58, -0.268047
8.525, -0.269171
8.635, -0.266979
8.565, -0.268365
8.63, -0.267188
8.56, -0.26813
8.605, -0.267883
8.6, -0.268116
8.65, -0.266745
8.645, -0.267422
8.595, -0.267902
8.61, -0.267381
8.625, -0.266866
8.62, -0.267374
8.615, -0.267246
8.64, -0.267064
8.655, -0.266639
8.66, -0.266084
8.785, -0.263953
8.78, -0.263761
7.645, -0.292293
7.65, -0.291664
8.665, -0.265648
7.64, -0.292002
8.75, -0.263875

8.815, -0.2628
8.825, -0.262121
8.74, -0.264724
8.82, -0.26267
7.63, -0.292313
8.7, -0.265035
8.71, -0.26496
8.705, -0.264672
8.695, -0.265861
8.68, -0.265642
8.67, -0.266344
8.69, -0.26462
8.685, -0.265159
8.675, -0.265374
8.735, -0.264287
8.72, -0.26456
8.745, -0.264844
8.81, -0.263227
8.765, -0.264566
8.805, -0.263323
8.77, -0.263897
8.8, -0.26241
8.755, -0.264652
8.76, -0.263354
8.795, -0.263813
8.725, -0.26477
8.945, -0.260199
8.87, -0.260678
8.85, -0.261464
8.83, -0.262896
8.855, -0.262514
8.845, -0.261963
8.84, -0.261832
8.835, -0.26291
8.79, -0.263815
8.96, -0.259945
8.97, -0.259725
8.775, -0.263735
8.86, -0.261748
8.73, -0.264808
8.95, -0.258962
9.02, -0.258954
9.035, -0.257926
8.915, -0.260674
8.885, -0.262138
8.91, -0.260957
8.875, -0.261237
8.905, -0.261407
8.89, -0.261785
8.865, -0.261238
8.88, -0.260367
8.9, -0.260487
8.895, -0.260944
8.935, -0.260319
8.93, -0.260712
8.92, -0.26101
9.005, -0.258994
8.965, -0.259386
8.985, -0.259074
8.98, -0.25974
8.99, -0.258734
8.955, -0.259395
8.975, -0.25927
8.94, -0.259777
8.925, -0.260572
8.995, -0.260033
9.025, -0.258441
9.17, -0.255763
9.06, -0.258276
9.015, -0.258282
9.01, -0.259478
9, -0.258644
9.185, -0.255723
9.055, -0.256787
9.07, -0.257395
9.03, -0.257644
9.065, -0.258162
9.075, -0.257396
9.095, -0.256969
9.09, -0.256833
9.08, -0.25754
9.05, -0.258287
9.04, -0.258994
9.045, -0.258964
9.115, -0.256313
9.085, -0.256866
9.12, -0.256312
9.1, -0.256446
9.105, -0.25687
9.15, -0.256314
9.16, -0.25614
9.165, -0.255247
9.11, -0.256349
9.125, -0.256917
9.135, -0.25666
9.19, -0.255378
9.345, -0.252198
9.21, -0.253991
9.195, -0.254314
9.2, -0.255714
9.155, -0.255545
9.205, -0.253989
9.13, -0.256579
9.14, -0.255649
9.145, -0.255928
9.25, -0.253868
9.255, -0.254395
9.235, -0.254718
9.24, -0.253885
9.375, -0.251918
9.38, -0.250875
9.285, -0.25298
9.18, -0.255116
9.22, -0.254716
9.215, -0.254679
9.275, -0.253295
9.28, -0.253487
9.26, -0.253112
9.225, -0.254931
9.23, -0.254524

9.27, -0.253157
9.33, -0.251818
9.34, -0.252923
9.29, -0.253383
9.31, -0.252604
9.3, -0.253066
9.305, -0.252938
9.355, -0.252078
9.325, -0.252874
9.32, -0.251554
9.315, -0.252469
9.335, -0.253605
9.295, -0.252865
9.365, -0.251968
9.41, -0.251148
9.36, -0.251521
9.405, -0.250775
9.415, -0.25063
9.39, -0.251785
9.385, -0.251216
9.395, -0.25094
9.4, -0.251171
9.42, -0.250237
9.35, -0.251739
9.37, -0.25151
9.46, -0.249454
9.45, -0.250433
9.455, -0.249416
9.48, -0.250005
9.51, -0.248283
9.515, -0.249137
9.53, -0.24879
9.52, -0.249084
9.485, -0.249067
9.525, -0.248533
9.505, -0.24898
9.475, -0.249454
9.445, -0.250466
9.44, -0.25027
9.435, -0.250156
9.43, -0.250652
9.425, -0.250481
9.47, -0.249703
9.465, -0.250264
9.495, -0.249758
9.49, -0.249533
9.5, -0.249486
9.535, -0.248825
9.545, -0.248417
9.58, -0.24762
9.55, -0.2481
9.555, -0.247831
9.59, -0.247578
9.565, -0.247391
9.585, -0.247731
9.56, -0.248274
9.54, -0.247823
9.63, -0.246274
9.575, -0.248198
9.57, -0.246758
9.595, -0.247582
9.625, -0.247512
9.62, -0.246794
9.615, -0.246461
9.61, -0.246845
9.64, -0.24621
9.635, -0.247713
9.605, -0.246676
9.67, -0.24574
9.655, -0.246505
9.66, -0.246439
9.74, -0.245905
9.665, -0.246431
9.735, -0.245108
9.675, -0.246115
9.68, -0.245343
9.65, -0.247588
9.7, -0.245298
9.6, -0.247729
9.695, -0.244595
9.75, -0.244919
9.645, -0.247139
9.755, -0.244953
9.725, -0.244656
9.685, -0.246142
9.69, -0.246085
9.73, -0.244902
9.745, -0.245659
9.71, -0.245639
9.715, -0.245668
9.875, -0.243565
9.87, -0.242643
9.72, -0.245212
9.865, -0.243791
9.76, -0.243211
9.765, -0.245103
9.785, -0.244747
9.78, -0.243572
9.905, -0.241936
9.8, -0.243385
9.825, -0.24254
9.815, -0.244782
9.81, -0.243906
9.82, -0.243763
9.795, -0.24395
9.705, -0.246242
9.805, -0.243984
9.77, -0.244867
9.775, -0.243872
9.79, -0.243974
9.895, -0.242501
9.85, -0.242734
9.84, -0.243192
9.845, -0.243317
9.94, -0.241486
9.965, -0.241073
9.855, -0.243279
9.9, -0.242385
9.91, -0.242363
9.93, -0.241801
9.86, -0.2426
9.945, -0.241598
9.915, -0.242176
9.95, -0.241546
9.92, -0.242054
9.925, -0.241721
9.955, -0.241314
9.97, -0.241241
9.96, -0.240708
9.98, -0.240437
9.935, -0.241532
9.985, -0.24014
9.975, -0.242123
9.99, -0.241468
9.995, -0.240584
10, -0.240222
8.715, -0.264845
9.175, -0.256023
9.83, -0.243748
9.835, -0.243377
9.89, -0.241704
9.885, -0.242452
9.88, -0.242784
