0.005, 0.0138734
0.01, 0.144131
0.015, 5247.7
0.02, 0.162863
0.025, 0.030288
0.03, 0.0765121
0.035, 0.0315616
0.04, 0.131458
0.045, 0.447976
0.05, 0.409014
0.055, 0.216196
0.06, 0.224021
0.065, 0.227469
0.07, 0.214219
0.075, 0.209741
0.08, 0.199908
0.085, 0.201547
0.09, 0.1953
0.095, 0.194182
0.1, 0.18852
0.105, 0.190135
0.11, 0.190815
0.115, 0.191366
0.12, 0.191233
0.125, 0.197255
0.13, 0.196796
0.135, 0.201771
0.14, 0.206571
0.145, 0.208291
0.15, 0.213569
0.155, 0.216088
0.16, 0.2198
0.165, 0.222605
0.17, 0.226801
0.18, 0.235487
0.175, 0.233799
0.185, 0.239115
0.195, 0.251297
0.19, 0.24363
0.2, 0.25189
0.205, 0.253628
0.21, 0.253923
0.215, 0.264049
0.22, 0.263568
0.225, 0.268421
0.23, 0.269592
0.235, 0.268346
0.24, 0.272607
0.245, 0.275993
0.25, 0.277132
0.255, 0.276779
0.265, 0.281649
0.26, 0.278323
0.27, 0.280691
0.275, 0.276455
0.28, 0.27599
0.285, 0.282024
0.29, 0.279692
0.295, 0.27939
0.3, 0.277164
0.305, 0.27888
0.31, 0.27959
0.315, 0.2752
0.32, 0.277149
0.33, 0.274961
0.325, 0.273826
0.335, 0.275837
0.34, 0.27252
0.345, 0.26821
0.35, 0.267777
0.355, 0.272739
0.36, 0.267871
0.365, 0.266526
0.37, 0.263024
0.375, 0.262196
0.38, 0.260247
0.385, 0.261503
0.395, 0.25807
0.39, 0.257747
0.4, 0.255848
0.41, 0.252917
0.405, 0.253946
0.415, 0.252053
0.42, 0.247488
0.43, 0.248379
0.425, 0.250404
0.435, 0.25002
0.44, 0.243377
0.45, 0.245039
0.445, 0.243939
0.455, 0.246051
0.46, 0.24375
0.47, 0.241029
0.475, 0.240965
0.465, 0.2423
0.48, 0.24024
0.495, 0.240897
0.485, 0.241239
0.49, 0.238689
0.5, 0.240201
0.505, 0.237647
0.51, 0.238327
0.515, 0.23694
0.52, 0.237154
0.53, 0.237587
0.525, 0.2392
0.535, 0.234555
0.54, 0.236484
0.545, 0.236446
0.55, 0.23886
0.56, 0.240495
0.555, 0.241897
0.565, 0.241953
0.57, 0.241702
0.575, 0.240971
0.58, 0.243886
0.585, 0.240603
0.595, 0.23948
0.59, 0.24241
0.6, 0.243837
0.61, 0.242814
0.605, 0.240807
0.615, 0.243466
0.62, 0.244682
0.625, 0.246229
0.63, 0.247627
0.635, 0.247963
0.64, 0.24936
0.655, 0.250245
0.65, 0.250203
0.645, 0.25305
0.66, 0.251539
0.67, 0.255801
0.665, 0.252395
0.675, 0.252649
0.68, 0.257677
0.685, 0.256665
0.69, 0.258392
0.7, 0.262581
0.695, 0.261956
0.705, 0.264636
0.71, 0.265307
0.715, 0.267576
0.72, 0.265917
0.725, 0.265306
0.73, 0.271115
0.735, 0.273551
0.74, 0.272642
0.75, 0.273065
0.745, 0.274573
0.755, 0.271582
0.76, 0.279125
0.765, 0.278921
0.77, 0.279651
0.775, 0.2829
0.78, 0.284032
0.785, 0.285969
0.79, 0.285508
0.795, 0.286464
0.8, 0.287261
0.81, 0.292026
0.805, 0.290293
0.815, 0.293843
0.82, 0.29535
0.825, 0.297498
0.835, 0.300893
0.83, 0.299943
0.84, 0.305786
0.845, 0.305338
0.85, 0.309074
0.855, 0.308654
0.86, 0.306909
0.865, 0.310832
0.87, 0.312957
0.875, 0.321211
0.885, 0.316716
0.88, 0.317071
0.89, 0.321149
0.895, 0.324345
0.9, 0.326215
0.905, 0.332311
0.91, 0.327262
0.915, 0.332946
0.92, 0.33501
0.925, 0.333646
0.93, 0.340526
0.935, 0.340728
0.945, 0.340479
0.94, 0.340017
0.95, 0.34507
0.955, 0.354491
0.96, 0.350495
0.965, 0.349001
0.97, 0.35602
0.975, 0.352051
0.98, 0.36089
0.985, 0.364605
0.99, 0.364409
0.995, 0.367448
1, 0.372672
1.005, 0.370265
1.01, 0.376478
1.015, 0.378482
1.025, 0.382356
1.02, 0.377111
1.035, 0.387127
1.03, 0.386581
1.04, 0.385883
1.05, 0.39411
1.045, 0.392512
1.06, 0.402469
1.055, 0.391606
1.07, 0.405577
1.075, 0.41154
1.065, 0.398782
1.09, 0.422186
1.085, 0.412438
1.08, 0.412011
1.095, 0.421594
1.1, 0.423012
1.105, 0.420573
1.11, 0.429891
1.115, 0.432403
1.12, 0.428522
1.125, 0.434963
1.13, 0.442377
1.135, 0.444107
1.14, 0.448027
1.145, 0.447547
1.155, 0.459431
1.15, 0.453892
1.165, 0.462242
1.16, 0.466449
1.175, 0.471076
1.17, 0.467977
1.18, 0.478724
1.185, 0.477116
1.19, 0.483337
1.21, 0.498955
1.2, 0.488161
1.195, 0.483711
1.205, 0.493561
1.215, 0.500242
1.22, 0.506557
1.225, 0.509419
1.245, 0.525285
1.23, 0.506321
1.24, 0.518344
1.235, 0.520273
1.25, 0.525727
1.26, 0.538762
1.265, 0.543618
1.255, 0.535048
1.27, 0.549953
1.28, 0.5584
1.275, 0.548301
1.29, 0.565242
1.295, 0.568461
1.285, 0.559997
1.3, 0.582352
1.305, 0.582558
1.31, 0.585439
1.315, 0.586612
1.32, 0.588763
1.325, 0.588371
1.335, 0.610083
1.33, 0.598905
1.34, 0.610584
1.345, 0.609361
1.35, 0.616356
1.355, 0.626022
1.36, 0.62795
1.365, 0.641253
1.37, 0.643456
1.375, 0.647977
1.385, 0.662115
1.39, 0.656824
1.38, 0.650183
1.395, 0.670815
1.4, 0.67858
1.415, 0.691534
1.405, 0.677784
1.41, 0.683434
1.42, 0.698574
1.43, 0.709668
1.425, 0.702508
1.435, 0.720658
1.44, 0.719792
1.445, 0.73269
1.45, 0.733954
1.455, 0.737759
1.46, 0.744455
1.47, 0.757279
1.465, 0.763571
1.475, 0.762667
1.48, 0.774233
1.485, 0.786149
1.49, 0.790128
1.495, 0.793615
1.51, 0.824276
1.5, 0.803138
1.505, 0.801974
1.53, 0.846909
1.515, 0.826247
1.525, 0.834821
1.52, 0.825181
1.535, 0.853179
1.54, 0.853503
1.55, 0.881096
1.545, 0.863323
1.555, 0.88917
1.56, 0.887959
1.565, 0.898151
1.58, 0.92274
1.575, 0.90434
1.57, 0.9067
1.595, 0.942033
1.585, 0.92739
1.59, 0.928058
1.605, 0.956407
1.6, 0.954976
1.61, 0.979559
1.62, 0.999576
1.615, 0.983613
1.625, 0.994969
1.63, 1.00938
1.635, 1.00191
1.645, 1.0247
1.64, 1.00691
1.65, 1.02333
1.66, 1.0426
1.655, 1.04386
1.68, 1.08307
1.67, 1.05601
1.675, 1.06329
1.665, 1.04908
1.685, 1.06069
1.695, 1.09635
1.69, 1.08604
1.7, 1.10646
1.705, 1.09233
1.71, 1.11216
1.715, 1.1252
1.72, 1.13272
1.725, 1.14646
1.73, 1.13902
1.735, 1.14818
1.74, 1.15287
1.745, 1.14572
1.755, 1.1643
1.75, 1.16241
1.765, 1.16907
1.76, 1.1638
1.77, 1.17331
1.775, 1.18501
1.78, 1.1728
1.785, 1.17059
1.79, 1.20292
1.795, 1.18674
1.8, 1.17523
1.805, 1.21483
1.815, 1.21056
1.81, 1.19798
1.82, 1.21502
1.825, 1.20374
1.83, 1.19755
1.835, 1.2112
1.84, 1.20852
1.845, 1.2242
1.85, 1.20986
1.855, 1.21174
1.86, 1.20837
1.87, 1.20008
1.865, 1.2019
1.875, 1.22234
1.88, 1.21415
1.885, 1.19746
1.89, 1.20656
1.895, 1.20073
1.91, 1.20157
1.9, 1.18673
1.905, 1.18981
1.915, 1.1842
1.92, 1.19694
1.93, 1.18399
1.925, 1.18027
1.935, 1.17262
1.94, 1.16617
1.95, 1.1529
1.945, 1.1595
1.955, 1.15758
1.96, 1.15253
1.975, 1.13147
1.965, 1.14483
1.97, 1.13527
1.985, 1.12251
1.99, 1.12282
2.005, 1.11996
1.995, 1.11554
2, 1.1056
2.01, 1.09823
2.015, 1.08865
2.02, 1.07885
2.035, 1.06907
2.03, 1.07105
2.025, 1.07619
2.04, 1.06353
2.045, 1.06294
2.05, 1.04084
2.055, 1.04319
2.065, 1.03039
2.06, 1.02416
2.07, 1.01347
2.075, 1.00372
2.08, 0.998188
2.085, 0.996693
2.1, 0.974157
2.09, 0.981059
2.095, 0.99291
2.105, 0.973173
2.11, 0.96799
2.115, 0.955742
2.12, 0.943703
1.98, 1.12763
2.125, 0.947009
2.13, 0.943995
2.135, 0.923037
2.14, 0.921401
2.145, 0.922003
2.15, 0.900766
2.155, 0.899905
2.16, 0.891909
2.165, 0.882116
2.17, 0.880415
2.175, 0.873426
2.18, 0.871863
2.185, 0.868832
2.195, 0.862564
2.19, 0.862516
2.205, 0.843998
2.21, 0.836262
2.215, 0.830861
2.225, 0.812719
2.22, 0.819415
2.23, 0.809074
2.24, 0.805337
2.235, 0.803544
2.245, 0.782921
2.25, 0.790778
2.255, 0.783236
2.26, 0.764594
2.265, 0.774473
2.28, 0.750666
2.27, 0.766768
2.275, 0.76277
2.285, 0.752891
2.29, 0.740768
2.295, 0.735343
2.3, 0.735449
2.305, 0.729965
2.31, 0.726738
2.32, 0.712358
2.315, 0.722906
2.325, 0.709505
2.33, 0.712739
2.335, 0.695163
2.34, 0.690885
2.345, 0.682552
2.365, 0.662417
2.35, 0.691831
2.36, 0.687157
2.355, 0.682716
2.37, 0.662802
2.375, 0.659046
2.385, 0.657908
2.39, 0.657971
2.38, 0.663275
2.395, 0.64396
2.41, 0.634615
2.2, 0.85015
2.4, 0.638328
2.405, 0.633947
2.415, 0.624901
2.42, 0.622749
2.425, 0.621976
2.43, 0.614354
2.445, 0.603704
2.435, 0.615023
2.44, 0.611282
2.45, 0.602545
2.455, 0.602809
2.46, 0.591445
2.465, 0.590113
2.47, 0.587837
2.495, 0.574443
2.475, 0.584175
2.48, 0.58335
2.49, 0.574633
2.485, 0.575436
2.515, 0.558352
2.505, 0.565031
2.51, 0.558791
2.52, 0.556899
2.525, 0.544929
2.53, 0.551134
2.535, 0.540899
2.54, 0.538774
2.56, 0.52823
2.545, 0.540565
2.55, 0.535284
2.555, 0.530135
2.57, 0.517631
2.565, 0.527518
2.575, 0.523696
2.58, 0.517957
2.585, 0.520562
2.595, 0.513148
2.6, 0.503848
2.59, 0.512864
2.615, 0.500156
2.605, 0.503155
2.61, 0.502477
2.635, 0.479891
2.625, 0.492922
2.62, 0.493866
2.63, 0.488702
2.645, 0.479815
2.64, 0.480831
2.65, 0.479159
2.655, 0.472802
2.66, 0.472189
2.665, 0.472796
2.675, 0.464592
2.67, 0.471864
2.68, 0.463873
2.685, 0.461992
2.69, 0.45952
2.695, 0.449266
2.7, 0.455901
2.71, 0.452139
2.715, 0.447649
2.705, 0.45002
2.74, 0.43465
2.735, 0.435658
2.725, 0.448165
2.72, 0.450782
2.745, 0.434765
2.73, 0.440564
2.75, 0.431949
2.755, 0.425938
2.77, 0.421378
2.765, 0.425452
2.76, 0.428883
2.775, 0.422191
2.78, 0.416135
2.785, 0.412914
2.79, 0.413596
2.815, 0.405439
2.5, 0.570176
2.8, 0.408036
2.795, 0.412509
2.81, 0.404365
2.805, 0.404894
2.82, 0.402127
2.825, 0.403404
2.83, 0.398531
2.835, 0.396104
2.84, 0.395068
2.88, 0.377036
2.855, 0.386469
2.85, 0.394441
2.845, 0.392423
2.875, 0.380341
2.87, 0.380408
2.86, 0.385611
2.885, 0.379318
2.865, 0.380767
2.89, 0.370193
2.895, 0.37158
2.9, 0.370414
2.905, 0.367745
2.92, 0.36837
2.915, 0.364555
2.91, 0.367717
2.925, 0.36282
2.93, 0.362326
2.935, 0.356391
2.94, 0.363882
2.95, 0.354169
2.945, 0.354521
2.955, 0.358341
2.96, 0.354916
2.965, 0.345062
3, 0.336591
2.97, 0.348655
2.98, 0.345869
2.975, 0.349424
3.005, 0.337249
3.01, 0.33984
2.99, 0.343972
2.985, 0.342771
2.995, 0.34037
3.015, 0.33612
3.025, 0.331523
3.03, 0.331693
3.02, 0.332338
3.035, 0.32893
3.045, 0.324245
3.04, 0.32682
3.05, 0.321559
3.065, 0.318473
3.055, 0.323916
3.07, 0.321609
3.06, 0.326425
3.075, 0.31536
3.08, 0.316121
3.085, 0.314734
3.095, 0.310842
3.09, 0.311938
3.1, 0.311596
3.105, 0.306323
3.115, 0.307837
3.11, 0.305403
3.125, 0.306812
3.135, 0.303449
3.12, 0.303728
3.13, 0.30155
3.14, 0.299257
3.16, 0.295793
3.155, 0.296716
3.145, 0.301684
3.15, 0.297363
3.165, 0.294341
3.17, 0.293505
3.175, 0.292222
3.18, 0.290123
3.185, 0.292959
3.19, 0.290094
3.2, 0.285831
3.195, 0.285582
3.205, 0.288404
3.21, 0.283118
3.22, 0.277462
3.215, 0.283218
3.225, 0.282189
3.235, 0.278466
3.23, 0.277091
3.24, 0.274533
3.245, 0.2784
3.25, 0.274861
3.255, 0.272941
3.26, 0.273115
3.265, 0.268912
3.27, 0.272286
3.275, 0.270539
3.28, 0.268565
3.3, 0.263766
3.29, 0.266186
3.285, 0.265909
3.295, 0.262793
3.32, 0.25879
3.325, 0.258839
3.31, 0.260899
3.315, 0.260218
3.305, 0.264127
3.33, 0.256736
3.335, 0.257969
3.34, 0.255127
3.35, 0.255077
3.345, 0.253879
3.355, 0.251375
3.365, 0.25145
3.375, 0.249054
3.36, 0.250663
3.37, 0.249153
3.38, 0.248717
3.385, 0.245794
3.41, 0.241556
3.43, 0.237156
3.39, 0.246538
3.395, 0.244497
3.415, 0.239977
3.4, 0.24274
3.425, 0.239332
3.405, 0.241677
3.42, 0.238865
3.45, 0.233426
3.44, 0.23879
3.445, 0.236634
3.435, 0.239732
3.46, 0.231537
3.465, 0.231388
3.455, 0.231762
3.475, 0.232794
3.47, 0.230886
3.48, 0.230484
3.485, 0.22879
3.495, 0.225288
3.49, 0.228269
3.515, 0.222923
3.5, 0.226828
3.505, 0.225163
3.535, 0.222133
3.54, 0.21991
3.51, 0.224637
3.52, 0.22247
3.53, 0.219066
3.525, 0.222376
3.545, 0.215736
3.55, 0.216954
3.56, 0.215397
3.555, 0.218389
3.565, 0.215833
3.58, 0.212499
3.57, 0.214572
3.575, 0.215593
3.585, 0.210748
3.61, 0.206283
3.59, 0.211851
3.595, 0.209762
3.615, 0.210552
3.605, 0.209273
3.6, 0.207618
3.625, 0.204376
3.62, 0.207101
3.63, 0.207106
3.645, 0.201387
3.635, 0.204762
3.64, 0.206377
3.655, 0.202694
3.66, 0.201877
3.665, 0.199818
3.68, 0.199344
3.65, 0.204345
3.675, 0.199347
3.67, 0.200672
3.71, 0.193412
3.685, 0.198235
3.695, 0.195478
3.7, 0.195084
3.69, 0.196042
3.705, 0.195595
3.725, 0.194416
3.72, 0.19082
3.715, 0.195277
3.745, 0.187945
3.75, 0.191068
3.735, 0.189456
3.73, 0.19026
3.74, 0.193392
3.76, 0.188516
3.755, 0.189725
3.77, 0.186129
3.78, 0.184217
3.765, 0.188861
3.785, 0.18518
3.79, 0.18519
3.775, 0.188657
3.825, 0.182689
3.805, 0.182794
3.795, 0.182956
3.8, 0.183458
3.81, 0.181769
3.815, 0.180109
3.82, 0.181619
3.83, 0.180407
3.835, 0.180553
3.845, 0.17791
3.84, 0.178418
3.85, 0.178129
3.865, 0.175035
3.855, 0.176672
3.86, 0.17649
3.885, 0.174728
3.87, 0.175009
3.88, 0.172814
3.89, 0.172857
3.875, 0.172394
3.895, 0.172226
3.905, 0.170329
3.91, 0.170159
3.925, 0.170581
3.9, 0.169461
3.92, 0.168153
3.915, 0.169253
3.935, 0.167248
3.93, 0.168771
3.945, 0.166741
3.94, 0.167704
3.95, 0.165654
3.955, 0.163206
3.985, 0.159891
3.965, 0.166007
3.97, 0.163659
3.975, 0.163903
3.96, 0.165156
3.98, 0.16206
4.01, 0.159821
3.99, 0.16078
3.995, 0.162529
4.005, 0.161601
4.015, 0.159633
4, 0.162264
4.02, 0.157322
4.04, 0.156984
4.025, 0.157513
4.03, 0.159866
4.035, 0.158045
4.045, 0.156406
4.05, 0.15549
4.055, 0.155585
4.06, 0.15557
4.065, 0.153349
4.07, 0.153525
4.075, 0.15355
4.08, 0.152372
4.085, 0.15141
4.1, 0.151314
4.09, 0.151953
4.105, 0.151135
4.095, 0.152216
4.11, 0.149135
4.125, 0.149603
4.12, 0.150769
4.115, 0.150848
4.145, 0.145253
4.14, 0.147288
4.135, 0.148466
4.13, 0.149057
4.15, 0.146468
4.155, 0.14643
4.175, 0.144533
4.165, 0.145598
4.19, 0.142745
4.18, 0.143935
4.16, 0.145505
4.17, 0.144381
4.185, 0.142134
4.195, 0.143137
4.2, 0.142098
4.205, 0.141573
4.21, 0.142306
4.215, 0.141732
4.225, 0.139721
4.22, 0.140019
4.23, 0.140368
4.235, 0.140272
4.24, 0.139139
4.25, 0.139066
4.245, 0.136851
4.255, 0.139091
4.265, 0.136123
4.26, 0.137119
4.27, 0.136105
4.28, 0.136857
4.275, 0.134966
4.3, 0.133782
4.305, 0.134804
4.285, 0.137928
4.29, 0.137031
4.295, 0.134862
4.335, 0.13161
4.34, 0.130514
4.32, 0.1326
4.315, 0.13579
4.33, 0.131679
4.31, 0.134763
4.325, 0.133352
4.345, 0.131258
4.36, 0.129279
4.355, 0.131512
4.35, 0.131207
4.365, 0.129775
4.38, 0.128083
4.37, 0.129755
4.375, 0.129915
4.385, 0.127742
4.39, 0.125976
4.4, 0.126814
4.415, 0.1268
4.405, 0.125631
4.41, 0.126411
4.42, 0.125676
4.43, 0.12393
4.435, 0.124555
4.425, 0.124772
4.445, 0.123835
4.44, 0.123974
4.45, 0.125293
4.455, 0.123367
4.465, 0.122301
4.46, 0.121911
4.47, 0.122213
4.475, 0.122173
4.48, 0.121133
4.485, 0.12228
4.49, 0.119754
4.495, 0.120276
4.535, 0.117372
4.53, 0.117738
4.5, 0.121071
4.505, 0.118746
4.51, 0.118037
4.525, 0.117998
4.515, 0.11963
4.54, 0.116451
4.52, 0.119625
4.55, 0.115923
4.545, 0.116841
4.555, 0.116846
4.565, 0.114897
4.56, 0.116054
4.575, 0.115141
4.57, 0.114687
4.58, 0.115685
4.59, 0.114894
4.585, 0.114496
4.605, 0.112676
4.595, 0.114536
4.6, 0.114009
4.61, 0.111939
4.615, 0.11223
4.63, 0.11234
4.62, 0.112642
4.635, 0.111577
4.65, 0.111503
4.645, 0.110399
4.64, 0.112841
4.625, 0.11152
4.655, 0.110669
4.66, 0.110581
4.665, 0.109511
4.67, 0.109386
4.68, 0.109988
4.675, 0.109084
4.705, 0.107472
4.7, 0.107458
4.69, 0.107643
4.715, 0.106715
4.685, 0.108768
4.71, 0.107136
4.695, 0.108672
4.72, 0.107475
4.725, 0.106674
4.73, 0.10667
4.735, 0.104836
4.745, 0.10381
4.74, 0.104917
4.75, 0.104109
4.76, 0.104653
4.755, 0.10548
4.765, 0.10453
4.77, 0.103956
4.78, 0.103615
4.79, 0.102399
4.775, 0.103608
4.785, 0.10461
4.795, 0.102134
4.8, 0.101955
4.81, 0.101564
4.805, 0.102208
4.825, 0.102352
4.82, 0.101256
4.815, 0.10223
4.83, 0.101497
4.835, 0.101324
4.84, 0.100769
4.845, 0.100585
4.85, 0.100299
4.855, 0.0989068
4.865, 0.0999253
4.86, 0.0990845
4.87, 0.0991309
4.88, 0.098259
4.875, 0.0990145
4.89, 0.0980782
4.885, 0.0985049
4.905, 0.0970268
4.91, 0.0971265
4.9, 0.0964089
4.895, 0.0966009
4.915, 0.0963072
4.925, 0.0974416
4.92, 0.0971377
4.93, 0.0969864
4.95, 0.0958161
4.945, 0.096276
4.955, 0.0951399
4.935, 0.0961638
4.94, 0.0953707
4.965, 0.0937434
4.96, 0.0948577
4.97, 0.0939695
4.975, 0.0937781
4.985, 0.0940444
4.98, 0.0939174
5.025, 0.0912495
4.99, 0.092892
5, 0.0924127
4.995, 0.0932201
5.02, 0.0916482
5.005, 0.0926118
5.015, 0.0929065
5.01, 0.0927516
5.03, 0.0909793
5.035, 0.0913414
5.04, 0.0908931
5.045, 0.091452
5.05, 0.0913256
5.06, 0.0895565
5.065, 0.0895119
5.055, 0.0901217
5.07, 0.0893873
5.075, 0.0899651
5.08, 0.089442
5.085, 0.0893485
5.095, 0.0886026
5.09, 0.0899138
5.1, 0.0888379
5.105, 0.0882933
5.11, 0.0876038
5.12, 0.0874363
5.115, 0.0879282
5.13, 0.0877677
5.14, 0.0870637
5.135, 0.0878949
5.125, 0.0882377
5.15, 0.0868063
5.16, 0.0863478
5.155, 0.0860549
5.145, 0.0877483
5.165, 0.0858923
5.17, 0.0854468
5.175, 0.0859208
5.185, 0.0843838
5.195, 0.0844347
5.18, 0.0857429
5.19, 0.0842663
5.2, 0.0855315
5.21, 0.0843258
5.205, 0.0843499
5.215, 0.0839399
5.245, 0.0835978
5.225, 0.0835031
5.235, 0.0834021
5.22, 0.0838442
5.24, 0.0827679
5.23, 0.0828659
5.25, 0.0818462
5.255, 0.0826258
5.26, 0.0827986
5.265, 0.082545
5.27, 0.0820088
5.275, 0.0819933
5.28, 0.0817099
5.285, 0.0815527
5.305, 0.0804094
5.3, 0.080152
5.29, 0.0817849
5.295, 0.0810634
5.31, 0.0804281
5.315, 0.0799788
5.32, 0.080589
5.325, 0.0804956
5.34, 0.080246
5.335, 0.0793012
5.345, 0.079091
5.365, 0.0779477
5.36, 0.078786
5.33, 0.0797514
5.35, 0.0785307
5.355, 0.0792005
5.37, 0.0784933
5.38, 0.0785422
5.375, 0.0777436
5.4, 0.0767228
5.395, 0.0776792
5.385, 0.0788656
5.39, 0.0782372
5.405, 0.0778159
5.41, 0.0770211
5.425, 0.0768544
5.42, 0.0775556
5.415, 0.0764728
5.43, 0.0763102
5.445, 0.0763104
5.435, 0.0767392
5.44, 0.0755896
5.45, 0.0761807
5.455, 0.0754011
5.46, 0.0757016
5.465, 0.0750251
5.47, 0.0755703
5.475, 0.0748895
5.495, 0.075074
5.49, 0.0739402
5.48, 0.0750422
5.51, 0.0738735
5.515, 0.0739403
5.485, 0.073945
5.505, 0.0738125
5.5, 0.074046
5.52, 0.0734621
5.525, 0.0732619
5.53, 0.0726194
5.535, 0.0729536
5.54, 0.0720292
5.545, 0.0721169
5.555, 0.071673
5.55, 0.072825
5.565, 0.0719089
5.56, 0.0723998
5.57, 0.0721405
5.585, 0.0718849
5.58, 0.0716377
5.575, 0.071697
5.59, 0.0716254
5.595, 0.0708062
5.605, 0.0706942
5.6, 0.0705639
5.61, 0.070387
5.615, 0.0703638
5.625, 0.0704413
5.635, 0.0700946
5.62, 0.0708591
5.63, 0.0698609
5.64, 0.0697741
5.645, 0.0693947
5.65, 0.0696231
5.655, 0.0692943
5.665, 0.0691378
5.66, 0.0689234
5.675, 0.0685962
5.68, 0.0687989
5.67, 0.0684963
5.685, 0.0682235
5.695, 0.0685759
5.69, 0.0679157
5.7, 0.067962
5.705, 0.0680343
5.71, 0.0677746
5.715, 0.0670154
5.72, 0.0670468
5.725, 0.0677776
5.73, 0.0673915
5.74, 0.066807
5.735, 0.0668406
5.75, 0.0662595
5.755, 0.0668804
5.745, 0.0666069
5.76, 0.0662977
5.765, 0.0658513
5.77, 0.0663976
5.775, 0.0664884
5.78, 0.066026
5.785, 0.0659686
5.79, 0.0647038
5.805, 0.0649945
5.795, 0.0648351
5.8, 0.0651885
5.81, 0.064558
5.815, 0.0645539
5.82, 0.0645332
5.825, 0.0634734
5.84, 0.0644644
5.835, 0.064067
5.83, 0.0648502
5.85, 0.0636774
5.845, 0.0640915
5.855, 0.0641054
5.86, 0.0638195
5.865, 0.0640767
5.885, 0.0633006
5.875, 0.0635164
5.87, 0.0632654
5.88, 0.0629044
5.89, 0.0638139
5.895, 0.0633894
5.9, 0.0625395
5.905, 0.0622288
5.915, 0.0625127
5.91, 0.0622143
5.92, 0.061876
5.925, 0.0618191
5.93, 0.0621449
5.935, 0.0616211
5.94, 0.0612363
5.945, 0.0619034
5.95, 0.0618508
5.955, 0.0613873
5.97, 0.0610556
5.965, 0.060874
5.975, 0.0610618
5.96, 0.0612027
5.98, 0.0605442
5.985, 0.0604419
5.99, 0.0607565
6.005, 0.0599761
6.01, 0.0600733
5.995, 0.0603725
6, 0.0607811
6.02, 0.0598263
6.015, 0.0594159
6.025, 0.0596101
6.03, 0.0599352
6.035, 0.0591907
6.045, 0.0594243
6.04, 0.0589168
6.055, 0.0583212
6.05, 0.0593049
6.065, 0.0594396
6.07, 0.0580296
6.06, 0.058631
6.075, 0.0579423
6.085, 0.0584483
6.08, 0.0590369
6.09, 0.0583266
6.095, 0.0580479
6.1, 0.0576829
6.105, 0.057572
6.11, 0.057457
6.12, 0.0577107
6.115, 0.057458
6.125, 0.0574484
6.145, 0.0572225
6.13, 0.0579647
6.14, 0.0571372
6.135, 0.0571773
6.15, 0.0568341
6.16, 0.0563065
6.155, 0.057031
6.18, 0.0564982
6.175, 0.0561752
6.165, 0.0564981
6.17, 0.0565253
6.19, 0.0560182
6.185, 0.05643
6.195, 0.0554749
6.2, 0.0565344
6.205, 0.0562489
6.215, 0.0555485
6.21, 0.0560358
6.22, 0.0564039
6.23, 0.0554841
6.225, 0.056435
6.235, 0.0551756
6.24, 0.0551183
6.245, 0.0548771
6.25, 0.0547736
6.255, 0.0545277
6.265, 0.0549848
6.26, 0.0542723
6.27, 0.0542744
6.285, 0.0543624
6.275, 0.0544799
6.28, 0.0542399
6.29, 0.0544626
6.3, 0.0532383
6.295, 0.0540752
6.305, 0.0537316
6.315, 0.0532755
6.32, 0.0534789
6.31, 0.0533425
6.33, 0.0530675
6.325, 0.052812
6.335, 0.0530024
6.34, 0.0525752
6.345, 0.0528388
6.35, 0.0525555
6.355, 0.0518181
6.36, 0.0528108
6.365, 0.0524664
6.37, 0.0527462
6.375, 0.0523316
6.385, 0.0521537
6.38, 0.0519862
6.39, 0.0518844
6.395, 0.0522464
6.4, 0.0518351
6.41, 0.0522769
6.43, 0.0513087
6.405, 0.0519126
6.425, 0.0519856
6.415, 0.0525385
6.42, 0.0516722
6.44, 0.0511796
6.435, 0.0512264
6.455, 0.0507656
6.445, 0.0512676
6.465, 0.0504254
6.46, 0.0507938
6.45, 0.0511306
6.48, 0.0500408
6.485, 0.0500547
6.47, 0.0506532
6.475, 0.0507013
6.49, 0.0503995
6.495, 0.0496955
6.5, 0.0497631
6.505, 0.049951
6.51, 0.0499702
6.515, 0.0495698
6.52, 0.0492404
6.53, 0.0491838
6.535, 0.0496467
6.525, 0.0496276
6.54, 0.0494553
6.555, 0.0491759
6.545, 0.0489051
6.565, 0.0488526
6.55, 0.0488677
6.57, 0.0485825
6.56, 0.0490777
6.575, 0.0485844
6.58, 0.0485932
6.585, 0.0493516
6.59, 0.0487412
6.595, 0.0478675
6.6, 0.0485629
6.605, 0.0481185
6.615, 0.0481138
6.61, 0.0483774
6.62, 0.0478246
6.635, 0.0476622
6.64, 0.0476933
6.63, 0.0479834
6.625, 0.0484615
6.645, 0.0480737
6.65, 0.0472871
6.66, 0.0473206
6.655, 0.047568
6.665, 0.0465647
6.67, 0.0476578
6.675, 0.0469067
6.68, 0.0467687
6.685, 0.0467358
6.7, 0.046732
6.695, 0.0466953
6.69, 0.0469486
6.705, 0.0465498
6.71, 0.0460887
6.715, 0.0465225
6.72, 0.0464765
6.725, 0.0466197
6.745, 0.0459021
6.73, 0.0466571
6.735, 0.0463041
6.74, 0.0458376
6.75, 0.0456916
6.755, 0.0454303
6.76, 0.045781
6.775, 0.045629
6.77, 0.0453528
6.765, 0.0455896
6.78, 0.0456682
6.815, 0.0445773
6.785, 0.0452816
6.79, 0.0450199
6.8, 0.0451331
6.805, 0.0444105
6.81, 0.0446563
6.795, 0.0453993
6.82, 0.0447865
6.825, 0.0449396
6.83, 0.0447537
6.835, 0.0445819
6.84, 0.0444569
6.85, 0.0444002
6.845, 0.044498
6.865, 0.0436103
6.855, 0.0443254
6.86, 0.0440492
6.87, 0.0443993
6.88, 0.0442539
6.875, 0.044032
6.885, 0.043531
6.89, 0.0439757
6.895, 0.0433788
6.9, 0.0439251
6.91, 0.0438625
6.915, 0.0429284
6.905, 0.0435028
6.945, 0.0426622
6.92, 0.0436806
6.925, 0.0433802
6.935, 0.0426658
6.94, 0.0429761
6.93, 0.0434587
6.95, 0.0432359
6.955, 0.042597
6.96, 0.0429987
6.965, 0.0430042
6.97, 0.0430959
6.98, 0.0423939
6.985, 0.0426975
6.975, 0.043038
7.005, 0.0419744
6.99, 0.0423529
6.995, 0.0422254
7.015, 0.0419683
7, 0.0420862
7.01, 0.0422857
7.02, 0.0423845
7.025, 0.0420074
7.035, 0.0420253
7.03, 0.0418008
7.04, 0.0420804
7.045, 0.0421835
7.05, 0.0418247
7.06, 0.0415708
7.055, 0.0413001
7.065, 0.041522
7.085, 0.0407684
7.07, 0.0410764
7.075, 0.0413389
7.08, 0.0408875
7.09, 0.0411561
7.105, 0.0408171
7.1, 0.0410377
7.11, 0.0406413
7.095, 0.041064
7.115, 0.0408419
7.12, 0.0406228
7.14, 0.0399805
7.125, 0.0409922
7.135, 0.039937
7.15, 0.0405274
7.145, 0.0399481
7.13, 0.0406474
7.155, 0.0401778
7.16, 0.0400779
7.165, 0.0401326
7.175, 0.0397621
7.17, 0.0403568
7.19, 0.0396377
7.18, 0.0394262
7.185, 0.0397599
7.195, 0.0402412
7.2, 0.0395463
