0.61, 0.0120855
0.615, 0.0121752
0.125, 0.00454329
0.12, 0.00456311
0.015, 0.00484224
0.17, 0.00543413
1.13, 0.0156216
0.03, 0.00445442
0.105, 0.00450796
0.375, 0.00974812
0.035, 0.00444683
0.01, 0.00444444
0.165, 0.00524032
0.155, 0.00500951
0.385, 0.00986866
0.38, 0.00982101
0.37, 0.00966596
0.115, 0.00452425
0.195, 0.00616229
0.705, 0.0128534
0.715, 0.0128905
0.1, 0.00449253
0.095, 0.00447698
0.11, 0.00447845
0.16, 0.0052018
0.2, 0.00634416
0.72, 0.0129615
0.02, 0.00444866
0.905, 0.0142381
0.895, 0.0141735
0.71, 0.0128919
0.025, 0.00446485
0.77, 0.0133034
0.675, 0.0126065
0.91, 0.0142684
0.235, 0.00732768
0.665, 0.0125442
0.9, 0.014208
0.255, 0.00776702
0.605, 0.0120194
0.76, 0.0132869
0.185, 0.005933
0.27, 0.0080782
0.265, 0.00797525
0.67, 0.0125721
0.26, 0.00787924
0.765, 0.013279
0.86, 0.0139749
0.34, 0.00925589
0.23, 0.00721611
0.335, 0.00919307
0.24, 0.00742562
0.175, 0.00553819
0.595, 0.0119649
0.19, 0.00598249
0.18, 0.00560485
0.59, 0.0119481
0.6, 0.0120346
0.33, 0.00911332
0.69, 0.0127287
0.685, 0.0126876
0.695, 0.012762
0.87, 0.0140043
0.68, 0.0126597
0.08, 0.00445081
0.865, 0.0139978
0.7, 0.0128234
1.24, 0.0162617
0.075, 0.00444741
0.09, 0.00446247
0.085, 0.00445554
1.125, 0.0156175
1.25, 0.016342
1.245, 0.0163177
0.35, 0.00940978
0.345, 0.00932636
0.355, 0.00947666
0.005, 0.00444444
0.13, 0.00469129
0.365, 0.00961006
1.14, 0.0157196
0.36, 0.00953374
0.14, 0.00479077
0.135, 0.00489648
0.31, 0.00878384
0.15, 0.00497609
0.835, 0.013778
0.145, 0.00486268
0.84, 0.0138323
0.85, 0.0139033
0.855, 0.0138901
0.845, 0.0138356
0.755, 0.0132248
0.75, 0.0131803
1.135, 0.015686
0.64, 0.0123722
0.225, 0.00704468
0.645, 0.0123858
0.66, 0.0125
0.21, 0.0066782
0.65, 0.0124367
0.655, 0.0124761
0.22, 0.00691856
0.205, 0.00645111
0.215, 0.00679596
0.305, 0.00871122
0.285, 0.00835867
0.25, 0.00765067
0.295, 0.00854196
0.3, 0.00861815
0.805, 0.0135546
0.81, 0.0135968
0.29, 0.00845074
0.815, 0.0136358
0.245, 0.00754084
0.62, 0.0121774
0.63, 0.0122596
0.32, 0.00896912
0.625, 0.012232
0.325, 0.00903447
0.885, 0.0141342
0.88, 0.0140866
0.875, 0.014042
0.635, 0.0123015
0.89, 0.014137
0.575, 0.0118106
0.585, 0.0119045
0.58, 0.0118222
0.55, 0.0115622
0.42, 0.0102854
0.425, 0.0103553
0.41, 0.0101682
0.555, 0.0116391
0.4, 0.0100554
5
0.535, 0.0114564
1.105, 0.0154806
0.545, 0.0115452
0.04, 0.0044445
0.54, 0.0114974
1.09, 0.0154278
0.5, 0.011116
0.49, 0.0110199
0.495, 0.0110713
0.515, 0.0112644
0.525, 0.0113425
1.05, 0.0151983
0.51, 0.0112145
1.055, 0.0151702
0.99, 0.0148028
1.06, 0.0152214
0.415, 0.0102269
1.22, 0.0161756
0.395, 0.00999276
1.065, 0.0152643
0.39, 0.00994002
1.035, 0.0150778
0.53, 0.0113821
0.455, 0.0106687
1.095, 0.0154173
0.45, 0.010605
1, 0.01484
1.1, 0.0154489
0.05, 0.00444581
0.465, 0.0107705
0.06, 0.00444446
0.405, 0.010108
0.52, 0.011329
0.055, 0.00444444
1.11, 0.0155135
0.07, 0.00445079
0.045, 0.00444453
0.995, 0.0148318
0.47, 0.0108365
0.485, 0.0109703
1.23, 0.0162336
1.045, 0.0151355
1.085, 0.0153926
1.225, 0.0162283
0.475, 0.0108737
1.235, 0.0162789
0.46, 0.0107332
0.48, 0.0109285
1.075, 0.0153195
1.08, 0.015349
0.065, 0.00444469
1.04, 0.0151017
1.15, 0.0157805
1.025, 0.015012
1.07, 0.0153058
1.03, 0.0150698
1.21, 0.016087
1.115, 0.0155569
1.02, 0.014974
0.44, 0.0105091
1.015, 0.0149497
0.445, 0.0105417
1.155, 0.0157926
1.16, 0.0158273
1.01, 0.0148743
1.165, 0.015843
1.12, 0.0156359
0.275, 0.00818272
0.43, 0.0104194
0.97, 0.0146559
1.215, 0.0161575
0.435, 0.0104373
1.2, 0.0160473
0.965, 0.0146444
0.28, 0.00826043
1.205, 0.0160958
0.96, 0.0145976
0.315, 0.00887998
0.955, 0.0145693
1.17, 0.0159217
1.185, 0.0159864
1.175, 0.0159117
1.18, 0.0159651
1.19, 0.0159931
1.195, 0.0160277
0.935, 0.0144403
0.95, 0.0145336
0.945, 0.0144886
0.94, 0.0144959
0.56, 0.01168
0.975, 0.0147253
0.565, 0.0117225
0.98, 0.0147375
0.985, 0.0147344
0.925, 0.0143669
0.57, 0.0117283
0.93, 0.0144203
1.005, 0.0148841
0.825, 0.0136983
0.83, 0.013743
0.82, 0.0136719
1.145, 0.0157102
0.92, 0.0143256
0.915, 0.0143153
1.255, 0.0163918
1.27, 0.0164634
1.265, 0.0164212
1.26, 0.0164041
1.31, 0.0166827
1.28, 0.0165071
1.285, 0.0165288
1.295, 0.0165859
1.3, 0.0166106
1.315, 0.0167337
1.275, 0.0165015
1.325, 0.0167463
1.38, 0.0170609
1.375, 0.0170238
1.385, 0.0171015
1.39, 0.0170969
1.34, 0.0168483
1.305, 0.0166157
1.32, 0.016753
1.33, 0.0168034
1.43, 0.017351
1.335, 0.0168149
1.29, 0.0165568
1.35, 0.0168936
1.345, 0.0168641
1.365, 0.0169527
1.395, 0.0171484
1.355, 0.0169179
1.36, 0.0169578
1.37, 0.0170214
1.435, 0.0173448
1.4, 0.0171452
1.41, 0.0171886
1.415, 0.0172575
1.42, 0.0172935
1.405, 0.0172138
1.425, 0.0173113
1.44, 0.0173857
1.45, 0.0174541
1.445, 0.0173913
1.475, 0.0175335
1.47, 0.0175456
1.455, 0.0174535
1.465, 0.0174894
1.46, 0.0174488
1.49, 0.0176319
1.5, 0.0177122
1.48, 0.017575
1.485, 0.0176224
1.51, 0.0177279
1.505, 0.0177097
1.495, 0.0176392
1.535, 0.0178602
1.565, 0.0179613
1.56, 0.0180222
1.595, 0.0181675
1.62, 0.0182854
1.63, 0.018374
1.635, 0.0183477
1.64, 0.0183837
1.645, 0.0184058
1.52, 0.0178116
1.525, 0.0177977
1.65, 0.0184689
1.515, 0.017782
1.57, 0.018052
1.53, 0.0178388
1.6, 0.0181893
1.625, 0.0183184
1.575, 0.0180518
1.685, 0.0185983
1.54, 0.0178762
1.67, 0.0185215
1.655, 0.0184572
1.605, 0.0182257
1.545, 0.0179353
1.675, 0.0185463
1.55, 0.0179609
1.555, 0.017951
1.66, 0.0185645
1.68, 0.0185974
1.695, 0.018648
1.665, 0.0185231
1.71, 0.0187187
1.61, 0.0182452
1.725, 0.0188278
1.7, 0.0187166
1.59, 0.0181411
1.58, 0.0180848
1.585, 0.018112
1.69, 0.0186634
1.615, 0.0182873
1.705, 0.0186477
1.735, 0.0188539
1.72, 0.0188034
1.715, 0.01877
1.73, 0.0188155
1.75, 0.0189344
1.745, 0.0189081
1.74, 0.0188643
1.76, 0.0189666
1.78, 0.0190759
1.785, 0.0190831
1.755, 0.0189453
1.77, 0.0190342
1.775, 0.019002
1.765, 0.0189845
1.805, 0.0191829
1.815, 0.019224
1.81, 0.019216
1.825, 0.0192949
1.82, 0.0192381
1.8, 0.0191665
1.79, 0.0191217
1.835, 0.0193206
1.84, 0.0193063
1.83, 0.0192969
1.795, 0.0191268
1.86, 0.0194246
1.845, 0.0193646
1.85, 0.0193978
1.87, 0.0194961
1.875, 0.0195017
1.88, 0.0195217
1.925, 0.0197241
1.97, 0.0199558
1.9, 0.0196426
1.865, 0.0194225
1.91, 0.0196484
1.915, 0.0196828
2.04, 0.0202111
1.905, 0.0196159
1.92, 0.0197217
1.89, 0.0195824
1.885, 0.0195918
2.03, 0.0201702
1.985, 0.0199996
1.855, 0.0194369
1.94, 0.0197797
2.075, 0.0203584
1.965, 0.0199241
1.945, 0.0198433
1.95, 0.0198405
1.895, 0.0196116
2.08, 0.0204276
1.935, 0.0197678
1.93, 0.0197797
1.96, 0.0198562
2.01, 0.0200908
1.955, 0.0198869
2.035, 0.0202344
1.975, 0.0199497
2.105, 0.0205374
2.115, 0.0205718
1.995, 0.0200148
1.99, 0.0200237
2.025, 0.0201858
1.98, 0.0199679
2, 0.0200382
2.1, 0.020467
2.005, 0.0200366
2.085, 0.0204213
2.09, 0.0204752
2.13, 0.0206217
2.015, 0.020131
2.02, 0.02012
2.065, 0.0203378
2.06, 0.0203093
2.07, 0.0203621
2.095, 0.020493
2.045, 0.0202616
2.05, 0.0202682
2.055, 0.0203401
2.135, 0.0206086
2.14, 0.0206628
2.11, 0.0205501
2.145, 0.0206982
2.165, 0.0207685
2.15, 0.0206866
2.12, 0.0205781
2.155, 0.0207327
2.125, 0.0205684
2.18, 0.0208182
2.19, 0.0208564
2.195, 0.0208706
2.205, 0.0209228
2.175, 0.0207695
2.21, 0.0209434
2.22, 0.0209873
2.215, 0.0209698
2.23, 0.0210083
2.2, 0.0209203
2.245, 0.0210905
2.25, 0.0211057
2.275, 0.021225
2.26, 0.021167
2.265, 0.0211785
2.28, 0.0212487
2.3, 0.02129
2.16, 0.0207022
2.24, 0.0210055
2.295, 0.0212949
2.32, 0.0213792
2.33, 0.0214355
2.285, 0.0212532
2.27, 0.0211931
2.36, 0.0215605
2.38, 0.0216386
2.325, 0.0213858
2.345, 0.0214611
2.365, 0.0215554
2.17, 0.0207703
2.31, 0.0213687
2.35, 0.0214665
2.385, 0.0216514
2.335, 0.0214322
2.43, 0.0217662
2.355, 0.0215217
2.225, 0.0209868
2.235, 0.021058
2.425, 0.0217563
2.39, 0.0216833
2.415, 0.0217667
2.255, 0.0211373
2.185, 0.0208499
2.395, 0.0217184
2.29, 0.021299
2.445, 0.0218387
2.45, 0.0219063
2.465, 0.0219403
2.515, 0.0221449
2.5, 0.0220869
2.305, 0.0213482
2.315, 0.0213953
2.34, 0.021468
2.485, 0.022017
2.47, 0.0219752
2.44, 0.0218771
2.375, 0.0215869
2.435, 0.0218577
2.525, 0.0221939
2.37, 0.021586
2.405, 0.021692
2.4, 0.0217015
2.41, 0.021735
2.555, 0.0222814
2.505, 0.0220638
2.65, 0.02259
2.565, 0.0223241
2.56, 0.0222707
2.535, 0.0221784
2.475, 0.0219548
2.585, 0.0224082
2.55, 0.0222659
2.495, 0.0220503
2.58, 0.0224004
2.605, 0.022501
2.59, 0.0224057
2.455, 0.021934
2.42, 0.0217479
2.64, 0.0226175
2.6, 0.022468
2.63, 0.0225743
2.625, 0.0225145
2.51, 0.0221378
2.545, 0.0222866
2.46, 0.0219281
2.48, 0.0220093
2.67, 0.022727
0.735, 0.0130624
0.78, 0.0133975
0.785, 0.0134362
0.725, 0.0129903
0.73, 0.0130488
2.595, 0.0224545
0.79, 0.0134671
2.52, 0.0221499
0.775, 0.0133657
2.54, 0.0222376
0.8, 0.013544
2.49, 0.0220387
0.795, 0.0134733
2.575, 0.0223232
2.53, 0.0221934
2.66, 0.022683
2.655, 0.0226225
2.665, 0.02265
2.57, 0.0223409
2.68, 0.0227183
2.61, 0.0225122
2.705, 0.0227864
2.645, 0.0226159
2.675, 0.0226962
2.725, 0.0229114
2.7, 0.0228127
0.74, 0.0131291
0.745, 0.0131486
2.72, 0.0229117
2.71, 0.0228509
2.765, 0.0230514
2.745, 0.0229345
2.78, 0.0231109
2.79, 0.0231059
2.795, 0.0231523
2.785, 0.0230992
2.81, 0.0231561
2.815, 0.0232531
2.8, 0.0231199
2.845, 0.0233302
2.805, 0.0231831
2.855, 0.0233649
2.82, 0.0232385
2.84, 0.0233017
2.73, 0.0229284
2.75, 0.0230047
2.615, 0.0224982
2.74, 0.022972
2.88, 0.0234523
2.86, 0.0233919
2.695, 0.0227595
2.735, 0.0229165
2.76, 0.0229698
2.755, 0.0229839
2.685, 0.0227583
2.775, 0.0231076
2.925, 0.0235446
2.83, 0.0232785
2.85, 0.0233458
2.95, 0.0237121
2.77, 0.0230408
2.89, 0.0234711
2.97, 0.0237548
2.885, 0.0234484
2.825, 0.0232424
2.875, 0.023407
2.835, 0.0232775
2.945, 0.0236806
2.93, 0.0236028
2.91, 0.0235478
2.955, 0.0236708
2.92, 0.0235359
2.935, 0.0236181
2.915, 0.0236003
2.965, 0.023694
2.9, 0.0234827
2.62, 0.022522
2.635, 0.0226055
2.975, 0.0237341
2.895, 0.0235136
2.98, 0.0237991
2.69, 0.0227658
2.96, 0.0236715
2.905, 0.0234783
2.985, 0.0238123
2.995, 0.0238047
3.005, 0.0238401
3.03, 0.0239225
3.025, 0.0239016
3.01, 0.0239151
3.015, 0.023884
3, 0.0238025
2.99, 0.0238059
3.02, 0.0238854
3.04, 0.0239524
3.045, 0.0239543
3.055, 0.0240265
3.035, 0.0239726
3.05, 0.0240376
3.06, 0.0240632
3.065, 0.0239959
3.105, 0.0241763
3.13, 0.02426
3.07, 0.0240676
3.075, 0.0240773
3.165, 0.0243737
3.135, 0.0242627
3.14, 0.024241
3.175, 0.0244184
3.12, 0.0241995
3.16, 0.0243397
3.155, 0.0242661
3.145, 0.0242957
3.255, 0.0246458
3.08, 0.0240687
3.09, 0.0241035
3.095, 0.0241376
3.11, 0.0241705
3.1, 0.0241725
3.115, 0.0242038
3.25, 0.0246339
3.085, 0.0241005
3.265, 0.0247094
3.29, 0.0247472
3.125, 0.0241944
3.15, 0.0243172
3.245, 0.0245864
3.27, 0.0246607
3.19, 0.0244224
3.24, 0.0246315
3.235, 0.0245298
3.185, 0.0244167
3.3, 0.0247595
3.195, 0.0244742
3.26, 0.0246431
3.205, 0.0244575
3.2, 0.024479
3.17, 0.0244141
3.225, 0.024495
3.23, 0.0245596
3.21, 0.0244707
3.305, 0.0247872
3.215, 0.02449
3.275, 0.0246802
3.32, 0.0248647
3.31, 0.0248587
3.295, 0.0247816
3.285, 0.0247375
3.18, 0.0244248
3.28, 0.0247025
3.33, 0.0248351
3.35, 0.0249251
3.315, 0.0248134
3.36, 0.0249688
3.37, 0.0250025
3.375, 0.0249993
3.325, 0.0248889
3.4, 0.0250621
3.41, 0.0251257
3.365, 0.0249969
3.345, 0.0248786
3.415, 0.0251286
3.425, 0.0252079
3.43, 0.0251699
3.22, 0.0245167
3.465, 0.0252793
3.405, 0.0250801
3.44, 0.0251904
3.42, 0.0251528
3.435, 0.0252128
3.34, 0.0249444
3.46, 0.0252537
3.455, 0.0252289
3.45, 0.0251763
3.355, 0.024897
3.335, 0.0249055
3.47, 0.0252447
3.5, 0.025339
3.385, 0.0250295
3.38, 0.0250273
3.515, 0.0253928
3.48, 0.0253268
3.555, 0.0255418
3.39, 0.0250508
3.395, 0.0250937
3.51, 0.0254147
3.495, 0.0253883
3.54, 0.0254591
3.53, 0.025463
3.55, 0.0255294
3.475, 0.0252862
3.595, 0.0256897
3.575, 0.0255897
3.59, 0.0256236
3.535, 0.0254432
3.49, 0.0253273
3.505, 0.0254186
3.625, 0.0256914
3.68, 0.0259074
3.445, 0.0252228
3.485, 0.0253298
3.65, 0.0258099
3.52, 0.0254469
3.71, 0.02601
3.635, 0.0257431
3.645, 0.0257617
3.565, 0.0255459
3.57, 0.0255661
3.585, 0.0256492
3.545, 0.0254759
3.63, 0.0257356
3.705, 0.0259779
3.72, 0.02598
3.725, 0.0260239
3.58, 0.0256099
3.525, 0.0254762
3.76, 0.0261518
3.775, 0.0261678
3.6, 0.0256822
3.79, 0.0262295
3.56, 0.0254923
3.64, 0.0257287
3.795, 0.0261933
3.605, 0.025611
3.61, 0.0257099
3.675, 0.0258767
3.84, 0.0264004
3.835, 0.026364
3.74, 0.0260016
3.735, 0.0260437
3.73, 0.026013
3.75, 0.0261254
3.7, 0.0259675
3.86, 0.0264133
3.695, 0.0259735
3.69, 0.025899
3.66, 0.0258412
3.67, 0.0258873
3.665, 0.0258119
3.78, 0.0261927
3.615, 0.0256806
3.88, 0.0264548
3.9, 0.026454
3.85, 0.0263897
3.905, 0.0264716
3.655, 0.0258633
3.62, 0.0256951
3.915, 0.0265577
3.755, 0.0260958
3.685, 0.025927
3.92, 0.026554
3.77, 0.0261386
3.745, 0.0260015
3.765, 0.0261011
3.715, 0.0260145
3.89, 0.026462
3.885, 0.0264143
3.785, 0.0261642
3.91, 0.0264815
3.87, 0.0263789
3.995, 0.0267492
3.97, 0.0266338
3.82, 0.0262399
3.935, 0.0265221
3.875, 0.0263561
4, 0.0267413
4.005, 0.0267464
3.8, 0.0261758
3.95, 0.0266345
3.865, 0.0263274
4.015, 0.0268054
4.01, 0.0267608
3.895, 0.0264916
4.02, 0.0268385
3.805, 0.0262129
4.04, 0.0268608
4.075, 0.0269523
3.94, 0.0265808
4.085, 0.0269679
3.945, 0.0265555
3.955, 0.0266008
4.03, 0.0268102
3.98, 0.0266975
4.095, 0.0269884
3.99, 0.0266471
3.975, 0.0266719
3.96, 0.0265853
3.985, 0.026713
4.09, 0.0269675
4.08, 0.0269577
4.11, 0.0270152
4.105, 0.0270286
4.05, 0.0269109
3.965, 0.0267005
4.06, 0.0269151
4.07, 0.0269411
4.045, 0.0268299
4.035, 0.0268581
4.165, 0.0271942
4.055, 0.0268868
4.185, 0.027237
4.025, 0.0268038
4.115, 0.0270424
4.13, 0.0270838
4.135, 0.0270822
4.125, 0.0271002
4.145, 0.0270938
4.14, 0.0271087
4.065, 0.0268897
4.12, 0.027084
4.2, 0.0272765
4.15, 0.0271443
4.1, 0.0270014
4.16, 0.027183
4.17, 0.0271887
4.195, 0.0272584
4.155, 0.0271175
4.19, 0.0271478
4.21, 0.0272483
4.205, 0.0272917
4.175, 0.0272115
4.18, 0.0271797
4.22, 0.027311
4.225, 0.0273477
4.215, 0.0272648
4.23, 0.0273181
4.25, 0.0273714
4.245, 0.0274008
4.24, 0.0273633
4.26, 0.0273541
4.235, 0.0273491
4.28, 0.0274439
4.27, 0.027397
4.275, 0.0273987
4.255, 0.0273876
4.285, 0.0274678
4.265, 0.0274379
4.325, 0.0275717
4.345, 0.0276539
4.32, 0.0275333
4.35, 0.0276391
4.36, 0.0276556
4.305, 0.0274789
4.295, 0.0274747
4.3, 0.0275049
4.41, 0.0277823
4.29, 0.0274771
4.31, 0.0275406
4.34, 0.0276056
4.43, 0.0278134
4.335, 0.0275525
4.33, 0.0275794
4.365, 0.0276553
4.425, 0.0278073
4.37, 0.0276596
4.315, 0.0275412
4.38, 0.027727
4.385, 0.0277193
4.39, 0.027753
4.475, 0.0278487
4.395, 0.0277343
4.48, 0.0278529
4.4, 0.0276815
4.485, 0.0279529
4.5, 0.0279662
4.405, 0.0277583
4.415, 0.02774
4.455, 0.0278754
4.52, 0.0279926
4.505, 0.0279826
4.44, 0.0277754
4.435, 0.0278205
4.445, 0.0278328
4.42, 0.0278089
4.495, 0.0279292
4.46, 0.0278924
4.465, 0.0278513
4.47, 0.0278846
4.45, 0.0278605
4.355, 0.0275727
4.49, 0.0279591
4.51, 0.0280057
4.525, 0.0279929
4.55, 0.0280897
4.515, 0.0280228
4.53, 0.0280378
4.545, 0.0280066
4.535, 0.0280208
4.56, 0.0281054
4.57, 0.0281476
4.565, 0.0280858
4.58, 0.0281993
4.62, 0.0282257
4.59, 0.0282132
4.6, 0.0281964
4.585, 0.0281842
4.54, 0.0280045
4.61, 0.0281841
4.555, 0.0280926
4.615, 0.0282452
4.575, 0.0281753
4.635, 0.0283097
4.655, 0.028319
4.7, 0.0283875
4.645, 0.0283276
4.675, 0.0283784
4.64, 0.0282541
4.625, 0.0282432
4.595, 0.0281617
4.735, 0.028482
4.665, 0.0283195
4.74, 0.0284842
4.755, 0.0285007
4.68, 0.0283858
4.75, 0.0285673
4.605, 0.0282422
4.76, 0.0284963
4.695, 0.028424
4.765, 0.0286114
4.745, 0.0285092
4.78, 0.0285944
4.785, 0.0285908
4.79, 0.0286409
4.685, 0.0283863
4.69, 0.0284308
4.84, 0.0287264
4.775, 0.028542
4.71, 0.0284267
4.65, 0.028314
4.715, 0.0284694
4.63, 0.0282905
4.66, 0.0283238
4.8, 0.0286776
4.795, 0.0286421
4.705, 0.0284831
4.83, 0.0287069
4.725, 0.0284135
4.85, 0.0287756
4.73, 0.0285168
4.835, 0.0287232
4.67, 0.0283771
4.72, 0.0285129
4.82, 0.0286125
4.845, 0.0287599
4.81, 0.0287054
4.86, 0.0287918
4.855, 0.0287805
4.88, 0.028837
4.825, 0.028749
4.89, 0.0288361
4.905, 0.0288877
4.815, 0.0287286
4.805, 0.0286572
4.93, 0.0289318
4.945, 0.028999
4.875, 0.0288366
4.95, 0.0289713
4.925, 0.0288791
4.92, 0.0289099
4.77, 0.0285893
4.97, 0.0290456
4.975, 0.0289971
4.96, 0.0289828
4.965, 0.0290055
5, 0.0290748
4.87, 0.0287668
5.005, 0.0290788
5.015, 0.0291255
5.01, 0.0290725
4.935, 0.0289415
4.995, 0.0290632
5.045, 0.0291818
5.03, 0.0291075
5.06, 0.0292141
4.885, 0.0288291
4.94, 0.0289486
4.915, 0.0288512
5.035, 0.0291402
5.065, 0.0292218
5.08, 0.0292863
4.9, 0.0288952
4.91, 0.0288677
5.04, 0.0291766
5.07, 0.029231
5.085, 0.0292774
5.05, 0.029236
4.865, 0.0287828
4.955, 0.0290335
4.98, 0.0290331
4.985, 0.0290277
5.09, 0.029241
4.895, 0.0288674
5.125, 0.0293134
5.14, 0.0294141
5.12, 0.0293217
5.16, 0.0293766
5.15, 0.0294156
5.135, 0.029399
5.155, 0.0293966
4.99, 0.0290278
5.11, 0.0293463
5.02, 0.0290953
5.025, 0.0291558
5.17, 0.0294622
5.145, 0.029376
5.13, 0.0293631
5.055, 0.0291967
5.075, 0.0292295
5.185, 0.0294868
5.18, 0.0294942
5.2, 0.0295444
5.24, 0.0296113
5.235, 0.0295216
5.165, 0.0294279
5.25, 0.029557
5.26, 0.0296099
5.245, 0.0296117
5.265, 0.0295807
5.255, 0.0296274
5.19, 0.0294742
5.175, 0.0294516
5.195, 0.0295209
5.215, 0.0295354
5.21, 0.0295829
5.22, 0.0295529
5.23, 0.0295783
5.225, 0.029542
5.295, 0.0296931
5.205, 0.0294933
5.285, 0.0296624
5.275, 0.0296522
5.28, 0.0296748
5.27, 0.0295914
5.33, 0.0297592
5.305, 0.0297142
5.34, 0.0297893
5.29, 0.029701
5.36, 0.0297983
5.35, 0.0298158
5.345, 0.0298071
5.31, 0.0297355
5.315, 0.0297637
5.325, 0.0297796
5.355, 0.0298124
5.32, 0.0297519
5.365, 0.0297932
5.3, 0.0296868
5.37, 0.029838
5.375, 0.0298927
5.385, 0.0298954
5.39, 0.0298802
5.335, 0.0297408
5.41, 0.0298925
5.415, 0.0298819
5.38, 0.029844
5.425, 0.0299362
5.43, 0.0300061
5.405, 0.0298882
5.44, 0.0299971
5.42, 0.0299519
5.435, 0.0299441
5.445, 0.02996
5.395, 0.0299234
5.4, 0.0299075
5.45, 0.0299826
5.455, 0.0300013
5.465, 0.0300144
5.475, 0.0301069
5.48, 0.0300713
5.485, 0.0300668
5.49, 0.0300813
5.495, 0.0300964
5.47, 0.0300132
5.5, 0.0301021
5.46, 0.0300162
5.505, 0.0300645
2.715, 0.0228672
5.52, 0.0301121
5.54, 0.0301866
5.535, 0.0300819
5.545, 0.0301959
5.515, 0.0300675
2.87, 0.0234497
5.56, 0.0301862
2.865, 0.0233654
5.615, 0.0303244
5.605, 0.0303292
5.53, 0.030141
5.525, 0.0301405
5.51, 0.0300749
5.635, 0.0303194
5.61, 0.0303538
5.63, 0.0302981
5.555, 0.030238
5.55, 0.0301324
5.655, 0.030399
2.94, 0.0236849
5.57, 0.0302572
5.66, 0.0304536
5.675, 0.0304339
5.645, 0.0303791
5.665, 0.0304306
5.58, 0.0302139
5.68, 0.0304405
5.585, 0.0302791
5.59, 0.0301878
5.6, 0.0302895
5.595, 0.0302741
5.575, 0.0302334
5.565, 0.0302185
5.62, 0.0303024
5.625, 0.0303056
5.69, 0.0304562
5.695, 0.0304592
5.7, 0.0304809
5.72, 0.0305117
5.725, 0.0304852
5.65, 0.0303178
5.64, 0.0303484
5.73, 0.0305412
5.735, 0.030543
5.71, 0.0304954
5.67, 0.0304534
5.74, 0.0304939
5.75, 0.0306007
5.745, 0.0305654
5.755, 0.0305808
5.685, 0.030411
5.76, 0.0305214
5.705, 0.0304714
5.715, 0.0304815
5.785, 0.0306233
5.815, 0.0306888
5.825, 0.0307197
5.8, 0.0306337
5.805, 0.030769
5.82, 0.0306733
5.81, 0.0306249
5.83, 0.0307535
5.84, 0.030714
5.845, 0.0307571
5.85, 0.0307751
5.86, 0.0307219
5.765, 0.0305646
5.855, 0.0306943
5.77, 0.0306038
5.865, 0.0307733
5.775, 0.0305954
5.87, 0.0307674
5.885, 0.030815
5.875, 0.0308315
5.88, 0.030784
5.835, 0.0307265
5.89, 0.0308266
5.895, 0.0307573
5.9, 0.0308068
5.93, 0.0308987
5.92, 0.0308863
5.935, 0.0309166
5.94, 0.0309591
5.905, 0.0308544
5.925, 0.0308654
5.91, 0.0308867
5.955, 0.0309087
5.915, 0.0308724
5.945, 0.0309052
5.95, 0.0309098
5.78, 0.0306102
5.98, 0.0309889
5.99, 0.0309945
5.975, 0.0309939
5.985, 0.0309912
5.96, 0.0309304
6.01, 0.0310335
5.97, 0.030979
5.965, 0.0309586
5.79, 0.0306095
5.795, 0.0306419
6.005, 0.0310956
6.03, 0.0310592
6.025, 0.0310459
6.02, 0.0311305
6.04, 0.0310604
6.045, 0.0311362
6.065, 0.0312001
6.07, 0.0311366
6.095, 0.0311713
5.995, 0.0310266
6, 0.0310383
6.105, 0.0312002
6.125, 0.0312516
6.075, 0.0311658
6.115, 0.031223
6.015, 0.0310692
6.035, 0.0310935
6.135, 0.0312932
6.05, 0.0311436
6.1, 0.0311599
6.15, 0.0312694
6.17, 0.0313233
6.14, 0.0312226
6.155, 0.0313027
6.19, 0.0313181
6.055, 0.0310596
6.185, 0.0313045
6.195, 0.0313447
6.22, 0.0314236
6.205, 0.0313278
6.215, 0.0314037
6.06, 0.0310392
6.08, 0.0311302
6.085, 0.03117
6.09, 0.0311233
6.2, 0.0313353
6.21, 0.0313018
6.255, 0.0314248
6.11, 0.0312415
6.26, 0.0314527
6.27, 0.0314813
6.12, 0.0312686
6.13, 0.0312223
6.265, 0.0314994
6.245, 0.0314066
6.28, 0.0314647
6.275, 0.0314535
6.285, 0.0314938
6.29, 0.0315242
6.25, 0.0314251
6.145, 0.031282
6.31, 0.0315041
6.175, 0.0312666
6.165, 0.0313103
6.16, 0.03131
6.18, 0.0313478
6.23, 0.031442
6.335, 0.0315928
6.34, 0.0316253
6.315, 0.0315506
6.295, 0.0315463
6.345, 0.0316505
6.235, 0.0314329
6.24, 0.0313705
6.35, 0.0316316
6.32, 0.0315549
6.355, 0.0316125
6.225, 0.0314167
6.3, 0.0315603
6.305, 0.03157
6.37, 0.0316454
6.38, 0.0316611
6.36, 0.0316345
6.33, 0.0316536
6.375, 0.0316218
6.385, 0.0316538
6.4, 0.0317122
6.365, 0.0316314
6.43, 0.0317325
6.435, 0.0317677
6.44, 0.0317152
6.325, 0.031575
6.46, 0.031781
6.465, 0.0318519
6.395, 0.0317263
6.405, 0.0317342
6.41, 0.0317251
6.425, 0.0317475
6.39, 0.0316844
6.42, 0.0317251
6.47, 0.0318141
6.415, 0.0316447
6.48, 0.0318614
6.485, 0.0317893
6.445, 0.0318279
6.45, 0.0317606
6.49, 0.031785
6.5, 0.0318229
6.455, 0.0317788
6.495, 0.0317946
6.475, 0.0318622
6.515, 0.0318835
6.51, 0.0318945
6.52, 0.0318642
6.54, 0.0319553
6.535, 0.0319556
6.545, 0.0319263
6.505, 0.0319042
6.525, 0.0319267
6.555, 0.0318846
6.56, 0.0319669
6.53, 0.0319383
6.57, 0.0320037
6.585, 0.0319828
6.55, 0.0319747
6.6, 0.0320341
6.615, 0.0320107
6.575, 0.0319851
6.62, 0.0320288
6.59, 0.0319663
6.595, 0.0320173
6.64, 0.0320698
6.625, 0.0320557
6.58, 0.0319464
6.565, 0.0319671
6.645, 0.0320967
6.605, 0.0319268
6.635, 0.0320321
6.63, 0.0320492
3.81, 0.0262735
3.825, 0.02626
3.815, 0.0262861
6.65, 0.0320765
3.845, 0.0263214
3.855, 0.0263932
6.665, 0.032075
6.655, 0.0320857
6.67, 0.0321077
6.675, 0.0321718
6.66, 0.032107
6.68, 0.0321712
3.83, 0.026277
3.93, 0.0265232
6.685, 0.0321905
6.69, 0.0321839
3.925, 0.0265431
6.695, 0.0321514
6.61, 0.0320401
6.72, 0.0322425
6.71, 0.032168
6.745, 0.0322266
6.755, 0.0322891
6.77, 0.0323724
6.775, 0.0322704
6.76, 0.0323104
6.78, 0.0323598
6.785, 0.0324144
6.79, 0.0323342
6.795, 0.0323679
6.81, 0.0323425
6.825, 0.0323775
6.805, 0.0323678
6.725, 0.0321739
6.83, 0.0323948
6.845, 0.0324612
6.7, 0.0321436
6.74, 0.0322158
6.73, 0.0322456
6.75, 0.0323113
6.855, 0.0324558
6.735, 0.0322239
6.86, 0.0324449
6.865, 0.0324775
6.87, 0.0324554
6.765, 0.0323246
6.89, 0.0325282
6.88, 0.032515
6.895, 0.0324617
6.705, 0.0322377
6.875, 0.0324412
6.91, 0.0325512
6.82, 0.0323737
6.8, 0.0323428
6.815, 0.032346
6.835, 0.0324021
6.915, 0.0325661
6.92, 0.0324137
6.85, 0.0324703
6.84, 0.0324491
6.935, 0.0325394
6.925, 0.0325141
6.715, 0.0321853
6.885, 0.0324924
6.955, 0.0325584
6.905, 0.0325107
6.95, 0.0324998
6.97, 0.0325746
6.96, 0.0325966
6.965, 0.032619
6.99, 0.0326081
6.995, 0.0326667
6.975, 0.0326697
6.98, 0.0326091
7, 0.032588
7.01, 0.0327262
6.94, 0.0325476
7.015, 0.0326769
6.985, 0.0326232
7.05, 0.0327176
7.025, 0.0326482
6.93, 0.0325654
6.945, 0.0325385
7.045, 0.0327047
7.035, 0.0327104
7.055, 0.0326892
7.06, 0.0327835
7.065, 0.0327505
7.08, 0.0327706
7.085, 0.032733
7.115, 0.0327855
7.1, 0.032795
7.12, 0.0328893
7.075, 0.0327634
7.105, 0.032861
7.09, 0.0327679
7.07, 0.032715
7.095, 0.0327626
7.11, 0.0328082
6.9, 0.032496
7.04, 0.0327311
7.125, 0.032799
7.135, 0.0328482
7.145, 0.0328839
7.15, 0.0328816
7.14, 0.0328654
7.16, 0.0328994
7.02, 0.0326483
7.005, 0.0326612
7.03, 0.0327118
7.175, 0.0328775
7.165, 0.0328914
7.19, 0.0329021
7.195, 0.0328821
7.2, 0.0329468
7.205, 0.0329647
7.155, 0.0329101
7.21, 0.0329509
7.185, 0.0329453
7.17, 0.0328793
7.18, 0.0329847
7.13, 0.0328338
7.24, 0.0329975
7.245, 0.0329835
7.25, 0.0330033
7.255, 0.0330445
7.22, 0.0330119
7.215, 0.0329835
7.27, 0.0330564
7.225, 0.0329696
7.29, 0.0330574
7.275, 0.0330356
7.295, 0.0330751
7.285, 0.0329904
7.32, 0.033093
7.325, 0.0331349
7.33, 0.0331029
7.3, 0.0330762
7.335, 0.033146
7.315, 0.0331401
7.305, 0.0330795
7.23, 0.0330277
7.365, 0.0331319
7.235, 0.0330794
7.37, 0.0332178
7.36, 0.03317
7.38, 0.0332073
7.385, 0.0331884
7.26, 0.0330388
7.415, 0.0332294
7.265, 0.0330257
7.41, 0.0332756
7.4, 0.0331256
7.405, 0.0332311
7.42, 0.0332563
7.425, 0.0332739
7.43, 0.0332643
7.28, 0.0330576
7.31, 0.0330938
7.465, 0.0333223
7.34, 0.0331118
7.47, 0.0333149
7.475, 0.0333446
7.35, 0.0331474
7.355, 0.0332047
7.345, 0.0331882
7.48, 0.0333575
7.485, 0.0333447
7.49, 0.0333228
7.505, 0.0333902
7.375, 0.0331796
7.44, 0.0332734
7.515, 0.0333905
7.395, 0.03326
7.51, 0.033342
7.39, 0.0332185
7.435, 0.0332971
7.535, 0.0334461
7.46, 0.0333286
7.455, 0.0333647
7.445, 0.0332976
7.45, 0.0332496
7.54, 0.033401
7.545, 0.0334125
7.555, 0.0335024
7.56, 0.0333824
7.495, 0.0333489
7.5, 0.0333601
7.57, 0.0334425
7.565, 0.0334574
7.575, 0.0334695
7.525, 0.0334138
7.58, 0.0335771
7.53, 0.0334013
7.595, 0.0335191
7.59, 0.0335093
7.55, 0.0334478
7.6, 0.0334682
7.52, 0.033406
7.585, 0.0335056
4.375, 0.0276664
7.615, 0.0335061
7.63, 0.0335733
7.635, 0.0335327
7.625, 0.0335788
7.64, 0.0335601
7.605, 0.033502
7.655, 0.0335638
7.65, 0.0335838
7.66, 0.0335735
7.665, 0.0336182
7.645, 0.0335805
7.61, 0.0335092
7.695, 0.0336649
7.62, 0.0334978
7.7, 0.0336103
7.705, 0.0337064
7.685, 0.0336408
7.67, 0.033678
7.675, 0.0335903
7.715, 0.0336698
7.68, 0.0336409
7.71, 0.0337011
7.69, 0.033583
7.72, 0.033667
7.725, 0.0336699
7.73, 0.0336597
7.735, 0.0336851
7.74, 0.0336817
7.75, 0.0336893
7.76, 0.0337478
7.745, 0.0337316
7.765, 0.0337408
7.755, 0.0337715
7.775, 0.0337664
7.78, 0.033734
7.785, 0.0337421
7.77, 0.0336974
7.81, 0.0338224
7.8, 0.0338041
7.805, 0.0337466
7.83, 0.0338547
7.795, 0.0338212
7.845, 0.0338407
7.855, 0.0339125
7.86, 0.0338442
7.85, 0.0338709
7.87, 0.0338543
7.89, 0.0339076
7.885, 0.0338156
7.9, 0.0339225
7.79, 0.033753
5.1, 0.0292754
5.095, 0.0292524
5.105, 0.0293048
5.115, 0.0293188
7.905, 0.033938
7.91, 0.0338786
7.865, 0.0338731
7.925, 0.0339629
7.915, 0.0339351
7.935, 0.0339929
7.945, 0.0339602
7.95, 0.0339478
7.955, 0.0339273
7.965, 0.0340842
7.94, 0.0339909
7.97, 0.0339944
7.92, 0.0339689
7.975, 0.0340734
7.96, 0.033977
7.985, 0.033986
7.99, 0.0339739
7.98, 0.033994
7.995, 0.0340048
8.015, 0.0341211
8.025, 0.0340879
8.005, 0.034051
8.03, 0.0340856
8, 0.0340039
8.01, 0.0340783
8.055, 0.0342349
8.05, 0.0340998
8.06, 0.0341244
8.065, 0.0341128
8.035, 0.0340518
8.045, 0.0341309
8.07, 0.0341528
8.08, 0.0341189
8.095, 0.0342243
8.085, 0.0341135
7.93, 0.0338993
8.1, 0.0341263
8.02, 0.0341082
8.115, 0.0342212
8.12, 0.0342429
8.04, 0.0341337
8.125, 0.0341723
8.135, 0.0342111
8.14, 0.034208
8.075, 0.0341493
8.13, 0.0342164
8.09, 0.0341936
8.15, 0.0342867
8.145, 0.0342088
8.165, 0.0342597
8.175, 0.0343125
8.18, 0.0342702
8.185, 0.0342729
8.19, 0.0343435
8.11, 0.0342983
8.155, 0.0342311
8.2, 0.0342841
8.105, 0.0341842
8.22, 0.0343146
8.24, 0.0343573
8.235, 0.0343556
8.16, 0.0342081
8.17, 0.0342364
8.195, 0.034277
8.255, 0.0343762
8.26, 0.034409
8.215, 0.0342994
8.245, 0.0343666
8.25, 0.0343692
8.27, 0.0343957
8.275, 0.0343891
8.28, 0.03443
8.265, 0.0343873
8.315, 0.0345017
8.31, 0.0344026
8.325, 0.0344244
8.285, 0.0343932
8.32, 0.0344207
8.3, 0.0344085
8.295, 0.0344374
8.29, 0.0344203
8.305, 0.0344082
8.205, 0.0343445
8.335, 0.0345415
8.33, 0.0344788
8.21, 0.0343084
8.35, 0.0344887
8.34, 0.0344912
8.355, 0.0345474
8.345, 0.0344942
8.225, 0.0343223
8.36, 0.0345371
8.38, 0.0344989
8.365, 0.0345804
8.39, 0.0344772
8.37, 0.0344815
8.385, 0.0344636
8.375, 0.0345322
8.4, 0.0345111
8.41, 0.0345002
8.395, 0.0345442
8.23, 0.0343712
8.405, 0.0345354
8.43, 0.0345514
8.42, 0.0345354
8.44, 0.0345697
8.445, 0.034571
8.45, 0.0346076
8.425, 0.03457
8.435, 0.0346106
8.465, 0.0345998
8.475, 0.0345812
8.455, 0.0346038
8.48, 0.0347205
8.485, 0.0346334
8.495, 0.0346362
8.505, 0.0346247
8.52, 0.0347281
8.46, 0.0346151
8.51, 0.0346434
8.49, 0.0346655
8.47, 0.0346348
8.545, 0.0347127
8.415, 0.0345705
8.55, 0.034771
8.555, 0.0347201
8.535, 0.0346996
8.525, 0.0346908
8.585, 0.0348618
8.605, 0.0348146
8.58, 0.0347573
8.59, 0.034758
8.62, 0.0347488
8.63, 0.0348988
8.5, 0.0346864
8.6, 0.0348324
8.595, 0.0347719
8.635, 0.0348578
8.665, 0.0348974
8.66, 0.0348556
8.53, 0.034673
8.67, 0.0348289
8.645, 0.0349116
8.54, 0.0347527
8.685, 0.0348842
8.56, 0.0347533
8.695, 0.0349107
8.68, 0.0349414
8.57, 0.0347873
8.515, 0.0346627
8.71, 0.0349049
8.61, 0.0348707
8.74, 0.0349757
8.615, 0.0348506
8.735, 0.0349877
8.565, 0.0347428
8.575, 0.0347632
8.625, 0.0348465
8.655, 0.0349221
8.75, 0.0349531
8.64, 0.0348267
8.65, 0.0348694
8.745, 0.0350598
8.765, 0.034975
8.675, 0.0349686
8.69, 0.0348529
8.7, 0.0349128
8.77, 0.0349443
8.715, 0.0349368
8.705, 0.0349425
8.725, 0.0348897
8.73, 0.0349329
8.72, 0.0348492
8.775, 0.0349396
8.795, 0.0350513
8.78, 0.0349966
8.8, 0.0350774
8.805, 0.0349998
8.81, 0.0350616
8.755, 0.0350112
8.76, 0.0349907
8.82, 0.0350164
8.85, 0.0350714
8.84, 0.0350751
8.845, 0.035076
8.785, 0.0350758
8.835, 0.0350806
8.79, 0.0350033
8.855, 0.0350572
8.83, 0.0350206
8.86, 0.0350791
8.87, 0.0351739
8.865, 0.0351127
8.88, 0.0351288
8.875, 0.0351269
8.885, 0.0350969
8.9, 0.0351785
8.815, 0.0350873
8.905, 0.0351368
8.925, 0.0351648
8.935, 0.0352005
8.91, 0.0351494
8.94, 0.0352528
8.89, 0.0351104
8.895, 0.0350708
8.915, 0.0352221
8.92, 0.0351472
8.93, 0.0352937
8.955, 0.035199
8.96, 0.0352174
8.965, 0.0352351
8.97, 0.0352231
8.945, 0.0352125
8.95, 0.0352697
8.975, 0.0352693
8.98, 0.0352441
8.985, 0.0352173
8.99, 0.035304
8.995, 0.0351832
9, 0.035279
9.04, 0.0352614
9.005, 0.0352941
9.045, 0.0353324
9.05, 0.0353729
9.055, 0.035307
9.035, 0.0352305
9.065, 0.0352726
9.01, 0.0352214
9.07, 0.0352767
9.02, 0.0352184
9.025, 0.035344
9.015, 0.0353285
9.03, 0.035303
9.11, 0.0353517
9.06, 0.035299
9.075, 0.0353657
9.125, 0.0354791
9.105, 0.0354256
9.12, 0.0353663
9.13, 0.0354067
9.135, 0.0354102
9.225, 0.0355445
9.14, 0.0354178
9.145, 0.0353615
9.15, 0.0354458
9.155, 0.0354306
9.16, 0.0354547
9.165, 0.0354383
9.17, 0.0354215
9.08, 0.0353764
9.175, 0.0354936
9.18, 0.0354452
9.185, 0.0354531
9.19, 0.0354579
9.195, 0.0354583
9.2, 0.0355314
9.205, 0.0354845
9.22, 0.0354633
9.21, 0.0355086
9.235, 0.0355898
9.245, 0.0354971
9.24, 0.0355988
9.255, 0.0355281
9.25, 0.0355223
9.115, 0.035312
9.265, 0.0355103
9.26, 0.0356125
9.275, 0.0356042
9.23, 0.0354573
9.27, 0.0355513
9.28, 0.0355453
9.285, 0.0356363
9.29, 0.0355223
9.215, 0.0355153
9.3, 0.0355794
9.305, 0.0355935
9.32, 0.0356014
9.325, 0.0355748
9.315, 0.0355943
9.345, 0.0356008
9.355, 0.0356606
9.335, 0.0356265
9.36, 0.0356364
9.37, 0.0356637
9.38, 0.035685
9.375, 0.0355946
9.385, 0.0356647
9.39, 0.0356975
9.295, 0.0356039
9.4, 0.0357238
9.41, 0.0357199
9.31, 0.0356633
9.365, 0.035673
9.435, 0.0356572
9.33, 0.0356604
9.455, 0.0357528
9.425, 0.0357795
9.415, 0.0357846
9.42, 0.03568
9.46, 0.0357432
9.34, 0.0356178
9.465, 0.0357427
9.43, 0.0356995
9.475, 0.0357508
9.48, 0.0357725
9.45, 0.0357586
9.445, 0.0357402
9.44, 0.0357409
9.35, 0.0357073
9.485, 0.035829
9.47, 0.0357842
9.505, 0.0358239
9.49, 0.0357546
9.52, 0.035829
9.55, 0.0358718
9.53, 0.0358596
9.535, 0.0358759
9.5, 0.0357447
9.395, 0.0356676
9.495, 0.0358261
9.555, 0.035882
9.56, 0.0358443
9.51, 0.0358187
9.515, 0.0358609
9.405, 0.0356461
9.575, 0.0358868
9.57, 0.0359128
9.59, 0.0359545
9.545, 0.0358353
9.6, 0.0358932
9.605, 0.0359245
9.61, 0.035903
9.58, 0.0359078
9.585, 0.0358684
9.595, 0.0359297
9.625, 0.0359268
9.525, 0.0357957
9.54, 0.0358272
9.635, 0.0359561
9.64, 0.0359593
9.565, 0.0358026
9.645, 0.035909
9.62, 0.0360404
9.655, 0.0359795
9.66, 0.0359604
9.665, 0.0360023
9.675, 0.0360032
9.67, 0.0360446
9.63, 0.035942
9.685, 0.0359914
9.68, 0.0360035
9.695, 0.0360559
9.65, 0.035945
9.705, 0.0360745
9.72, 0.0360159
9.615, 0.0359398
9.71, 0.0360641
9.73, 0.0360554
9.735, 0.0360449
9.69, 0.0361111
9.7, 0.0359962
9.75, 0.0360538
9.745, 0.0360445
9.715, 0.0359751
9.755, 0.0360493
9.76, 0.0361178
9.775, 0.0359972
9.77, 0.0360964
9.825, 0.0362139
9.765, 0.0360346
9.74, 0.0360141
9.795, 0.0361187
9.8, 0.0360767
9.815, 0.0361319
9.805, 0.0361578
9.78, 0.0360379
9.79, 0.0360956
9.785, 0.0360435
9.835, 0.0362125
9.84, 0.0362144
9.845, 0.036144
9.725, 0.0360075
9.87, 0.0361807
9.86, 0.0361947
9.855, 0.0362444
9.88, 0.0362099
9.905, 0.0362247
9.81, 0.0361528
9.925, 0.0361968
9.82, 0.0361973
9.875, 0.0362072
9.83, 0.0361703
9.85, 0.0361874
9.865, 0.0362477
9.98, 0.0363009
9.945, 0.0362902
9.99, 0.036325
9.995, 0.0363019
10, 0.0362864
9.975, 0.0363068
9.895, 0.0362123
9.9, 0.0361802
9.91, 0.0362744
9.985, 0.0362481
9.915, 0.0362325
9.92, 0.036258
9.885, 0.0361708
9.89, 0.0362278
6.42, 0.0316888
9.93, 0.0362596
9.94, 0.0363099
9.935, 0.0363106
6.425, 0.0317586
6.455, 0.0317862
6.59, 0.0319857
6.605, 0.0320206
9.95, 0.0362708
9.96, 0.0362879
9.955, 0.0362763
9.965, 0.0362957
9.97, 0.0362233
6.405, 0.0316806
6.41, 0.0317607
6.595, 0.0320105
6.94, 0.0325684
7.815, 0.0337961
7.84, 0.0338504
7.825, 0.0337968
7.82, 0.033818
7.835, 0.0338216
7.875, 0.0339579
7.88, 0.0338913
7.895, 0.033963
8.825, 0.0350557
9.085, 0.0354556
9.09, 0.0353684
9.095, 0.0353971
9.1, 0.0353698
