0.005, -2.37721, 0.124214
0.03, -2.67101, 0.239117
0.025, -2.66059, 0.22685
0.09, -2.65684, 0.216309
0.095, -2.65303, 0.214453
0.05, -2.66656, 0.221304
0.035, -2.67191, 0.240209
0.01, -2.49887, 0.159088
0.045, -2.66663, 0.221341
0.065, -2.66568, 0.220852
0.055, -2.66659, 0.222454
0.17, -2.61793, 0.20763
0.18, -2.61125, 0.203529
0.185, -2.60813, 0.201681
0.165, -2.62096, 0.209431
0.04, -2.66952, 0.234061
0.175, -2.61468, 0.205625
0.02, -2.65187, 0.221791
0.135, -2.6377, 0.218673
0.13, -2.63987, 0.21967
0.1, -2.64853, 0.212871
0.015, -2.63713, 0.214298
0.22, -2.58428, 0.187462
0.08, -2.66214, 0.219035
0.075, -2.66377, 0.219897
0.085, -2.65983, 0.217847
0.11, -2.63999, 0.210349
0.145, -2.63323, 0.216583
0.14, -2.63595, 0.21807
0.15, -2.63044, 0.215001
0.115, -2.64416, 0.219236
0.07, -2.66492, 0.220462
0.2, -2.59848, 0.195948
0.195, -2.60165, 0.197826
0.215, -2.58785, 0.189591
0.16, -2.62377, 0.211031
0.155, -2.62679, 0.212745
0.105, -2.64437, 0.211881
0.33, -2.50612, 0.14217
0.25, -2.56247, 0.174561
0.245, -2.56621, 0.176812
0.335, -2.50272, 0.140296
0.19, -2.60556, 0.200317
0.275, -2.54468, 0.164276
0.06, -2.66615, 0.221189
0.24, -2.5699, 0.178944
0.235, -2.57367, 0.181163
0.35, -2.49288, 0.134772
0.29, -2.53373, 0.157883
0.21, -2.59162, 0.191874
0.205, -2.59479, 0.193747
0.345, -2.49605, 0.136532
0.34, -2.4993, 0.138327
0.36, -2.48654, 0.131266
0.225, -2.58062, 0.185305
0.23, -2.5773, 0.183337
0.395, -2.46553, 0.119899
0.4, -2.46306, 0.118546
0.375, -2.47767, 0.126454
0.27, -2.54812, 0.166178
0.28, -2.54086, 0.161974
0.285, -2.53737, 0.160048
0.26, -2.55527, 0.170363
0.425, -2.44938, 0.111426
0.415, -2.45459, 0.114064
0.41, -2.45733, 0.11553
0.32, -2.5128, 0.145998
0.42, -2.45158, 0.112461
0.43, -2.44652, 0.109949
0.44, -2.44145, 0.107305
0.325, -2.50966, 0.144192
0.435, -2.44361, 0.108403
0.445, -2.43868, 0.105872
0.315, -2.51635, 0.148001
0.365, -2.48333, 0.129561
0.37, -2.48071, 0.128157
0.39, -2.46878, 0.121659
0.385, -2.47165, 0.123222
0.355, -2.48989, 0.133128
0.31, -2.51954, 0.149786
0.305, -2.52355, 0.152079
0.265, -2.55169, 0.168293
0.38, -2.47476, 0.124892
0.45, -2.43609, 0.10458
0.505, -2.4097, 0.0915851
0.295, -2.53003, 0.155786
0.255, -2.55875, 0.172373
0.3, -2.52667, 0.153867
0.405, -2.4604, 0.117203
0.47, -2.42615, 0.0996243
0.475, -2.42387, 0.0984619
0.46, -2.43133, 0.102172
0.49, -2.41682, 0.0950162
0.485, -2.41915, 0.0961794
0.48, -2.42118, 0.0970861
0.5, -2.4121, 0.0927643
0.495, -2.41395, 0.0936148
0.54, -2.39092, 0.0822793
0.515, -2.40497, 0.0893764
0.535, -2.39615, 0.0853419
0.465, -2.42859, 0.100849
0.52, -2.40278, 0.0885073
0.525, -2.40065, 0.0874065
0.585, -2.37514, 0.0762408
0.455, -2.43365, 0.103359
0.61, -2.36477, 0.0718808
0.605, -2.36634, 0.0726162
0.595, -2.37094, 0.0744874
0.6, -2.36827, 0.073348
0.57, -2.38135, 0.0789044

0.55, -2.3898, 0.0825006
0.58, -2.37718, 0.0771179
0.575, -2.37921, 0.0779071
0.565, -2.38313, 0.0795736
0.56, -2.3852, 0.080478
0.51, -2.40718, 0.0904104
0.555, -2.38774, 0.0816736
0.615, -2.36304, 0.0712967
0.62, -2.36053, 0.0702259
0.59, -2.3728, 0.0751674
0.625, -2.35861, 0.069512
0.63, -2.35651, 0.0686331
0.64, -2.35268, 0.067185
0.65, -2.34837, 0.0655477
0.645, -2.35045, 0.0663517
0.655, -2.34679, 0.0650878
0.635, -2.35404, 0.0676893
0.665, -2.3426, 0.0634973
0.66, -2.34473, 0.0642406
0.67, -2.34054, 0.062698
0.685, -2.33418, 0.0604531
0.68, -2.33674, 0.0613257
0.675, -2.33855, 0.0620284
0.695, -2.33015, 0.0590802
0.69, -2.33283, 0.0600754
0.7, -2.32854, 0.0585532
0.705, -2.32667, 0.0578845
0.72, -2.32056, 0.0559269
0.71, -2.32454, 0.0571691
0.715, -2.32262, 0.0566133
0.73, -2.31613, 0.0544351
0.74, -2.31301, 0.0535422
0.735, -2.31486, 0.054052
0.725, -2.31845, 0.0552083
0.745, -2.31111, 0.0530289
0.755, -2.30702, 0.0517096
0.75, -2.3088, 0.0522475
0.84, -2.27267, 0.0421108
0.81, -2.2847, 0.0451812
0.815, -2.2829, 0.044721
0.825, -2.2789, 0.0439054
0.82, -2.28067, 0.0440595
0.83, -2.27676, 0.0432136
0.765, -2.30293, 0.050397
0.79, -2.29333, 0.04763
0.76, -2.30438, 0.0507995
0.77, -2.30096, 0.0497834
0.88, -2.25648, 0.0381367
0.87, -2.26028, 0.0390476
0.875, -2.25912, 0.0388285
0.775, -2.29873, 0.0492376
0.785, -2.29518, 0.0480738
0.975, -2.21571, 0.0294085
0.98, -2.21338, 0.0289379
0.845, -2.27068, 0.041504
0.795, -2.29086, 0.0468402
0.8, -2.28915, 0.0465994
0.96, -2.22281, 0.0309808
0.78, -2.2968, 0.0486205
0.955, -2.22439, 0.031357
0.805, -2.28692, 0.04594
0.91, -2.24395, 0.0351715
0.855, -2.26618, 0.0403148
1, -2.20473, 0.027424
1.015, -2.19805, 0.0262315
0.85, -2.26899, 0.0412176
1.01, -2.19998, 0.0265787
0.835, -2.27514, 0.0427826
0.965, -2.2204, 0.0304138
0.905, -2.24626, 0.0358264
0.915, -2.24183, 0.0349435
0.93, -2.23561, 0.0334788
1.005, -2.20247, 0.027199
0.9, -2.24852, 0.036404
0.895, -2.25032, 0.0366263
0.925, -2.23739, 0.0339061
0.89, -2.252, 0.0371352
0.92, -2.23981, 0.034408
0.885, -2.25377, 0.0373383
1.035, -2.1887, 0.0246561
0.995, -2.20715, 0.0281807
1.05, -2.18207, 0.023714
1.045, -2.18348, 0.0239015
1.03, -2.19131, 0.0252956
1.025, -2.19292, 0.0255144
0.86, -2.26443, 0.0400132
0.865, -2.26271, 0.039574
0.95, -2.22656, 0.0316313
0.945, -2.22905, 0.0321187
1.04, -2.18658, 0.0244876
0.97, -2.21793, 0.0299682
0.985, -2.21185, 0.0288787
0.94, -2.23077, 0.0324984
1.1, -2.15741, 0.0199436
1.095, -2.1602, 0.0204152
1.075, -2.16956, 0.0216887
1.09, -2.16222, 0.0207309
0.935, -2.23349, 0.033176
1.12, -2.14757, 0.0187586
1.02, -2.19513, 0.0257126
1.115, -2.14976, 0.0187512
1.15, -2.1321, 0.0166019
1.16, -2.12728, 0.0160033
1.2, -2.10502, 0.0133404
1.13, -2.14244, 0.0178691
1.135, -2.13979, 0.0175941
1.08, -2.16756, 0.0214485
1.085, -2.16503, 0.0211334
1.165, -2.12373, 0.0156173
1.06, -2.17718, 0.0229479
1.055, -2.17954, 0.0232981
1.07, -2.17147, 0.0219175
1.19, -2.11068, 0.0141156
1.065, -2.17473, 0.0225146
1.195, -2.10813, 0.0137043
1.145, -2.13445, 0.0169402
1.185, -2.11247, 0.0142238
1.14, -2.13817, 0.0174713
1.11, -2.15171, 0.0193259
1.125, -2.1447, 0.0183748
1.105, -2.15534, 0.0196752
0.99, -2.20916, 0.0283714
1.17, -2.12156, 0.015409
1.22, -2.09387, 0.0122633
1.215, -2.09636, 0.0125748
1.155, -2.13002, 0.0162824
1.23, -2.08749, 0.0115376
1.205, -2.10247, 0.0130238
1.27, -2.06517, 0.00946684
1.275, -2.06172, 0.00918243
1.305, -2.04318, 0.00744016
1.31, -2.03981, 0.00726608
1.315, -2.036, 0.00692474
1.175, -2.11922, 0.0151254
1.18, -2.11643, 0.0147704
1.21, -2.09933, 0.0127272
1.25, -2.077, 0.0105254
1.24, -2.08224, 0.011087
1.235, -2.08647, 0.0114262
1.26, -2.07024, 0.00985019
1.325, -2.02898, 0.00637181
1.245, -2.08022, 0.010902
1.265, -2.06704, 0.00953753
1.225, -2.09121, 0.0118861
1.32, -2.03292, 0.00676638
1.285, -2.05542, 0.00847162
1.28, -2.05782, 0.00853845
1.29, -2.05263, 0.00833566
1.3, -2.04603, 0.00760251
1.33, -2.02706, 0.00627249
1.295, -2.04883, 0.00797444
1.255, -2.0726, 0.0101225
1.37, -1.99899, 0.00404271
1.35, -2.0129, 0.00498784
1.355, -2.0095, 0.00492982
1.34, -2.01982, 0.00557852
1.365, -2.00317, 0.00435223
1.36, -2.00587, 0.00449161
1.335, -2.02303, 0.00590708
1.345, -2.0159, 0.00522593
1.375, -1.99552, 0.00390502
1.415, -1.96607, 0.00192355
1.425, -1.95933, 0.00159797
1.42, -1.96148, 0.00139945
1.395, -1.98045, 0.00284882
1.39, -1.98523, 0.0030177
1.4, -1.97782, 0.00262382
1.41, -1.96995, 0.00199189
1.385, -1.98885, 0.00338314
1.405, -1.9736, 0.00238762
1.44, -1.94619, 0.000626446
1.43, -1.95492, 0.00117521
1.435, -1.95079, 0.00105547
1.445, -1.94329, 0.000630547
1.46, -1.93167, -9.35037e-05
1.47, -1.92186, -0.000719507
1.465, -1.92677, -0.000494608
1.475, -1.91867, -0.000677359
1.455, -1.9346, 2.79695e-05
1.38, -1.99201, 0.00353104
1.45, -1.93996, 0.00030608
1.5, -1.898, -0.00189675
1.53, -1.87056, -0.0030885
1.48, -1.91398, -0.00115007
1.525, -1.87496, -0.00290865
1.485, -1.90935, -0.00115172
1.495, -1.90225, -0.00157121
1.51, -1.88792, -0.00224251
1.505, -1.89291, -0.00202927
1.49, -1.90577, -0.00138026
1.545, -1.856, -0.00389993
1.52, -1.87928, -0.00288591
1.515, -1.88316, -0.00265583
1.535, -1.86601, -0.00339817
1.54, -1.86062, -0.00346809
1.55, -1.8521, -0.004072
1.56, -1.8429, -0.0043529
1.575, -1.82794, -0.00471655
1.555, -1.84733, -0.00415908
1.57, -1.83174, -0.00479308
1.58, -1.82275, -0.00516147
1.565, -1.8367, -0.00455235
1.61, -1.79185, -0.00643054
1.605, -1.79631, -0.0061337
1.59, -1.81239, -0.00556353
1.595, -1.80714, -0.00581044
1.625, -1.77643, -0.00692316
1.65, -1.74798, -0.00769462
1.645, -1.75364, -0.00759864
1.62, -1.78091, -0.00676972
1.585, -1.81735, -0.00521092
1.665, -1.73134, -0.00826232
1.615, -1.78634, -0.00655445
1.6, -1.8015, -0.00594167
1.705, -1.68558, -0.0096627
1.75, -1.63058, -0.011185
1.63, -1.77042, -0.00707494
1.755, -1.62352, -0.0112593
1.745, -1.63499, -0.0109201
1.74, -1.64286, -0.0107157
1.735, -1.64781, -0.0106726
1.795, -1.57288, -0.0124327
1.635, -1.76452, -0.00714279
1.64, -1.76048, -0.00732769
1.77, -1.60527, -0.0115597
1.695, -1.69625, -0.00928071
1.79, -1.57958, -0.012258
1.7, -1.6897, -0.00954195
1.69, -1.70164, -0.0093167
1.685, -1.70877, -0.00906979
1.655, -1.74287, -0.00797765
1.68, -1.71507, -0.00885419
1.78, -1.59208, -0.0120694
1.66, -1.7374, -0.0082512
1.785, -1.58537, -0.0120061
1.67, -1.72559, -0.00840516
1.71, -1.67761, -0.00987767
1.725, -1.65912, -0.0103583
1.675, -1.71882, -0.00863784
1.73, -1.65547, -0.010516
1.76, -1.61727, -0.0113895
1.805, -1.56008, -0.0126834
1.83, -1.52901, -0.0132658
1.765, -1.61151, -0.0115961
1.845, -1.50901, -0.0136221
1.715, -1.67243, -0.0100362
1.72, -1.66531, -0.0101364
1.85, -1.5053, -0.0135862
1.775, -1.59786, -0.0117296
1.825, -1.53592, -0.0132111
1.87, -1.47774, -0.0142423
1.865, -1.48596, -0.0140508
1.835, -1.52178, -0.0134249
1.895, -1.44859, -0.0146111
1.815, -1.54776, -0.012929
1.89, -1.45336, -0.0145781
1.885, -1.46003, -0.014404
1.84, -1.51706, -0.0134212
1.88, -1.46571, -0.0143973
1.905, -1.43561, -0.0148499
1.82, -1.54097, -0.0130793
1.875, -1.47106, -0.0141516
1.81, -1.55558, -0.0126126
1.86, -1.49152, -0.0138468
1.94, -1.39367, -0.0153663
1.945, -1.38897, -0.0154122
1.93, -1.40367, -0.0151069
1.935, -1.39898, -0.0154001
1.965, -1.3642, -0.015789
1.97, -1.36003, -0.0158151
1.975, -1.35441, -0.015932
1.98, -1.34686, -0.0158989
1.99, -1.33696, -0.015978
1.985, -1.34182, -0.0161289
1.95, -1.38124, -0.015543
1.8, -1.5676, -0.0123703
1.915, -1.42303, -0.0149619
1.96, -1.37122, -0.0157233
1.92, -1.41647, -0.0151512
1.995, -1.33158, -0.0160644
1.925, -1.40985, -0.0149764
1.855, -1.49803, -0.0138288
2.04, -1.28426, -0.0166558
2.03, -1.2937, -0.0166184
2.035, -1.28804, -0.0166805
1.9, -1.44223, -0.0145943
2.015, -1.31012, -0.0163075
2.01, -1.31401, -0.0163373
1.955, -1.37596, -0.0157494
2.005, -1.32145, -0.0161914
2.055, -1.26975, -0.0167861
2.025, -1.29898, -0.016537
2.02, -1.30406, -0.0163423
2.07, -1.25439, -0.0169097
2.085, -1.23937, -0.0170839
2.09, -1.23455, -0.0169202
2.065, -1.25786, -0.0169707
2.05, -1.27312, -0.0167093
2.08, -1.24372, -0.017092
2.045, -1.27781, -0.0166934
2, -1.32637, -0.0162505
2.075, -1.2478, -0.0169356
2.06, -1.26348, -0.0168325
2.105, -1.22064, -0.0172602
2.11, -1.21491, -0.017182
2.1, -1.22523, -0.0169926
1.91, -1.42881, -0.0150486
2.095, -1.23039, -0.0171323
2.125, -1.20163, -0.0173365
2.14, -1.18881, -0.0174316
2.145, -1.18227, -0.0173683
2.13, -1.19776, -0.0173701
2.135, -1.19276, -0.0172533
2.175, -1.15879, -0.0174956
2.115, -1.21119, -0.0172216
2.12, -1.20647, -0.0172884
0.12, -2.64676, 0.223993
0.125, -2.64466, 0.223025
2.17, -1.16147, -0.0174741
2.165, -1.16625, -0.0175448
2.15, -1.17917, -0.0173957
2.16, -1.17047, -0.0173591
2.155, -1.17406, -0.0175202
2.195, -1.14198, -0.0174194
2.19, -1.14493, -0.0174253
2.2, -1.13828, -0.0175607
2.185, -1.14962, -0.0174582
2.18, -1.15175, -0.0175994
2.26, -1.09195, -0.0179192
2.245, -1.10167, -0.0177059
2.22, -1.12291, -0.0177694
2.265, -1.08588, -0.0178693
2.205, -1.13345, -0.0175237
2.255, -1.09452, -0.017729
2.21, -1.12797, -0.017637
2.25, -1.09727, -0.0178022
2.215, -1.12539, -0.017738
2.24, -1.1061, -0.0176878
2.295, -1.06526, -0.0176784
2.235, -1.10961, -0.0176471
2.3, -1.05973, -0.0179357
2.27, -1.08395, -0.0178307
2.23, -1.11379, -0.0177303
2.225, -1.11704, -0.0178286
2.315, -1.05195, -0.0177959
2.28, -1.07675, -0.0177346
2.285, -1.07257, -0.0176906
2.31, -1.05619, -0.0177775
2.305, -1.05848, -0.0179167
2.29, -1.06847, -0.0178118
2.33, -1.04224, -0.0177706
2.325, -1.04542, -0.0178781
2.32, -1.04826, -0.0178079
2.34, -1.03334, -0.0178326
2.35, -1.02713, -0.0178231
2.345, -1.0305, -0.0178043
2.36, -1.02178, -0.0178345
2.375, -1.01198, -0.0177145
2.355, -1.02495, -0.0178834
2.405, -0.992, -0.0177979
2.385, -1.00406, -0.0179265
2.41, -0.9889, -0.0178789
2.37, -1.0151, -0.017861
2.365, -1.0175, -0.0178012
2.395, -0.998555, -0.0176553
2.4, -0.996847, -0.0177554
2.435, -0.975023, -0.0177262
2.44, -0.971777, -0.0178379
2.39, -1.00274, -0.0180145
2.38, -1.00827, -0.0178372
2.425, -0.97978, -0.0178564
2.43, -0.978791, -0.0177196
2.485, -0.945832, -0.0177042
2.335, -1.03831, -0.0177982
2.49, -0.942874, -0.0177152
2.475, -0.951428, -0.0178071
2.445, -0.968524, -0.0178965
2.42, -0.983185, -0.0177063
2.415, -0.986148, -0.0177184
2.45, -0.966053, -0.0178859
2.505, -0.933189, -0.0177973
2.465, -0.956519, -0.0177727
2.47, -0.953387, -0.0176813
2.54, -0.91673, -0.0175968
2.455, -0.963608, -0.0178864
2.525, -0.923754, -0.0177524
2.53, -0.919944, -0.0177295
2.51, -0.931624, -0.0178143
2.5, -0.937684, -0.0177472
2.52, -0.926084, -0.017845
2.515, -0.929062, -0.0176663
2.57, -0.900607, -0.0177143
2.56, -0.904942, -0.0176192
2.565, -0.902372, -0.0175925
2.46, -0.959903, -0.0177625

2.545, -0.91263, -0.0175559
2.55, -0.910406, -0.0176644
2.48, -0.948199, -0.0176353
2.535, -0.917368, -0.0175289
2.555, -0.906926, -0.0175889
2.6, -0.88337, -0.0176132
2.595, -0.887687, -0.0175002
2.495, -0.940653, -0.0177161
2.58, -0.895585, -0.0175523
2.59, -0.89026, -0.0175194
2.605, -0.88189, -0.0175256
2.61, -0.87983, -0.0175574
2.615, -0.877542, -0.0174722
2.585, -0.892141, -0.0175531
2.62, -0.875042, -0.0174516
2.65, -0.860974, -0.0172909
2.67, -0.851607, -0.0173503
2.665, -0.854325, -0.0172706
2.66, -0.857354, -0.0173369
2.705, -0.836641, -0.0172401
2.695, -0.838857, -0.0173288
2.63, -0.869167, -0.017466
2.685, -0.844582, -0.0172745
2.635, -0.866974, -0.0175277
2.71, -0.832728, -0.0174208
2.72, -0.830136, -0.0172915
2.625, -0.872281, -0.0173399
2.655, -0.858218, -0.0174816
2.715, -0.83052, -0.0173327
2.69, -0.843211, -0.0173721
2.68, -0.846794, -0.0174035
2.675, -0.848433, -0.0174161
2.64, -0.866359, -0.0174635
2.645, -0.861897, -0.0175542
2.77, -0.807054, -0.0170929
2.7, -0.836643, -0.0173128
2.76, -0.81282, -0.0171221
2.755, -0.813743, -0.0171121
2.745, -0.818929, -0.017188
2.75, -0.816827, -0.0171352
2.73, -0.824265, -0.0173046
2.74, -0.819434, -0.0173028
2.735, -0.822292, -0.0170886
2.725, -0.827252, -0.0172394
2.765, -0.81012, -0.0171151
2.775, -0.806402, -0.0170401
2.785, -0.801569, -0.017211
2.78, -0.803333, -0.0171754
2.795, -0.797254, -0.0171456
2.79, -0.799388, -0.016917
2.815, -0.789055, -0.0170548
2.825, -0.785806, -0.016962
2.82, -0.787662, -0.0168463
2.81, -0.790839, -0.0169696
2.805, -0.79329, -0.0170447
2.8, -0.795249, -0.0170402
2.83, -0.784061, -0.0169439
2.835, -0.781265, -0.0170332
2.84, -0.779344, -0.0168721
2.845, -0.777057, -0.0169941
2.865, -0.769719, -0.0169328
2.855, -0.773977, -0.0167814
2.86, -0.770921, -0.0167551
2.875, -0.76553, -0.0165821
2.88, -0.764088, -0.0168019
2.87, -0.769368, -0.0167904
2.85, -0.774572, -0.0169329
2.89, -0.760716, -0.0167435
2.885, -0.762429, -0.0167943
2.895, -0.758976, -0.0167522
2.92, -0.749011, -0.0166007
2.915, -0.750502, -0.016711
2.9, -0.755971, -0.0167757
2.91, -0.752701, -0.0167432
2.965, -0.733858, -0.0165433
2.975, -0.730099, -0.0164773
2.99, -0.725641, -0.0164783
2.925, -0.749114, -0.0165072
2.98, -0.72801, -0.0164991
2.96, -0.735992, -0.0166046
2.94, -0.741769, -0.0166139
2.945, -0.740289, -0.016591
2.95, -0.738197, -0.0166541
3.025, -0.713264, -0.0162959
3.02, -0.715263, -0.0162142
3.015, -0.717545, -0.0165381
3.035, -0.710077, -0.016193
3.03, -0.711783, -0.0163577
2.985, -0.727808, -0.0165177
2.93, -0.745425, -0.0167399
2.935, -0.744237, -0.0166654
2.955, -0.737454, -0.0165729
3.005, -0.719601, -0.0163506
3.01, -0.718663, -0.0164811
2.995, -0.72263, -0.0165571
3, -0.721765, -0.0163867
2.97, -0.731089, -0.0164983
3.04, -0.709302, -0.0162261
3.085, -0.69386, -0.0160765
3.055, -0.703947, -0.0162768
3.045, -0.707222, -0.016158
3.05, -0.705874, -0.0163001
3.065, -0.700892, -0.0162546
3.07, -0.699555, -0.0162511
3.1, -0.689178, -0.0162185
3.105, -0.688133, -0.01625
3.11, -0.68687, -0.0160059
3.06, -0.702394, -0.0160953
3.075, -0.697513, -0.0162858
3.08, -0.696191, -0.0160223
3.095, -0.691195, -0.0160286
3.09, -0.691915, -0.0163486
3.125, -0.682315, -0.0160668
3.12, -0.682661, -0.016027
3.115, -0.686068, -0.016151
3.17, -0.669096, -0.0159463
3.16, -0.671662, -0.0157009
3.165, -0.671491, -0.0158053
3.185, -0.663981, -0.0158397
3.175, -0.666639, -0.0159179
3.155, -0.673481, -0.0160269
3.18, -0.665715, -0.0159343
3.21, -0.658311, -0.0156887
3.195, -0.662253, -0.0159805
3.205, -0.65976, -0.0156874
3.13, -0.681943, -0.0158133
3.2, -0.659942, -0.0158647
3.19, -0.662812, -0.0159766
3.215, -0.656914, -0.0159613
3.22, -0.654986, -0.015862
3.225, -0.65407, -0.0156656
3.255, -0.644879, -0.015706
3.235, -0.651837, -0.0156524
3.265, -0.642059, -0.0154958
3.27, -0.641549, -0.0154592
3.25, -0.646586, -0.0155782
3.26, -0.642855, -0.01578
3.23, -0.651967, -0.0158529
3.245, -0.64772, -0.0157341
3.24, -0.648754, -0.0157151
3.28, -0.639166, -0.0154973
3.285, -0.637282, -0.0155707
3.29, -0.635149, -0.0153277
3.295, -0.635389, -0.0154447
2.275, -1.08113, -0.0177483
3.3, -0.634063, -0.0154843
3.315, -0.629032, -0.0154489
3.325, -0.627994, -0.0154969
3.31, -0.630387, -0.0154991
3.37, -0.615237, -0.0152864
3.365, -0.617269, -0.0151815
3.305, -0.632562, -0.0153076
3.345, -0.62141, -0.0152926
3.32, -0.628994, -0.0155297
3.35, -0.621346, -0.0152453
3.38, -0.613908, -0.0152181
3.385, -0.61222, -0.0152
3.34, -0.624107, -0.0153651
3.33, -0.624839, -0.0154365
3.36, -0.617903, -0.0154939
3.355, -0.619109, -0.015411
3.375, -0.613856, -0.015364
3.41, -0.606582, -0.0151867
3.415, -0.605226, -0.0152113
3.4, -0.607897, -0.0152246
3.405, -0.607376, -0.015108
3.39, -0.611385, -0.0151941
3.335, -0.625141, -0.01538
3.42, -0.602902, -0.0151055
3.395, -0.609374, -0.0151994
3.45, -0.597371, -0.0150871
3.44, -0.598094, -0.0151923
3.445, -0.597092, -0.0151723
3.425, -0.602841, -0.0150673
3.465, -0.593082, -0.0150338
3.46, -0.593582, -0.0149791
3.455, -0.595035, -0.0151586
3.43, -0.60251, -0.0150447
3.435, -0.60057, -0.0151202
3.47, -0.591853, -0.0149476
3.48, -0.589972, -0.0150076
3.475, -0.59068, -0.0150145
3.485, -0.588627, -0.014875
3.49, -0.586661, -0.0148482
3.5, -0.585225, -0.0149776
3.505, -0.582819, -0.0149264
3.51, -0.583369, -0.0147431
3.55, -0.573912, -0.0146728
3.52, -0.580963, -0.0147769
3.525, -0.579898, -0.0149914
3.495, -0.585898, -0.0149758
3.54, -0.576105, -0.0146826
3.535, -0.577689, -0.0148187
3.545, -0.575393, -0.0147418
3.53, -0.578083, -0.0148364
3.59, -0.56704, -0.0146778
3.565, -0.570768, -0.0146604
3.555, -0.572984, -0.0147042
3.56, -0.573588, -0.0145607
3.57, -0.569741, -0.0146245
3.575, -0.570213, -0.0144989
3.58, -0.567459, -0.0145858
3.585, -0.567076, -0.014668
3.595, -0.565538, -0.0145629
3.6, -0.563836, -0.0146175
3.625, -0.558985, -0.0146438
3.615, -0.560671, -0.0144009
3.63, -0.558459, -0.0144579
3.64, -0.555141, -0.0144602
3.635, -0.556039, -0.0145579
3.62, -0.559404, -0.0143624
3.65, -0.553047, -0.0145226
3.61, -0.562074, -0.0145438
3.645, -0.55478, -0.0145474
3.605, -0.563348, -0.0143214
3.71, -0.542298, -0.0142232
3.72, -0.539903, -0.0143022
3.715, -0.541578, -0.0141453
3.7, -0.543434, -0.0142555
3.705, -0.543224, -0.0143353
3.69, -0.546422, -0.0142267
3.745, -0.534776, -0.0142549
3.695, -0.54524, -0.0142011
3.75, -0.53426, -0.0140103
3.655, -0.552763, -0.0143261
3.845, -0.516619, -0.0140237
3.835, -0.518755, -0.0139469
3.93, -0.503708, -0.0137834
3.84, -0.516732, -0.0139551
3.805, -0.524044, -0.0140335
3.895, -0.509427, -0.0137541
3.89, -0.509235, -0.013788
3.755, -0.533129, -0.0139694
3.76, -0.532608, -0.0139704
3.675, -0.54814, -0.0144246
3.68, -0.54799, -0.0142898
3.765, -0.53089, -0.0141507
3.685, -0.54712, -0.0143467
3.825, -0.520822, -0.0138151
3.82, -0.521233, -0.0138231
3.74, -0.536662, -0.0141839
3.73, -0.538808, -0.014197
3.735, -0.538033, -0.0142744
3.85, -0.516061, -0.0138551
3.87, -0.512837, -0.0136376
3.785, -0.528652, -0.0139211
3.865, -0.513009, -0.0139047
3.86, -0.514253, -0.013759
3.66, -0.55238, -0.0143868
3.78, -0.52887, -0.0141629
3.8, -0.524189, -0.014073
3.795, -0.52589, -0.0139193
3.815, -0.522567, -0.0138198
3.855, -0.514814, -0.0138081
3.79, -0.526692, -0.0140078
3.95, -0.49907, -0.0136328
3.81, -0.523049, -0.0139526
3.83, -0.520498, -0.0138988
3.725, -0.539938, -0.014216
3.995, -0.491878, -0.013459
3.975, -0.495138, -0.0133507
3.97, -0.495039, -0.0135197
3.955, -0.498287, -0.0135175
4.005, -0.490716, -0.0135547
3.945, -0.499886, -0.0136537
4.015, -0.489599, -0.0133646
3.94, -0.49939, -0.0136896
3.935, -0.501962, -0.0136254
3.9, -0.507638, -0.0136264
3.98, -0.493663, -0.0135533
3.985, -0.4933, -0.0135651
3.96, -0.497712, -0.0136742
3.965, -0.497782, -0.013682
3.905, -0.507717, -0.0138904
3.875, -0.511701, -0.0137061
4.01, -0.489878, -0.0134931
3.99, -0.493366, -0.0134194
4.065, -0.4809, -0.0134544
4.06, -0.481944, -0.0133498
3.915, -0.50608, -0.0135423
3.775, -0.529636, -0.014104
4.055, -0.483439, -0.0133958
3.885, -0.510085, -0.0137555
3.91, -0.506367, -0.0136842
3.88, -0.51071, -0.0137672
4.025, -0.487233, -0.0135584
4.02, -0.488634, -0.0133881
3.77, -0.530003, -0.0140604
4.085, -0.478826, -0.0131785
4.09, -0.477875, -0.0132955
3.92, -0.503375, -0.0137577
4.05, -0.483425, -0.0134416
4.04, -0.48485, -0.0133607
4.045, -0.484519, -0.0133445
4.07, -0.480113, -0.0135243
4.035, -0.485973, -0.0132918
3.925, -0.504539, -0.0136732
4.08, -0.47943, -0.0132333
4.075, -0.480024, -0.0133625
4, -0.490717, -0.0134285
4.03, -0.486478, -0.0133155
4.1, -0.475226, -0.0131856
4.095, -0.476569, -0.0132539
4.125, -0.471913, -0.0132201
4.11, -0.474507, -0.0132871
4.12, -0.472663, -0.0132551
4.115, -0.474921, -0.013216
4.145, -0.46912, -0.0130687
4.15, -0.468607, -0.0131553
4.14, -0.469397, -0.0131619
4.18, -0.464857, -0.0130933
4.185, -0.465053, -0.0130166
4.155, -0.467416, -0.0130271
4.195, -0.462879, -0.0130095
4.2, -0.462328, -0.0129339
4.17, -0.466382, -0.0130605
4.165, -0.466935, -0.01309
4.16, -0.466129, -0.0130309
4.175, -0.465038, -0.0130539
4.225, -0.458675, -0.0128719
4.23, -0.458227, -0.012944
4.26, -0.452731, -0.0127434
4.255, -0.454017, -0.012821
4.25, -0.454941, -0.012833
4.135, -0.469986, -0.0132919
4.19, -0.463225, -0.0129143
4.13, -0.472092, -0.0130575
4.265, -0.452856, -0.012845
4.205, -0.461066, -0.012855
4.22, -0.458446, -0.0127413
4.24, -0.455279, -0.0128758
4.21, -0.460574, -0.0130177
4.235, -0.455628, -0.0127869
4.215, -0.459586, -0.0129924
4.245, -0.45546, -0.0129026
4.27, -0.452936, -0.0127899
4.285, -0.44991, -0.0126729
4.28, -0.450913, -0.0127964
4.29, -0.450067, -0.0127712
4.315, -0.445752, -0.0127853
4.31, -0.446429, -0.0126874
4.32, -0.445619, -0.0126564
4.325, -0.443327, -0.0125811
4.295, -0.448582, -0.0126544
4.305, -0.448123, -0.0126967
4.3, -0.447859, -0.0127037
4.275, -0.451106, -0.0128143
4.335, -0.443447, -0.0125433
4.345, -0.442635, -0.0126983
4.34, -0.44283, -0.0126864
4.33, -0.444122, -0.0126259
4.35, -0.44214, -0.0124586
4.355, -0.440375, -0.0126429
4.37, -0.437893, -0.0125339
4.365, -0.438998, -0.0125391
4.36, -0.439998, -0.0126633
4.405, -0.435324, -0.0124432
4.385, -0.43762, -0.0126325
4.38, -0.438259, -0.0125562
4.4, -0.433731, -0.0123841
4.39, -0.435502, -0.0126452
4.395, -0.435948, -0.0124792
4.435, -0.430983, -0.0123706
4.375, -0.438598, -0.012677
4.42, -0.432697, -0.0125565
4.415, -0.432637, -0.0125826
4.41, -0.43287, -0.0125801
4.43, -0.431866, -0.0124745
4.425, -0.431524, -0.0123805
4.45, -0.428158, -0.0125027
4.51, -0.421947, -0.0122571
4.505, -0.42265, -0.0123034
4.445, -0.42925, -0.0123904
4.495, -0.423994, -0.0122211
4.5, -0.42254, -0.0123131
4.515, -0.421473, -0.0123289
4.52, -0.421474, -0.0122774
4.44, -0.429143, -0.012453
4.455, -0.427762, -0.0124443
4.47, -0.427519, -0.0124278
4.46, -0.428235, -0.0123264
4.465, -0.426919, -0.0123645
4.48, -0.426192, -0.0122668
4.485, -0.424783, -0.0122343
4.49, -0.423747, -0.0122463
4.61, -0.40986, -0.0119037
4.53, -0.419804, -0.0120713
4.555, -0.417634, -0.0121163
4.57, -0.415118, -0.0120706
4.565, -0.415667, -0.0120979
4.535, -0.419804, -0.0122282
4.56, -0.416789, -0.0121362
4.525, -0.420115, -0.011965
4.62, -0.408753, -0.0119447
4.575, -0.413878, -0.0121094
4.615, -0.409869, -0.0120133
4.59, -0.413526, -0.011988
4.54, -0.417779, -0.0121637
4.58, -0.413431, -0.0120467
4.595, -0.412676, -0.0120296
4.545, -0.418146, -0.0122896
4.645, -0.406517, -0.011911
4.55, -0.417164, -0.0121097
4.635, -0.408001, -0.0120227
4.715, -0.400043, -0.0119714
4.63, -0.408013, -0.0120127
4.75, -0.395499, -0.011768
4.64, -0.407145, -0.0119804
4.6, -0.411535, -0.0121438
4.585, -0.413316, -0.0120537
4.745, -0.396052, -0.0118745
4.625, -0.409219, -0.0119214
4.605, -0.411114, -0.0120296
4.74, -0.395618, -0.0117327
4.7, -0.401317, -0.0117724
4.705, -0.401062, -0.011816
4.71, -0.401373, -0.0118892
4.665, -0.404101, -0.0119674
4.67, -0.40481, -0.0119228
4.77, -0.393116, -0.0118189
4.765, -0.39447, -0.0117879
4.69, -0.401689, -0.01197
4.695, -0.401404, -0.0118218
4.68, -0.402383, -0.0119354

4.675, -0.402664, -0.0119041
4.8, -0.390432, -0.0115891
4.655, -0.404559, -0.0119528
4.81, -0.390599, -0.0116326
4.82, -0.387944, -0.0114667
4.815, -0.388423, -0.0115116
4.66, -0.404739, -0.0120123
4.65, -0.405648, -0.0119319
4.73, -0.397076, -0.0117702
4.795, -0.390136, -0.0115974
4.79, -0.391704, -0.0117164
4.825, -0.388255, -0.0116745
4.72, -0.398631, -0.0117078
4.78, -0.392221, -0.0117436
4.735, -0.39711, -0.0118064
4.87, -0.384066, -0.0114594
3.145, -0.675814, -0.0158712
4.855, -0.384223, -0.0114194
4.685, -0.402058, -0.0117747
4.775, -0.393951, -0.0117274
3.15, -0.67503, -0.0158733
4.845, -0.385925, -0.0114358
3.14, -0.678008, -0.0159742
3.135, -0.679448, -0.0160157
4.76, -0.39454, -0.0116155
4.905, -0.379508, -0.0114411
4.885, -0.381388, -0.0114926
4.755, -0.395361, -0.0118521
4.89, -0.381485, -0.0115087
4.83, -0.386884, -0.0117258
4.875, -0.383234, -0.0116292
4.88, -0.383955, -0.0114391
4.955, -0.375605, -0.0112917
4.725, -0.397721, -0.0117693
4.9, -0.380867, -0.011457
4.895, -0.381488, -0.0116138
4.835, -0.386289, -0.0116626
4.85, -0.385269, -0.0115391
4.84, -0.386719, -0.0115705
4.945, -0.375318, -0.0113349
4.95, -0.376021, -0.0111552
4.94, -0.375523, -0.0113333
4.865, -0.384088, -0.0114801
4.91, -0.380823, -0.011438
4.935, -0.377327, -0.011483
4.93, -0.377987, -0.0112431
4.925, -0.378596, -0.0113129
4.965, -0.374344, -0.0113636
4.98, -0.373409, -0.011343
4.805, -0.389896, -0.0116143
4.915, -0.379613, -0.0114948
4.975, -0.372784, -0.0111718
4.96, -0.375537, -0.0113217
4.92, -0.379143, -0.0113032
5.005, -0.371452, -0.0112437
5, -0.370893, -0.0111603
4.995, -0.37194, -0.0112174
5.015, -0.369617, -0.0112631
5.01, -0.370593, -0.0109937
5.02, -0.370282, -0.0112599
4.99, -0.371347, -0.0112055
4.97, -0.374448, -0.0113957
5.07, -0.365527, -0.0110874
4.985, -0.372949, -0.0112956
5.11, -0.3616, -0.0110606
5.12, -0.360429, -0.0109681
5.115, -0.362124, -0.0110413
5.06, -0.367331, -0.0111122
5.05, -0.367348, -0.0110319
5.065, -0.366075, -0.0110535
5.055, -0.365731, -0.0110176
5.045, -0.366985, -0.011017
5.095, -0.3614, -0.0110496
5.09, -0.362316, -0.0112282
5.04, -0.368308, -0.0112973
5.035, -0.367899, -0.0111136
5.03, -0.368433, -0.0111914
5.155, -0.357662, -0.0109572
5.15, -0.358473, -0.010898
5.14, -0.358691, -0.0109484
5.145, -0.358411, -0.0109874
4.86, -0.383888, -0.011507
5.025, -0.368854, -0.0111827
5.085, -0.363786, -0.0110824
5.165, -0.356567, -0.0108822
5.105, -0.362251, -0.0110151
5.185, -0.355476, -0.0108787
5.16, -0.357278, -0.0109293
5.1, -0.362128, -0.0112141
5.08, -0.364343, -0.0110963
5.125, -0.360652, -0.010929
5.215, -0.353288, -0.0107931
5.22, -0.351918, -0.010772
5.21, -0.354465, -0.0108565
5.13, -0.361123, -0.0109011
5.19, -0.354847, -0.0108873
5.075, -0.364848, -0.0111447
5.135, -0.360073, -0.0109009
5.205, -0.352893, -0.0108717
5.2, -0.353742, -0.0109859
5.195, -0.354282, -0.0108862
5.225, -0.35314, -0.0108315
5.175, -0.355507, -0.0110033
5.235, -0.351397, -0.0106669
5.18, -0.354331, -0.0110178
5.17, -0.356179, -0.0108858
5.23, -0.350826, -0.010805
5.26, -0.349796, -0.0108089
5.255, -0.349842, -0.0106633
5.25, -0.349948, -0.0108142
5.245, -0.349723, -0.0107654
5.24, -0.34966, -0.0107701
3.275, -0.64075, -0.0155728
5.265, -0.34894, -0.0106868
5.295, -0.34586, -0.0106356
5.27, -0.3479, -0.0108572
5.275, -0.348245, -0.0107339
5.29, -0.346819, -0.0106723
5.28, -0.347367, -0.0108185
5.285, -0.34725, -0.0105879
5.3, -0.346789, -0.0106132
5.335, -0.343466, -0.0106032
5.31, -0.345707, -0.0105263
5.305, -0.345106, -0.0106241
5.345, -0.341738, -0.0106284
5.34, -0.342184, -0.0105855
5.35, -0.341113, -0.0105777
5.37, -0.340571, -0.0105393
5.375, -0.339978, -0.0107747
5.32, -0.344407, -0.0106323
5.325, -0.343939, -0.0105245
5.315, -0.345232, -0.0106472
5.33, -0.344426, -0.0106966
5.36, -0.341224, -0.0105131
5.355, -0.341854, -0.0106084
5.365, -0.340952, -0.0103968
5.425, -0.335756, -0.0104668
5.42, -0.336843, -0.0103951
5.41, -0.337257, -0.0103743
5.435, -0.335252, -0.0103689
5.415, -0.336905, -0.0105403
5.43, -0.335892, -0.0102775
5.4, -0.337727, -0.0104862
5.385, -0.338449, -0.0105179
5.39, -0.338659, -0.0105289
5.395, -0.339049, -0.0104501
5.54, -0.327498, -0.0103704
5.485, -0.331333, -0.010319
5.495, -0.331349, -0.0102687
5.49, -0.331631, -0.0103782
5.38, -0.339502, -0.0104931
5.45, -0.335343, -0.0104341
5.44, -0.334886, -0.0104478
5.48, -0.333004, -0.0104934
5.52, -0.329019, -0.0102977
5.53, -0.328413, -0.0102453
5.535, -0.328988, -0.0102337
5.445, -0.335363, -0.0105017
5.525, -0.328654, -0.0101964
5.405, -0.337011, -0.0105982
5.475, -0.332736, -0.0103809
5.455, -0.333871, -0.0103814
5.465, -0.332747, -0.0104571
5.47, -0.332479, -0.0103177
5.58, -0.324384, -0.0100148
5.585, -0.324572, -0.0102237
5.56, -0.326613, -0.0102455
5.57, -0.325836, -0.0101869
5.51, -0.329512, -0.0103509
5.5, -0.330716, -0.0103077
5.575, -0.325162, -0.0103852
5.515, -0.329131, -0.0103814
5.565, -0.32598, -0.0102063
5.505, -0.330288, -0.0104391
5.46, -0.333248, -0.0104249
5.55, -0.326919, -0.0102338
5.605, -0.322507, -0.0102203
5.545, -0.326386, -0.0103717
5.61, -0.323496, -0.0103827
5.615, -0.323033, -0.0102356
5.635, -0.321323, -0.00996191
5.6, -0.323887, -0.0100746
5.625, -0.321853, -0.0102497
5.595, -0.324295, -0.0101815
5.555, -0.325729, -0.0102324
5.59, -0.323539, -0.0101316
5.665, -0.319361, -0.0100806
5.68, -0.318701, -0.0100012
5.685, -0.318023, -0.00995127
5.66, -0.318233, -0.0100777
5.64, -0.320435, -0.0102022
5.715, -0.315081, -0.0100483
5.72, -0.315148, -0.0101457
5.725, -0.3153, -0.009999
5.63, -0.321213, -0.010148
5.75, -0.313126, -0.00987091
5.78, -0.312221, -0.00985605
5.62, -0.321958, -0.0101118
5.775, -0.312131, -0.00969611
5.655, -0.320145, -0.00993795
5.77, -0.312508, -0.00982301
5.645, -0.320488, -0.0101555
5.675, -0.319271, -0.0102642
5.67, -0.31996, -0.0101847
5.835, -0.307887, -0.00983071
5.79, -0.310862, -0.00979346
5.695, -0.31685, -0.0100809
5.65, -0.320978, -0.0101334
5.83, -0.308706, -0.00983935
5.735, -0.314872, -0.00975075
5.73, -0.315179, -0.0098711
5.785, -0.311462, -0.009872
5.855, -0.307336, -0.00981878
5.69, -0.317619, -0.0101062
5.82, -0.310437, -0.00977861
5.81, -0.310338, -0.0097506
3.515, -0.582171, -0.0149968
5.76, -0.312443, -0.00990405
5.825, -0.307532, -0.00996583
5.745, -0.314803, -0.00985078
5.815, -0.308598, -0.00986051
5.7, -0.31672, -0.00998412
5.71, -0.316101, -0.0100192
5.705, -0.317735, -0.0100378
5.915, -0.302228, -0.00984558
5.86, -0.307746, -0.00980133
5.87, -0.306395, -0.00974906
5.765, -0.31283, -0.00996643
5.875, -0.305742, -0.00978596
5.865, -0.305148, -0.0098369
5.92, -0.302939, -0.00985097
5.925, -0.302846, -0.00967375
5.845, -0.307406, -0.00977202
5.955, -0.300093, -0.00972329
5.9, -0.303931, -0.00971082

5.88, -0.304593, -0.00983956
5.885, -0.305268, -0.00980095
5.755, -0.312702, -0.00991135
5.94, -0.301538, -0.00961171
5.945, -0.301149, -0.00959546
5.935, -0.302339, -0.00970896
5.895, -0.304443, -0.00967881
5.905, -0.303938, -0.00983022
5.89, -0.303752, -0.00978414
5.95, -0.301128, -0.00977777
5.84, -0.308145, -0.0098635
5.995, -0.297792, -0.00957195
5.91, -0.304092, -0.00982157
5.99, -0.298535, -0.00958016
6.035, -0.296597, -0.00970147
5.93, -0.302532, -0.00969656
6.025, -0.296721, -0.0095066
6.075, -0.293864, -0.00943799
6.02, -0.297549, -0.00958295
5.96, -0.300141, -0.00959049
6.08, -0.293355, -0.00958993
5.97, -0.298682, -0.00977835
5.975, -0.299958, -0.00965148
5.965, -0.30043, -0.00976018
6.055, -0.29514, -0.00959546
6.065, -0.294063, -0.00949345
6.06, -0.295241, -0.00937506
6.105, -0.292004, -0.00954217
6.12, -0.290774, -0.00955817
6.11, -0.291553, -0.00943831
6.115, -0.291605, -0.0094765
6.085, -0.293143, -0.00958798
6.1, -0.292468, -0.00945938
6.095, -0.292166, -0.00943285
6.005, -0.297639, -0.00971865
6.01, -0.29748, -0.00963252
5.985, -0.297836, -0.00965169
6.125, -0.29121, -0.00931027
6.13, -0.291534, -0.00938259
6.07, -0.295056, -0.00948975
6.015, -0.298079, -0.00946628
6.03, -0.296861, -0.00962576
6, -0.298049, -0.00962675
6.195, -0.287889, -0.0092622
6.19, -0.28747, -0.0091854
6.2, -0.286844, -0.00938506
6.17, -0.28863, -0.00922406
6.05, -0.295685, -0.0096121
6.185, -0.287134, -0.00917837
6.165, -0.288474, -0.00922982
6.15, -0.290584, -0.00941974
6.155, -0.288809, -0.00937244
6.145, -0.289068, -0.00937265
6.16, -0.288404, -0.00941476
6.14, -0.290087, -0.00931906
6.09, -0.293801, -0.00948151
6.045, -0.295746, -0.00946748
6.225, -0.285845, -0.00927266
6.04, -0.295688, -0.00964283
6.22, -0.28544, -0.00950815
6.21, -0.286251, -0.00928504
6.24, -0.285445, -0.00927107
6.135, -0.291518, -0.0093991
5.98, -0.299422, -0.00975464
6.25, -0.284084, -0.00926695
6.255, -0.284261, -0.00917026
6.26, -0.283787, -0.00920587
6.285, -0.282122, -0.00938248
6.175, -0.288342, -0.00945737
6.215, -0.285872, -0.00945954
6.23, -0.284938, -0.00919396
6.235, -0.284848, -0.00924461
3.665, -0.550121, -0.0143631
6.275, -0.283398, -0.00915004
6.31, -0.281709, -0.00920127
6.305, -0.281551, -0.009432
6.29, -0.282304, -0.00922281
6.27, -0.282794, -0.00926714
6.265, -0.283141, -0.00928829
6.205, -0.286984, -0.00958769
6.28, -0.282655, -0.00907343
6.325, -0.279821, -0.00909297
6.32, -0.281076, -0.00920018
6.335, -0.279627, -0.00912884
6.33, -0.280536, -0.00919036
6.245, -0.28463, -0.00927032
6.315, -0.280883, -0.00920169
6.295, -0.281335, -0.00922218
6.3, -0.281532, -0.00913841
6.345, -0.279553, -0.00922764
6.35, -0.280188, -0.00912416
6.355, -0.278519, -0.00907089
3.67, -0.548719, -0.0145014
6.34, -0.27895, -0.00921282
6.36, -0.278464, -0.00911008
6.39, -0.277073, -0.00915408
6.365, -0.277812, -0.00916176
6.18, -0.288179, -0.00935272
6.385, -0.277067, -0.00911796
6.375, -0.276935, -0.00914022
6.38, -0.277946, -0.00910547
6.43, -0.275615, -0.00899096
6.395, -0.276635, -0.00910746
6.4, -0.27638, -0.00911234
6.405, -0.276272, -0.00913238
6.425, -0.275254, -0.00888895
6.45, -0.273795, -0.0090334
6.445, -0.273826, -0.00897704
6.415, -0.275377, -0.00905748
6.41, -0.275404, -0.00887026
6.52, -0.271035, -0.00893748
6.42, -0.275748, -0.0089987
6.435, -0.27442, -0.0089359
6.44, -0.274219, -0.00892686
6.455, -0.273275, -0.00907599
6.465, -0.273177, -0.00895924
6.46, -0.27335, -0.00900638
6.485, -0.272596, -0.00889501
6.495, -0.271359, -0.00891951
6.5, -0.272394, -0.00895125
6.51, -0.270323, -0.00883028
6.505, -0.271646, -0.00888067
6.49, -0.272482, -0.00898779
4.105, -0.474596, -0.0131709
6.525, -0.270723, -0.00886546
6.53, -0.270167, -0.00879897
6.535, -0.269997, -0.00879761
6.47, -0.271996, -0.00905001
6.475, -0.272519, -0.00891748
6.515, -0.271276, -0.00894421
6.48, -0.272877, -0.00903936
6.54, -0.269172, -0.00892096
6.555, -0.267862, -0.00879256
6.545, -0.268538, -0.00886706
6.55, -0.267882, -0.00887126
6.585, -0.266814, -0.00886779
6.58, -0.267815, -0.00879295
6.595, -0.266687, -0.00877427
6.59, -0.266417, -0.00874043
6.615, -0.267069, -0.00880588
6.61, -0.266003, -0.00870021
6.56, -0.26794, -0.00881692
6.565, -0.268965, -0.00879522
6.655, -0.263572, -0.00864824
6.64, -0.264571, -0.00881764
6.6, -0.26629, -0.00876909
6.65, -0.26372, -0.00861931
6.635, -0.264533, -0.00885292
6.685, -0.26201, -0.00876327
6.575, -0.267603, -0.00875432
6.57, -0.268024, -0.00881796
6.605, -0.266615, -0.00894308
6.665, -0.262808, -0.00874441
6.63, -0.265636, -0.00860131
6.66, -0.26375, -0.00880348
6.62, -0.265225, -0.00857288
6.625, -0.265222, -0.00887907
6.71, -0.26141, -0.00861759
6.72, -0.260632, -0.00877686
6.715, -0.260418, -0.00871713
6.7, -0.2618, -0.00864814
6.705, -0.261362, -0.00871699
6.68, -0.263694, -0.00872586
6.675, -0.262506, -0.00876187
6.73, -0.260841, -0.00853761
6.67, -0.262589, -0.00856915
6.69, -0.261718, -0.00874871
6.735, -0.259166, -0.0087334
6.75, -0.258882, -0.0087309
6.755, -0.258981, -0.0084888
6.76, -0.259689, -0.00874465
6.775, -0.259496, -0.00861671
6.745, -0.259243, -0.00864738
6.695, -0.262532, -0.0087299
6.645, -0.264646, -0.00857902
6.74, -0.260786, -0.00869591
6.8, -0.258171, -0.00849765
6.765, -0.258763, -0.00855256
6.84, -0.255318, -0.00849763
6.81, -0.256897, -0.00866358
6.725, -0.260089, -0.00863278
6.835, -0.255695, -0.00853069
6.77, -0.258515, -0.00869832
6.785, -0.258409, -0.00848448
6.78, -0.257393, -0.00859465
6.79, -0.258253, -0.00849262
6.87, -0.254283, -0.00856965
6.83, -0.256538, -0.00841124
6.825, -0.25631, -0.00856027
6.795, -0.257959, -0.00875438
6.82, -0.255616, -0.00863714
6.9, -0.251683, -0.00833749
6.875, -0.254782, -0.00852257
6.945, -0.250806, -0.00849867
6.865, -0.25389, -0.00854015
6.935, -0.251413, -0.00848571
6.815, -0.257359, -0.00855945
6.91, -0.252631, -0.00836245
6.805, -0.258098, -0.0086337
6.89, -0.253721, -0.0084688
6.915, -0.252979, -0.00842819
6.85, -0.255906, -0.00848505
6.955, -0.250354, -0.00831764
6.95, -0.250851, -0.00850553
6.845, -0.254749, -0.0086097
6.92, -0.251598, -0.0085277
6.925, -0.252846, -0.00828251
6.98, -0.24979, -0.00837562
6.905, -0.252666, -0.00848185
6.885, -0.253668, -0.00857292
6.99, -0.249368, -0.00844595
6.93, -0.252363, -0.00827695
6.88, -0.254238, -0.00849981
6.94, -0.251245, -0.00828751
7.01, -0.248256, -0.00838887
6.895, -0.253268, -0.00844395
7.005, -0.248706, -0.00825685
7.03, -0.247615, -0.00846966
6.975, -0.250094, -0.00835825
7.015, -0.248187, -0.00831099
6.97, -0.250165, -0.0083069
7.025, -0.247876, -0.00839339
6.965, -0.249773, -0.00840609
7.035, -0.247015, -0.00821154
7.055, -0.246794, -0.00816195
7.05, -0.247497, -0.00829694
7.045, -0.246905, -0.0083581
7.04, -0.246935, -0.00836026
7.09, -0.244432, -0.00826341
7, -0.248515, -0.00840819
7.08, -0.245461, -0.00816336
7.085, -0.245787, -0.00830933
7.07, -0.245837, -0.00835823
7.065, -0.247121, -0.00831669
6.995, -0.249214, -0.00829686
4.475, -0.426322, -0.0123111
6.96, -0.249763, -0.00828358
7.095, -0.245691, -0.00820819
7.1, -0.24507, -0.00830231
6.985, -0.249213, -0.00831965
7.075, -0.245999, -0.00832967
7.02, -0.247581, -0.00845633
7.14, -0.242867, -0.0081056
7.155, -0.241628, -0.00806716
7.145, -0.243813, -0.00823692
7.15, -0.243019, -0.0081978
7.13, -0.243956, -0.00807786
7.135, -0.243449, -0.00828307
7.16, -0.242194, -0.00823348
7.21, -0.241669, -0.00824613
7.12, -0.243971, -0.00821308
7.125, -0.244087, -0.00843525
7.205, -0.240958, -0.00803381
7.11, -0.244569, -0.00812599
7.115, -0.244957, -0.00820199
7.22, -0.240356, -0.00809708
7.225, -0.239239, -0.0080364
7.175, -0.24132, -0.00814454
7.17, -0.241718, -0.00846578
7.25, -0.239199, -0.00819564
7.105, -0.245198, -0.00843031
7.245, -0.238597, -0.00807958
7.19, -0.241557, -0.00822434
7.255, -0.238401, -0.00819559
7.275, -0.238331, -0.00799798
7.285, -0.237692, -0.00806525
7.28, -0.237905, -0.00814147
7.195, -0.24109, -0.0079746
7.27, -0.238622, -0.00820869
7.165, -0.241727, -0.00808842
7.2, -0.24042, -0.00810001
7.18, -0.241938, -0.00822299
7.185, -0.241144, -0.00826124
7.24, -0.239435, -0.00804847
7.215, -0.240253, -0.00795639
7.235, -0.239085, -0.00804412
7.26, -0.238518, -0.00802614
7.265, -0.238904, -0.0080737
7.33, -0.236413, -0.0079416
7.335, -0.235173, -0.00802515
7.34, -0.235487, -0.00814125
7.3, -0.237276, -0.00808339
7.295, -0.237174, -0.00788296
7.305, -0.23644, -0.00800554
7.35, -0.235275, -0.00806845
7.32, -0.235709, -0.00805985
7.325, -0.236353, -0.00791964
7.315, -0.236472, -0.00811458
7.29, -0.237493, -0.00806234
7.31, -0.236109, -0.00801168
7.365, -0.234531, -0.00789688
7.355, -0.236273, -0.00791164
7.36, -0.23407, -0.00790606
7.43, -0.23138, -0.00781515
7.385, -0.23442, -0.00798261
7.405, -0.233423, -0.00793787
7.41, -0.233486, -0.00785026
7.38, -0.234354, -0.00784856
7.4, -0.233241, -0.00808989
7.395, -0.233248, -0.00800712
7.39, -0.233313, -0.00795654
7.37, -0.234398, -0.00809963
7.375, -0.23473, -0.00786975
7.42, -0.232274, -0.00787039
7.47, -0.231255, -0.00787244
7.415, -0.233147, -0.00792948
7.46, -0.231033, -0.00785656
7.465, -0.231313, -0.00777971
7.475, -0.23079, -0.00770853
7.48, -0.231356, -0.00796575
7.485, -0.230552, -0.00777369
7.425, -0.232558, -0.00779931
7.45, -0.231086, -0.00775713
7.44, -0.232122, -0.00794518
7.445, -0.230769, -0.00797116
7.515, -0.230572, -0.00787301
7.435, -0.232555, -0.00786284
7.525, -0.229292, -0.00785382
7.49, -0.230217, -0.00785031
7.5, -0.228824, -0.00781929
7.495, -0.231174, -0.00765116
7.52, -0.229449, -0.0078552
7.585, -0.225907, -0.00787986
7.51, -0.230289, -0.0078092
7.505, -0.229695, -0.00790352
7.565, -0.227266, -0.0078907
7.57, -0.2264, -0.0077846
7.575, -0.227506, -0.00766365
7.56, -0.227065, -0.00777258
7.58, -0.226426, -0.00787345
7.53, -0.228792, -0.00791409
7.555, -0.227852, -0.00778546
7.54, -0.228333, -0.00786234
7.55, -0.228105, -0.00774541
7.545, -0.228132, -0.00776102
7.595, -0.227782, -0.00767412
7.615, -0.225967, -0.00773875
7.6, -0.226321, -0.00775757
7.535, -0.228345, -0.00804652
7.59, -0.227616, -0.00790779
7.655, -0.224383, -0.00749535
7.66, -0.225162, -0.00768244
7.67, -0.224706, -0.00774462
7.645, -0.225445, -0.00759665
7.65, -0.224648, -0.00774628
7.61, -0.225711, -0.00762701
7.685, -0.223958, -0.00756072
7.605, -0.226826, -0.00783863
7.62, -0.225962, -0.00775704
7.64, -0.225557, -0.00765561
7.705, -0.222242, -0.00762176
7.665, -0.224332, -0.00758771
7.63, -0.225556, -0.00785365
7.71, -0.222589, -0.00760193
7.735, -0.221708, -0.00762098
7.725, -0.222679, -0.00756112
7.72, -0.222515, -0.00759973
7.675, -0.225105, -0.0077689
7.635, -0.225558, -0.00766455
7.73, -0.221768, -0.00765039
7.68, -0.222953, -0.0077012
7.7, -0.222746, -0.00756625
7.69, -0.224085, -0.00755631
7.625, -0.225402, -0.00764757
7.755, -0.221398, -0.00784589
7.76, -0.220813, -0.00762931
7.77, -0.221043, -0.00741346
7.695, -0.223999, -0.00762093
7.715, -0.222669, -0.00764421
7.765, -0.220674, -0.00756979
7.745, -0.220553, -0.00770693
7.74, -0.221832, -0.00777951
7.83, -0.219277, -0.00740478
7.825, -0.218357, -0.00769754
7.865, -0.21772, -0.00745373
7.785, -0.220682, -0.00758551
7.86, -0.21762, -0.00743885
7.88, -0.217416, -0.00748583
7.875, -0.216779, -0.00743843
7.78, -0.221051, -0.00746736
7.915, -0.216477, -0.00748889
7.815, -0.219774, -0.0074975
7.82, -0.218695, -0.00749136
7.75, -0.221298, -0.00771711
7.8, -0.220048, -0.00764487
7.795, -0.219644, -0.00774518
7.87, -0.217817, -0.00743715
7.79, -0.219914, -0.00747929
7.91, -0.21609, -0.00737085
7.775, -0.219663, -0.00758818
7.85, -0.219083, -0.00761593
7.84, -0.217874, -0.00740627
7.805, -0.2186, -0.00759328
7.81, -0.2194, -0.00745467
94
7.9, -0.215724, -0.00746791
7.905, -0.216086, -0.00741478
7.96, -0.21552, -0.00746537
7.945, -0.215756, -0.00731365
7.89, -0.217015, -0.00746549
7.895, -0.217779, -0.00754049
7.845, -0.217876, -0.00750187
7.835, -0.219017, -0.00748748
7.885, -0.216841, -0.00729808
7.95, -0.215358, -0.00746331
7.92, -0.216329, -0.00741262
7.925, -0.215333, -0.00751294
7.965, -0.21386, -0.00734199
7.985, -0.214618, -0.00732792
7.98, -0.213907, -0.00745402
8.005, -0.213727, -0.00720496
8.015, -0.212518, -0.00731247
7.975, -0.213537, -0.00739205
8.01, -0.213844, -0.00734077
7.935, -0.216323, -0.00742428
7.955, -0.215249, -0.00740064
7.93, -0.216263, -0.00738574
7.995, -0.213207, -0.00737203
7.99, -0.21435, -0.0074862
7.97, -0.214278, -0.00745061
7.94, -0.214611, -0.00746489
8.07, -0.21147, -0.00716339
8.065, -0.211826, -0.00725944
8.045, -0.212271, -0.0073748
8.09, -0.211382, -0.00732191
8.06, -0.211718, -0.0074018
8.055, -0.211199, -0.00733285
8.095, -0.209711, -0.00745843
8.05, -0.212521, -0.00735546
8.03, -0.212133, -0.00740583
8.11, -0.20956, -0.00735273
8.075, -0.211161, -0.007293
8.04, -0.212108, -0.00734304
8.12, -0.210505, -0.00739191
8.165, -0.208386, -0.007173
8.17, -0.207953, -0.00720779
8.16, -0.209651, -0.00719047
8.155, -0.208415, -0.00726666
8.15, -0.209015, -0.00714206
8.025, -0.212885, -0.00723102
8.1, -0.209895, -0.00731046
8.035, -0.212065, -0.0074099
8.105, -0.210874, -0.0073812
8.115, -0.210396, -0.00725079
8, -0.214592, -0.00735401
8.085, -0.210781, -0.007342
8.08, -0.211863, -0.00731084
8.205, -0.207917, -0.00722902
8.2, -0.20758, -0.00712702
8.135, -0.209271, -0.00740631
8.145, -0.208763, -0.00743411
8.14, -0.20971, -0.00730809
8.195, -0.208442, -0.00726145
8.235, -0.206658, -0.0072971
8.24, -0.206614, -0.00722524
8.245, -0.206589, -0.00715868
8.23, -0.2063, -0.00711779
8.13, -0.209965, -0.00729845
8.19, -0.207606, -0.00717453
8.215, -0.206788, -0.00726321
8.125, -0.209274, -0.00751418
8.21, -0.206969, -0.00725526
8.175, -0.208296, -0.00735467
8.225, -0.207646, -0.00719722
8.22, -0.207475, -0.00722224
8.275, -0.20492, -0.00722681
8.18, -0.208304, -0.00730412
8.185, -0.208479, -0.00723668
8.285, -0.204114, -0.00730621
8.255, -0.205598, -0.00717899
8.26, -0.205856, -0.0071727
8.27, -0.206051, -0.00720221
8.25, -0.20558, -0.00729247
5.74, -0.314323, -0.00993911
8.265, -0.205245, -0.00731476
8.28, -0.205238, -0.00709261
5.805, -0.309648, -0.00978613
5.8, -0.310923, -0.00987954
5.795, -0.310751, -0.00993545
8.29, -0.205412, -0.00714405
8.295, -0.205145, -0.0070654
8.305, -0.204501, -0.00702044
8.3, -0.204536, -0.00726796
8.325, -0.203829, -0.00719421
8.35, -0.203675, -0.00720468
8.365, -0.203322, -0.00710792
8.36, -0.203104, -0.00704812
8.355, -0.203211, -0.00709397
8.31, -0.20451, -0.00722457
8.37, -0.202075, -0.00706609
8.32, -0.204768, -0.00718471
8.315, -0.203776, -0.00724448
8.415, -0.201445, -0.00710389
8.42, -0.201527, -0.007035
8.425, -0.201241, -0.00720189
8.405, -0.201803, -0.00722076
8.395, -0.202653, -0.00703802
8.4, -0.202399, -0.00696006
8.39, -0.20268, -0.00702161
8.38, -0.202094, -0.00702088
8.34, -0.203874, -0.00728353
8.385, -0.202777, -0.00724465
8.345, -0.203685, -0.00694685
8.335, -0.204329, -0.00710583
8.375, -0.203138, -0.00703757
8.33, -0.203091, -0.00703518
8.455, -0.201864, -0.00705605
8.445, -0.200896, -0.0069564
8.45, -0.201429, -0.0071026
8.44, -0.201137, -0.00710043
8.41, -0.201864, -0.00699805
8.48, -0.20047, -0.0070669
8.47, -0.199393, -0.00713023
8.505, -0.199428, -0.00705128
8.51, -0.199527, -0.0068807
8.46, -0.201171, -0.00701201
8.465, -0.199569, -0.00700623
8.515, -0.199115, -0.00679538
8.475, -0.200493, -0.00694059
8.49, -0.199907, -0.00699423
8.5, -0.198898, -0.00702525
8.485, -0.200574, -0.00698094
8.495, -0.200325, -0.00695176
8.43, -0.200953, -0.00703055
8.535, -0.198178, -0.00698706
8.54, -0.19812, -0.00688703
8.545, -0.199471, -0.00705766
8.53, -0.197972, -0.00692547
8.435, -0.200985, -0.00694307
8.56, -0.197456, -0.00709001
8.555, -0.197069, -0.00716962
8.525, -0.19867, -0.00704329
8.55, -0.199135, -0.00702561
8.585, -0.197668, -0.00699725
8.61, -0.19598, -0.00696598
8.605, -0.196979, -0.00691195
8.52, -0.199142, -0.00694103
8.625, -0.196522, -0.0068952
8.58, -0.19647, -0.00699506
8.565, -0.198284, -0.00694212
8.57, -0.198039, -0.00685049
8.575, -0.198172, -0.0068285
8.615, -0.195825, -0.00679474
8.635, -0.195518, -0.00678091
8.59, -0.197564, -0.0067855
8.595, -0.1979, -0.00682245
8.63, -0.196178, -0.00696283
8.66, -0.195803, -0.00680284
8.68, -0.194746, -0.00693046
8.62, -0.195341, -0.00692967
8.675, -0.195125, -0.0069661
8.64, -0.19642, -0.00677726
8.6, -0.197356, -0.00693074
6.37, -0.277761, -0.00903261
8.65, -0.194926, -0.00688507
8.645, -0.195163, -0.00692945
8.73, -0.193397, -0.00682041
8.655, -0.195462, -0.00693277
8.67, -0.195233, -0.0068143
8.69, -0.194702, -0.00681317
8.7, -0.194026, -0.00691446
8.71, -0.193472, -0.00674943
8.705, -0.194303, -0.00685156
8.665, -0.195752, -0.00693296
8.715, -0.193802, -0.00681187
8.77, -0.192476, -0.00665503
8.695, -0.194847, -0.00669613
8.735, -0.193182, -0.00663875
8.72, -0.194091, -0.00681981
8.765, -0.191526, -0.0069773
8.685, -0.194607, -0.00687819
8.775, -0.192603, -0.00674536
8.78, -0.192523, -0.0068274
8.725, -0.193614, -0.0069754
8.855, -0.190012, -0.00664111
8.84, -0.190729, -0.00675569
8.755, -0.19326, -0.00700233
8.74, -0.193432, -0.00688178
8.76, -0.192861, -0.0069547
8.825, -0.191003, -0.00695829
8.82, -0.191014, -0.00685841
8.885, -0.190206, -0.00664081
8.815, -0.191626, -0.0065435
8.805, -0.191662, -0.00672546
8.8, -0.192418, -0.00669081
8.81, -0.191139, -0.00670392
8.79, -0.191686, -0.00665606
8.785, -0.191708, -0.00677496
8.865, -0.190847, -0.00665698
8.86, -0.190528, -0.00671822
8.935, -0.188171, -0.00658052
8.795, -0.191382, -0.00669119
8.925, -0.188124, -0.00680754
8.93, -0.188836, -0.00676138
8.85, -0.190192, -0.00663987
8.845, -0.190851, -0.00668891
8.83, -0.190769, -0.0068069
8.745, -0.192614, -0.00696798
8.895, -0.190043, -0.00671809
8.915, -0.188989, -0.00663644
8.905, -0.189409, -0.00679428
8.89, -0.188895, -0.00665812
8.835, -0.191737, -0.00680655
8.9, -0.190263, -0.00667502
8.92, -0.189987, -0.00673342
8.875, -0.190134, -0.00686389
8.94, -0.188082, -0.00666576
8.945, -0.188689, -0.00658054
8.88, -0.189685, -0.00673895
8.91, -0.190014, -0.00668352
8.87, -0.190207, -0.00680426
8.98, -0.188507, -0.0065631
8.975, -0.188011, -0.00671994
8.955, -0.188348, -0.00666583
8.985, -0.188055, -0.00654796
8.97, -0.187507, -0.00649091
8.95, -0.188433, -0.00671288
8.99, -0.187553, -0.00671536
8.995, -0.187084, -0.00663799
9, -0.188139, -0.0065515
8.965, -0.187518, -0.00675927
8.96, -0.188408, -0.0067572
9.05, -0.186083, -0.0066827
9.045, -0.186175, -0.00654342
9.035, -0.18658, -0.00663447
9.04, -0.185461, -0.00674526
9.09, -0.184406, -0.00657764
9.095, -0.184451, -0.00655792
9.1, -0.185236, -0.00664534
9.01, -0.186604, -0.00655779
9.015, -0.186201, -0.00660964
9.105, -0.184509, -0.00669354
9.085, -0.184918, -0.00650621
9.185, -0.182374, -0.00666326
9.145, -0.182737, -0.00653527
9.135, -0.183997, -0.00660313
9.14, -0.183337, -0.00644439
9.025, -0.187058, -0.00666465
9.03, -0.187017, -0.00651774
9.08, -0.18437, -0.00671289
9.055, -0.185774, -0.00653183
9.06, -0.185902, -0.00663931
9.075, -0.185348, -0.00676069
9.065, -0.185637, -0.00661187
9.13, -0.183527, -0.00666811
9.18, -0.183739, -0.00642307
9.125, -0.184724, -0.00671693
9.07, -0.184153, -0.00649807
9.12, -0.184878, -0.00639842
9.02, -0.187404, -0.0064835
9.005, -0.186182, -0.00656012
9.115, -0.184428, -0.00655069
9.155, -0.183575, -0.00632114
9.11, -0.185207, -0.00647186
9.165, -0.183294, -0.00649093
9.16, -0.183855, -0.00646144
9.15, -0.183947, -0.00662321
9.19, -0.182517, -0.00639601
9.195, -0.182767, -0.00669037
9.175, -0.183007, -0.00651276
9.17, -0.183359, -0.00644816
9.2, -0.183061, -0.0065016
6.855, -0.255031, -0.00837782
9.24, -0.181715, -0.00647849
9.245, -0.181153, -0.00650952
9.25, -0.180916, -0.00649065
9.21, -0.18272, -0.00631617
9.215, -0.182638, -0.00668271
9.22, -0.182618, -0.00639306
9.255, -0.180659, -0.00636515
9.26, -0.181047, -0.00653258
9.27, -0.181574, -0.00629123
9.28, -0.18185, -0.00658314
9.275, -0.180796, -0.0064282
9.265, -0.181129, -0.00647135
9.34, -0.179105, -0.00636096
9.31, -0.180843, -0.00635691
9.3, -0.179897, -0.00644006
9.345, -0.179336, -0.00632907
9.35, -0.178712, -0.00645202
9.305, -0.179424, -0.0064298
9.285, -0.180653, -0.00645167
9.39, -0.179545, -0.00633483
9.335, -0.179905, -0.00631705
9.395, -0.17787, -0.00632093
9.315, -0.180441, -0.00638407
9.365, -0.1781, -0.00638761
9.36, -0.1799, -0.00632914
9.33, -0.180081, -0.00652374
9.355, -0.17939, -0.0062319
9.37, -0.178801, -0.00657161
9.325, -0.181064, -0.00665998
9.385, -0.178551, -0.00648708
9.32, -0.180112, -0.00637585
9.38, -0.177825, -0.00642293
9.375, -0.178658, -0.0064743
9.29, -0.180643, -0.00639194
9.4, -0.178394, -0.0063374
9.295, -0.180183, -0.00624554
9.405, -0.178306, -0.00628117
9.445, -0.177024, -0.00640497
9.435, -0.177974, -0.00643302
9.44, -0.177527, -0.00631896
9.425, -0.177653, -0.00633349
9.41, -0.178004, -0.00631258
9.415, -0.177155, -0.00639315
9.42, -0.177022, -0.00639367
9.455, -0.177235, -0.00640792
9.45, -0.178071, -0.00637988
7.23, -0.239912, -0.00818295
9.47, -0.176906, -0.0063318
9.485, -0.176465, -0.00637676
9.48, -0.176251, -0.0062944
9.495, -0.175831, -0.00623951
9.465, -0.176627, -0.00622181
9.475, -0.177761, -0.00634546
9.525, -0.1751, -0.00625417
9.53, -0.176333, -0.00616863
9.565, -0.174598, -0.00633656
9.555, -0.173945, -0.00634927
9.51, -0.175809, -0.00624217
9.505, -0.175541, -0.00627552
9.5, -0.176873, -0.00626354
9.52, -0.175089, -0.00635545
9.515, -0.1757, -0.00642046
9.55, -0.175619, -0.0062407
7.345, -0.234946, -0.00787649
9.54, -0.175955, -0.00629726
9.535, -0.174716, -0.00638347
9.545, -0.174938, -0.00636041
9.49, -0.175401, -0.00639263
9.56, -0.174807, -0.006125
9.57, -0.174912, -0.00624654
9.43, -0.177223, -0.0065248
9.6, -0.173594, -0.00624032
9.575, -0.173256, -0.00628587
9.635, -0.173907, -0.00624457
9.63, -0.172594, -0.00621687
9.59, -0.17458, -0.00623594
9.675, -0.172323, -0.00612551
9.68, -0.171966, -0.00614366
9.685, -0.17225, -0.0061432
9.46, -0.175816, -0.00623009
9.62, -0.173565, -0.00620787
9.585, -0.174454, -0.00615465
9.595, -0.17397, -0.00619151
9.64, -0.172857, -0.0062627
9.66, -0.172074, -0.00626665
9.615, -0.172877, -0.00631196
9.605, -0.174513, -0.00605602
9.65, -0.173626, -0.00635955
9.645, -0.17256, -0.00615502
9.655, -0.173706, -0.00622658
9.61, -0.173204, -0.00627386
9.715, -0.171535, -0.00614064
9.695, -0.172403, -0.00617206
9.69, -0.172525, -0.00634046
9.71, -0.171713, -0.00630496
9.665, -0.172584, -0.00627378
9.625, -0.174273, -0.0060319
9.745, -0.172371, -0.00612339
9.67, -0.17236, -0.00618976
9.805, -0.169317, -0.00620934
9.785, -0.171, -0.00612761
9.765, -0.171246, -0.00620705
9.7, -0.172504, -0.00617775
9.855, -0.169137, -0.00626574
9.86, -0.169291, -0.00597805
9.85, -0.169755, -0.00602619
9.8, -0.170345, -0.00605405
9.74, -0.171903, -0.00610959
9.735, -0.171632, -0.00613385
9.76, -0.17076, -0.00609463
9.73, -0.172246, -0.0062636
9.83, -0.168631, -0.00621211
9.755, -0.170592, -0.00613099
9.835, -0.169357, -0.00597274
9.79, -0.16906, -0.00601301
9.75, -0.171083, -0.00599858
9.725, -0.172225, -0.00631749
9.72, -0.171117, -0.00622301
9.705, -0.17256, -0.00617319
9.815, -0.170173, -0.00618228
9.81, -0.16991, -0.0060303
9.84, -0.169522, -0.00613822
9.795, -0.171003, -0.0061654
9.88, -0.16844, -0.00594817
9.885, -0.168688, -0.0060805
9.775, -0.170546, -0.00614328
9.845, -0.168921, -0.00618797
7.455, -0.231879, -0.00790818
9.82, -0.170325, -0.00608571
9.875, -0.169448, -0.00605245
9.825, -0.169342, -0.00620213
9.78, -0.170474, -0.00598844
9.865, -0.168816, -0.00603572
9.87, -0.168762, -0.0062125
9.895, -0.167594, -0.00602419
9.965, -0.16715, -0.00612323
9.91, -0.167593, -0.00590922
9.95, -0.167106, -0.00610859
9.89, -0.168643, -0.00603778
9.9, -0.168838, -0.00611328
9.93, -0.167305, -0.00596057
9.925, -0.167481, -0.00601332
9.995, -0.165859, -0.00608209
9.945, -0.167395, -0.0060955
9.94, -0.168686, -0.00611968
9.935, -0.167819, -0.00589345
9.915, -0.168053, -0.00613389
9.92, -0.168098, -0.00604197
9.905, -0.168503, -0.00609448
9.97, -0.166776, -0.00599116
9.955, -0.167885, -0.00595492
9.96, -0.166872, -0.00599085
10, -0.166411, -0.00617732
8.02, -0.213237, -0.00729628
9.205, -0.182317, -0.00640621
9.23, -0.182644, -0.00635086
9.225, -0.181748, -0.00654622
9.235, -0.181796, -0.00639893
9.58, -0.174467, -0.00627759
9.975, -0.167092, -0.00594235
9.98, -0.166733, -0.00602998
9.99, -0.166033, -0.00603101
9.985, -0.166165, -0.0060017
