0.02, 0.330285
0.015, 0.336742
0.05, 0.328092
0.075, 0.332959
0.065, 0.335841
0.43, 0.33736
0.45, 0.335885
0.07, 0.332478
0.185, 0.335409
0.085, 0.335176
0.14, 0.334404
0.135, 0.336302
0.055, 0.336177
0.51, 0.333045
0.08, 0.337488
0.52, 0.334732
0.435, 0.33497
0.525, 0.333165
0.3, 0.341048
0.145, 0.332238
0.515, 0.341631
0.06, 0.33296
0.445, 0.339222
0.44, 0.333402
0.13, 0.334886
0.295, 0.336305
0.12, 0.340461
0.125, 0.333083
0.26, 0.336125
0.405, 0.336976
0.265, 0.333771
0.4, 0.335205
0.395, 0.334798
0.38, 0.33083
0.29, 0.333835
0.305, 0.338698
0.475, 0.331961
0.48, 0.336224
0.39, 0.333024
0.275, 0.334151
0.385, 0.332631
0.28, 0.332176
0.415, 0.335699
0.42, 0.341204
0.27, 0.332278
0.425, 0.340296
0.285, 0.339351
0.41, 0.334205
0.89, 0.33079
0.605, 0.330045
0.635, 0.337047
0.685, 0.33906
0.61, 0.33677
0.195, 0.334569
0.19, 0.336915
0.68, 0.332315
0.645, 0.337043
0.69, 0.334208
0.21, 0.339831
0.64, 0.334063
0.675, 0.339849
0.63, 0.33522
0.945, 0.338781
0.885, 0.330721
1.005, 0.337555
0.2, 0.337953
0.975, 0.334853
1, 0.337027
0.99, 0.33602
0.98, 0.334331
0.985, 0.333916
0.205, 0.332553
1.01, 0.335888
0.94, 0.33684
0.615, 0.333145
0.505, 0.338633
0.485, 0.336999
0.625, 0.33319
0.935, 0.335325
0.175, 0.336584
0.5, 0.337489
0.62, 0.331634
0.865, 0.332823
0.67, 0.337254
0.495, 0.334197
0.875, 0.333184
0.88, 0.333926
0.165, 0.338451
0.155, 0.335684
0.49, 0.334084
1.075, 0.337749
0.995, 0.336449
0.655, 0.337147
1.07, 0.338154
0.665, 0.339298
0.66, 0.335557
1.08, 0.332877
0.16, 0.333225
0.65, 0.335857
0.15, 0.337816
0.96, 0.339412
0.955, 0.336445
1.125, 0.334445
0.97, 0.342168
1.06, 0.332972
0.04, 0.336099
0.045, 0.337867
1.055, 0.330846
0.95, 0.336945
0.035, 0.338417
0.17, 0.336844
1.045, 0.335319
0.965, 0.335183
1.065, 0.331406
1.05, 0.33723
0.92, 0.335613
0.925, 0.335115
0.915, 0.336367
1.13, 0.336403
1.135, 0.333729
0.93, 0.333979
1.14, 0.338395
0.18, 0.338821
0.03, 0.337534
1.18, 0.334214
0.025, 0.333709
1.195, 0.33724
1.2, 0.337822
1.23, 0.328461
1.025, 0.337444
1.115, 0.33465
1.11, 0.336014
1.02, 0.332638
0.465, 0.329652
1.235, 0.33219
1.015, 0.335069
0.46, 0.340076
0.47, 0.3337
1.21, 0.337368
1.215, 0.342103
1.12, 0.337366
1.22, 0.336938
1.205, 0.338488
1.225, 0.33215
0.895, 0.339219
0.01, 0.334717
0.905, 0.333068
0.9, 0.337075
0.25, 0.334182
0.36, 0.337793
0.355, 0.334174
0.235, 0.337505
0.24, 0.329935
0.225, 0.33478
0.255, 0.334332
0.35, 0.335656
0.34, 0.335322
0.365, 0.335714
0.23, 0.333593
0.345, 0.336645
0.375, 0.335698
0.1, 0.333567
0.37, 0.336658
0.32, 0.337143
0.85, 0.334849
0.315, 0.334045
0.22, 0.337833
0.11, 0.33538
0.86, 0.337231
0.31, 0.333699
0.245, 0.33142
0.855, 0.335291
0.105, 0.336371
0.325, 0.331907
0.215, 0.334663
0.335, 0.33188
0.115, 0.33671
0.33, 0.335315
0.54, 0.342673
0.535, 0.334527
0.91, 0.339241
0.585, 0.33319
0.555, 0.335619
0.53, 0.33373
0.56, 0.334823
0.55, 0.33765
0.59, 0.331999
0.545, 0.338875
0.575, 0.336118
0.76, 0.330517
0.75, 0.336267
0.82, 0.333288
0.57, 0.334674
0.755, 0.332278
0.565, 0.332528
0.825, 0.329715
0.58, 0.333088
0.745, 0.332197
0.815, 0.336033
0.74, 0.329202
0.455, 0.338105
0.81, 0.332313
0.595, 0.333026
0.6, 0.334424
0.765, 0.334452
0.78, 0.334229
0.77, 0.338491
0.8, 0.341291
0.775, 0.333185
0.725, 0.333365
0.72, 0.336812
0.73, 0.336854
0.09, 0.330681
0.715, 0.33238
0.095, 0.336757
0.835, 0.339607
1.19, 0.341952
0.71, 0.332695
0.84, 0.343239
0.7, 0.332607
0.845, 0.34065
0.705, 0.333263
0.79, 0.335975
0.795, 0.326709
1.185, 0.333429
1.04, 0.333013
0.805, 0.330379
1.24, 0.33534
1.035, 0.330943
1.03, 0.338347
1.25, 0.339114
1.245, 0.331275
0.735, 0.333905
0.785, 0.331108
0.695, 0.340266
0.005, 0.336795
1.26, 0.33311
1.265, 0.334806
1.27, 0.335024
1.275, 0.335134
1.375, 0.337348
1.305, 0.332292
1.315, 0.334834
1.295, 0.33536
1.285, 0.329984
1.31, 0.33313
1.3, 0.329641
1.32, 0.335032
1.29, 0.333689
1.28, 0.336751
1.325, 0.335595
1.365, 0.336704
1.335, 0.338085
1.37, 0.332571
1.35, 0.339978
1.345, 0.338633
1.34, 0.335031
1.355, 0.331827
1.36, 0.330578
1.33, 0.332603
1.385, 0.33793
1.38, 0.34038
1.43, 0.336145
1.42, 0.332247
1.39, 0.33603
1.425, 0.333043
1.415, 0.335534
1.475, 0.334095
1.52, 0.336928
1.525, 0.329989
1.445, 0.3325
1.44, 0.335582
1.255, 0.333746
1.55, 0.341819
1.555, 0.335233
1.56, 0.335396
1.495, 0.33765
1.565, 0.327646
1.545, 0.332198
1.41, 0.334947
1.505, 0.335551
1.5, 0.331806
1.515, 0.334969
1.405, 0.333579
1.51, 0.334869
1.395, 0.334952
1.4, 0.338184
1.46, 0.330732
1.465, 0.333804
1.45, 0.33487
1.47, 0.334369
1.455, 0.33501
1.645, 0.339222
1.655, 0.337616
1.61, 0.334566
1.62, 0.33535
1.615, 0.328041
1.695, 0.333414
1.69, 0.33754
2.015, 0.334243
2, 0.33447
1.7, 0.336761
1.435, 0.334549
2.005, 0.336056
1.625, 0.335654
2.01, 0.331331
1.65, 0.333377
1.965, 0.329278
1.795, 0.335868
1.93, 0.333854
1.935, 0.33264
1.785, 0.333547
1.75, 0.332344
1.755, 0.334221
1.945, 0.332975
1.94, 0.331985
1.97, 0.332938
1.49, 0.335504
1.79, 0.333057
1.96, 0.336276
1.955, 0.333969
1.895, 0.33204
1.95, 0.33531
1.89, 0.334569
1.9, 0.333762
1.485, 0.333576
1.535, 0.33835
1.57, 0.332745
1.575, 0.33494
1.48, 0.337408
1.635, 0.336029
2.31, 0.335084
2.265, 0.335825
2.295, 0.334912
2.345, 0.329981
2.34, 0.338945
2.26, 0.33786
2.3, 0.330553
2.27, 0.334864
2.305, 0.337511
2.315, 0.338514
1.64, 0.330229
1.605, 0.336915
1.585, 0.33341
1.905, 0.333546
1.58, 0.33706
1.91, 0.336062
2.29, 0.33451
1.66, 0.336909
1.665, 0.333134
1.78, 0.32757
1.915, 0.333669
1.67, 0.339145
1.925, 0.336176
2.28, 0.340788
2.275, 0.333251
2.285, 0.33049
1.88, 0.333228
1.875, 0.333064
1.675, 0.327197
1.92, 0.332467
1.76, 0.343222
1.77, 0.335624
1.775, 0.338341
1.765, 0.337482
1.685, 0.33988
1.54, 0.336162
1.98, 0.329778
1.99, 0.33942
1.985, 0.342939
1.885, 0.338439
1.975, 0.334564
2.215, 0.332427
2.21, 0.336649
1.995, 0.336234
2.205, 0.337832
1.53, 0.336989
2.255, 0.33259
2.32, 0.338587
1.595, 0.336632
1.59, 0.333822
1.745, 0.336458
1.85, 0.331373
2.15, 0.339488
1.6, 0.332398
1.735, 0.331597
1.73, 0.333526
2.165, 0.330404
1.865, 0.34038
2.2, 0.332306
1.74, 0.327416
2.195, 0.335059
2.14, 0.331423
2.19, 0.33612
2.185, 0.33743
1.855, 0.337488
2.13, 0.331885
2.145, 0.331142
2.135, 0.338247
1.725, 0.33573
1.86, 0.332157
1.825, 0.334265
2.17, 0.33234
1.815, 0.338234
2.18, 0.332774
2.175, 0.337931
2.09, 0.331237
1.82, 0.330993
2.08, 0.332936
1.81, 0.337044
1.84, 0.332228
1.835, 0.33028
2.075, 0.328208
2.085, 0.335675
1.715, 0.334729
1.845, 0.333978
1.805, 0.332921
1.8, 0.341615
1.705, 0.330854
1.71, 0.333432
2.105, 0.336758
2.065, 0.333073
2.095, 0.335803
1.63, 0.339947
1.72, 0.337136
2.07, 0.330992
2.06, 0.332253
2.1, 0.332363
2.055, 0.33337
1.83, 0.336478
2.115, 0.337988
2.12, 0.332973
2.11, 0.336465
2.125, 0.341816
2.05, 0.33096
2.35, 0.334001
2.36, 0.33184
2.04, 0.333681
2.045, 0.333312
2.155, 0.329471
2.355, 0.333263
2.33, 0.33325
2.365, 0.332414
2.16, 0.332618
2.335, 0.334472
2.235, 0.335665
2.23, 0.336409
2.02, 0.335486
2.035, 0.335184
2.03, 0.333275
2.025, 0.3381
1.68, 0.335503
2.37, 0.333714
2.225, 0.33396
2.25, 0.335764
2.22, 0.329044
2.425, 0.332772
2.385, 0.336115
2.415, 0.332787
2.41, 0.335174
2.42, 0.336252
2.405, 0.330871
2.325, 0.32925
2.24, 0.3341
2.375, 0.332406
2.245, 0.334377
2.38, 0.337214
2.39, 0.337223
2.4, 0.337754
2.395, 0.334056
2.43, 0.336074
2.435, 0.338588
2.44, 0.333585
2.51, 0.335181
2.515, 0.330437
2.445, 0.332381
2.485, 0.340913
2.495, 0.33441
2.5, 0.33494
2.455, 0.33634
2.48, 0.337418
2.47, 0.33215
2.475, 0.336501
2.49, 0.329714
2.56, 0.336119
2.465, 0.333719
2.46, 0.340433
2.52, 0.338288
2.53, 0.336267
2.525, 0.33308
2.54, 0.328996
2.535, 0.33736
2.45, 0.333987
2.545, 0.331971
2.555, 0.332854
2.55, 0.337165
2.565, 0.339366
2.57, 0.336145
2.575, 0.332415
2.585, 0.339201
2.605, 0.339597
2.61, 0.332043
2.6, 0.329843
2.595, 0.333279
2.59, 0.334195
2.62, 0.331584
2.625, 0.335601
2.63, 0.330422
2.645, 0.332335
2.635, 0.335571
2.655, 0.336049
2.65, 0.337135
2.675, 0.333295
2.69, 0.336061
2.64, 0.333356
2.68, 0.333693
2.505, 0.335352
2.685, 0.336611
2.67, 0.334567
2.58, 0.335714
2.665, 0.332904
2.66, 0.332816
2.695, 0.334107
2.7, 0.335378
2.705, 0.337664
2.71, 0.340619
2.715, 0.337019
2.615, 0.334792
3.175, 0.332269
2.74, 0.341793
2.735, 0.333744
2.72, 0.339931
2.775, 0.335994
3.08, 0.329644
3.24, 0.332572
2.94, 0.334668
3.09, 0.336489
3.25, 0.333522
3.085, 0.328958
3.21, 0.338289
2.945, 0.336105
2.95, 0.334411
3.095, 0.329186
3.245, 0.329966
3.205, 0.336671
3.2, 0.334087
7
2.9, 0.328686
3.05, 0.336794
3.04, 0.332437
2.925, 0.331837
2.845, 0.335293
2.915, 0.330064
2.835, 0.33195
2.84, 0.333608
2.935, 0.334435
3.305, 0.329795
2.92, 0.334556
2.93, 0.334887
3.03, 0.338362
3.025, 0.336915
3.195, 0.335961
3.035, 0.334256
3.295, 0.32935
3.3, 0.338793
3.185, 0.339992
3.19, 0.339033
3.18, 0.336879
3.435, 0.332893
3.34, 0.332884
3.45, 0.333721
3.405, 0.337583
3.44, 0.333167
3.335, 0.333356
3.345, 0.335348
3.445, 0.339347
3.395, 0.338864
3.4, 0.337712
2.755, 0.338259
3.33, 0.336042
2.76, 0.334357
2.765, 0.335444
3.065, 0.338882
2.73, 0.328603
3.055, 0.33177
3.06, 0.331949
3.07, 0.329671
3.075, 0.332653
3.255, 0.33892
3.235, 0.336083
3.23, 0.338729
3.265, 0.329499
3.27, 0.335557
3.215, 0.337916
3.225, 0.333914
3.26, 0.3329
3.29, 0.337742
3.285, 0.332289
3.22, 0.33527
3.275, 0.338919
3.28, 0.332656
3.375, 0.33026
3.39, 0.337791
3.38, 0.333253
3.385, 0.329846
3.415, 0.333793
3.42, 0.331849
3.43, 0.338392
3.41, 0.331763
2.78, 0.336026
3.425, 0.330197
2.905, 0.335947
2.785, 0.339432
2.745, 0.33437
2.75, 0.337275
3.045, 0.338699
2.91, 0.335048
2.725, 0.332671
3.37, 0.33817
2.82, 0.337408
2.825, 0.331551
2.83, 0.335906
3.315, 0.331855
3.31, 0.334649
3.325, 0.333237
3.32, 0.335886
2.885, 0.332831
2.88, 0.335358
3, 0.333579
2.87, 0.334237
2.89, 0.341495
3.12, 0.333795
3.02, 0.333239
2.99, 0.334966
2.985, 0.332923
3.13, 0.336827
3.115, 0.334292
2.995, 0.33391
2.865, 0.335469
3.005, 0.328212
2.875, 0.334163
3.15, 0.335831
2.97, 0.335268
3.105, 0.340384
3.01, 0.332738
3.355, 0.331418
2.85, 0.334652
3.36, 0.33515
2.855, 0.333453
3.11, 0.337462
3.14, 0.336195
3.1, 0.335898
3.365, 0.331368
2.96, 0.334201
3.125, 0.3331
3.015, 0.336417
2.955, 0.33476
3.145, 0.333589
3.165, 0.333001
3.135, 0.332149
3.16, 0.334205
2.965, 0.336726
2.86, 0.333704
3.155, 0.335689
2.975, 0.338161
3.17, 0.335493
2.98, 0.337869
3.525, 0.335695
3.53, 0.333769
3.545, 0.327245
3.555, 0.335497
3.55, 0.338413
3.56, 0.331022
3.565, 0.339858
3.52, 0.331083
3.535, 0.33273
3.515, 0.336508
2.81, 0.333759
3.54, 0.335478
3.57, 0.334133
2.815, 0.338603
2.805, 0.340466
3.465, 0.33236
2.77, 0.332866
2.8, 0.334388
3.46, 0.337704
3.475, 0.335419
3.48, 0.340598
3.455, 0.336627
3.485, 0.33164
3.47, 0.33794
3.495, 0.335271
3.505, 0.336166
3.5, 0.33777
2.795, 0.333455
2.79, 0.337107
3.51, 0.333494
3.35, 0.334372
3.575, 0.332165
3.49, 0.343864
3.585, 0.332278
3.58, 0.334071
3.59, 0.333449
3.605, 0.339219
3.595, 0.332599
3.6, 0.33485
3.62, 0.336349
3.615, 0.332277
3.61, 0.331831
3.625, 0.339794
3.63, 0.334219
1.085, 0.336676
1.09, 0.334998
1.095, 0.33733
1.175, 0.341141
1.145, 0.334821
1.155, 0.331785
1.165, 0.339771
1.16, 0.336368
1.15, 0.337985
1.17, 0.329304
1.105, 0.328385
1.1, 0.33654
3.64, 0.335881
3.685, 0.336185
3.665, 0.334937
3.68, 0.339662
3.65, 0.332625
3.67, 0.338315
3.655, 0.335613
3.66, 0.335921
3.675, 0.329423
3.645, 0.334204
3.71, 0.336142
3.695, 0.338516
3.7, 0.335641
3.705, 0.335915
3.765, 0.338994
3.725, 0.3327
3.72, 0.337612
3.735, 0.339934
3.75, 0.335253
3.745, 0.331005
3.74, 0.331362
3.715, 0.330898
3.755, 0.335561
3.77, 0.335163
3.76, 0.333022
3.635, 0.333027
3.78, 0.337827
3.775, 0.332264
3.795, 0.336186
3.69, 0.33368
3.79, 0.336684
3.8, 0.335456
3.81, 0.3364
3.82, 0.334452
3.815, 0.335471
3.805, 0.332279
3.785, 0.332489
3.86, 0.33697
3.845, 0.339799
3.85, 0.336257
3.855, 0.333124
3.835, 0.33566
3.84, 0.335783
3.73, 0.333964
3.83, 0.331666
3.865, 0.331955
3.87, 0.332845
3.88, 0.336255
3.875, 0.33732
3.895, 0.331145
3.885, 0.338999
3.825, 0.334298
3.9, 0.331986
3.905, 0.33174
3.915, 0.339866
3.92, 0.344799
3.91, 0.332646
3.89, 0.33566
3.925, 0.327876
3.94, 0.335539
3.975, 0.335548
3.955, 0.332747
3.945, 0.338355
3.935, 0.329458
3.95, 0.332375
3.96, 0.339916
3.965, 0.335093
3.97, 0.336287
4.08, 0.333281
4.07, 0.335303
4.065, 0.332446
4.075, 0.33427
4.06, 0.336817
4.055, 0.333394
4.05, 0.338564
4.035, 0.337167
4.045, 0.33406
3.985, 0.334175
4.1, 0.335733
4.105, 0.332641
4.03, 0.338461
3.99, 0.331044
4.005, 0.333245
3.93, 0.338919
4, 0.334102
3.995, 0.339082
4.095, 0.340012
3.98, 0.336472
4.04, 0.335356
4.085, 0.337994
4.01, 0.334542
4.09, 0.335011
4.02, 0.336507
4.025, 0.336844
4.15, 0.334617
4.21, 0.33819
4.185, 0.331443
4.19, 0.336477
4.015, 0.330138
4.145, 0.333472
4.195, 0.327085
4.18, 0.337048
4.205, 0.334662
4.13, 0.33466
4.2, 0.336486
4.135, 0.341007
4.17, 0.336246
4.175, 0.329295
4.165, 0.332699
4.155, 0.331221
4.16, 0.337713
4.14, 0.339169
4.24, 0.330937
4.235, 0.331464
4.23, 0.337965
4.11, 0.331164
4.28, 0.336496
4.285, 0.330563
4.275, 0.340065
4.31, 0.337043
4.29, 0.339048
4.25, 0.337318
4.295, 0.332266
4.27, 0.331445
4.3, 0.333255
4.26, 0.341674
4.305, 0.337772
4.265, 0.33792
4.12, 0.332336
4.115, 0.333758
4.255, 0.335015
4.355, 0.334349
4.125, 0.336262
4.22, 0.335228
4.215, 0.33487
4.225, 0.334048
4.365, 0.33304
4.245, 0.334815
4.36, 0.333872
4.345, 0.33277
4.34, 0.339472
4.35, 0.339738
4.32, 0.336048
4.33, 0.332696
4.325, 0.32947
4.335, 0.330852
4.315, 0.332658
4.645, 0.333789
4.63, 0.32921
4.41, 0.335645
4.42, 0.335273
4.415, 0.340322
4.37, 0.333388
4.375, 0.333936
4.405, 0.332591
4.38, 0.333729
4.395, 0.335628
4.435, 0.334386
4.45, 0.331497
4.465, 0.336845
4.55, 0.335956
4.475, 0.33605
4.44, 0.335717
4.455, 0.334653
4.43, 0.328314
4.425, 0.340292
4.49, 0.332464
4.485, 0.330632
4.47, 0.331546
4.535, 0.33307
4.64, 0.336848
4.53, 0.33155
4.575, 0.336783
4.565, 0.340176
4.5, 0.339676
4.555, 0.338081
4.495, 0.337232
4.525, 0.337411
4.46, 0.340601
4.54, 0.334416
4.48, 0.328372
4.57, 0.333539
4.545, 0.3347

4.51, 0.338397
4.585, 0.331899
4.4, 0.332738
4.605, 0.332508
4.59, 0.332731
4.6, 0.331672
4.62, 0.338701
4.595, 0.334239
4.58, 0.336911
4.675, 0.334261
4.505, 0.338642
4.61, 0.336684
4.625, 0.333513
4.685, 0.332682
4.68, 0.332387
4.515, 0.331414
4.52, 0.336725
4.615, 0.334028
4.695, 0.336864
4.385, 0.334639
4.69, 0.333004
4.67, 0.337759
4.665, 0.331881
4.39, 0.334073
4.66, 0.339385
4.655, 0.340935
4.74, 0.333455
4.445, 0.335136
4.745, 0.334009
4.73, 0.335901
4.735, 0.337689
4.65, 0.331141
4.755, 0.330499
4.71, 0.336434
4.715, 0.333243
4.725, 0.334231
4.72, 0.335002
4.7, 0.331931
4.705, 0.334432
4.75, 0.335956
4.765, 0.337278
4.77, 0.33633
4.78, 0.337938
4.775, 0.333694
4.785, 0.331119
4.79, 0.331465
4.76, 0.336754
4.795, 0.338704
4.81, 0.340742
4.805, 0.336302
4.8, 0.337875
4.815, 0.33103
4.635, 0.330627
4.825, 0.33949
4.82, 0.335163
4.83, 0.333482
4.835, 0.334524
4.875, 0.33557
4.865, 0.338318
4.87, 0.333126
4.86, 0.335937
4.98, 0.33803
4.93, 0.338428
4.89, 0.333596
4.92, 0.337802
4.91, 0.335353
4.925, 0.336053
4.915, 0.333875
4.94, 0.334419
4.935, 0.326529
4.945, 0.330384
4.95, 0.335861
4.985, 0.339956
4.99, 0.330303
4.955, 0.33375
4.96, 0.335595
4.965, 0.330706
4.97, 0.335262
4.975, 0.338658
4.995, 0.330999
5.005, 0.332752
5.01, 0.333684
5.02, 0.332276
5.015, 0.336298
4.895, 0.334544
4.905, 0.337863
5.035, 0.330374
5.055, 0.330711
5.06, 0.333998
5.065, 0.334981
5.05, 0.335243
5.04, 0.340905
5.025, 0.328924
5.03, 0.34146
4.9, 0.332783
5.045, 0.330403
5.09, 0.335009
5.085, 0.332884
5.095, 0.338686
5.08, 0.332588
5.075, 0.331277
5.07, 0.330924
5.105, 0.339293
5.13, 0.335159
5.12, 0.334557
5.125, 0.335446
5.115, 0.336195
5.135, 0.334767
5.11, 0.336848
5.1, 0.336528
5.15, 0.33206
5.16, 0.332406
5.145, 0.33644
5.175, 0.332992
5.14, 0.336863
5.2, 0.339013
5.235, 0.336441
5.215, 0.338365
5.195, 0.333842
5.18, 0.334026
5.19, 0.334811
5.185, 0.333901
5.205, 0.335503
5.225, 0.334368
5.22, 0.332055
5.25, 0.334876
5.23, 0.331899
5.245, 0.334382
5.24, 0.334471
5.21, 0.33478
5.155, 0.333488
5.255, 0.335211
5.3, 0.337126
5.295, 0.334801
5.265, 0.334842
5.29, 0.334217
5.165, 0.332084
5.27, 0.335753
5.26, 0.336003
5.285, 0.3426
5.35, 0.333978
5.33, 0.339061
5.32, 0.3364
5.325, 0.331989
5.28, 0.335004
5.335, 0.336747
5.275, 0.330612
5.345, 0.334437
5.315, 0.334338
5.34, 0.334558
5.375, 0.338799
5.395, 0.331001
5.36, 0.335636
5.365, 0.333461
5.39, 0.335849
5.38, 0.337358
5.405, 0.335474
5.37, 0.3337
5.385, 0.334661
5.355, 0.337156
5.45, 0.332466
5.4, 0.337797
5.305, 0.334656
5.455, 0.336994
5.435, 0.333862
5.43, 0.336539
5.42, 0.333961
5.445, 0.336158
5.41, 0.340425
5.44, 0.338557
5.425, 0.341392
5.415, 0.333009
5.46, 0.331592
5.17, 0.333052
5.505, 0.331365
5.51, 0.331175
5.495, 0.337656
5.5, 0.334393
5.49, 0.339393
5.485, 0.332165
5.465, 0.334453
5.56, 0.337123
5.555, 0.337748
5.55, 0.338686
5.53, 0.338226
5.475, 0.335566
5.48, 0.333465
5.47, 0.336925
5.545, 0.338586
5.54, 0.337116
5.31, 0.338636
5.535, 0.33267
5.585, 0.335181
5.58, 0.329489
5.575, 0.338226
5.52, 0.337471
5.515, 0.337582
5.525, 0.336038
5.565, 0.338176
5.57, 0.34017
5.59, 0.338563
5.6, 0.335615
5.595, 0.336096
5.61, 0.332554
5.66, 0.334417
5.605, 0.336174
5.92, 0.33411
5.64, 0.332279
5.63, 0.336378
5.635, 0.32866
5.625, 0.333545
5.615, 0.331639
5.62, 0.337397
5.645, 0.333663
5.65, 0.334109
5.655, 0.3355
5.67, 0.339796
5.705, 0.336446
5.685, 0.332728
5.69, 0.33219
5.68, 0.335278
5.7, 0.340635
5.675, 0.334369
5.665, 0.333785
5.695, 0.341306
5.74, 0.333449
5.75, 0.335691
5.83, 0.338685
5.735, 0.338537
5.815, 0.333031
5.73, 0.333738
5.755, 0.331585
5.77, 0.335075
5.805, 0.33369
5.81, 0.338925
5.82, 0.335429
5.825, 0.331575
5.85, 0.333914
5.845, 0.33505
5.835, 0.335017
5.765, 0.335433
5.84, 0.332823
5.76, 0.337055
5.88, 0.330135
5.855, 0.335001
5.745, 0.334628
5.885, 0.334166
5.905, 0.331007
5.865, 0.340486
5.9, 0.336481
5.87, 0.335111
5.91, 0.337228
5.89, 0.333924
5.875, 0.337591
5.86, 0.338609
5.8, 0.329471
5.795, 0.335509
5.895, 0.336201
5.915, 0.330168
5.95, 0.331543
5.71, 0.331201
5.79, 0.333324
5.785, 0.328713
5.945, 0.325017
5.78, 0.331825
5.775, 0.3367
5.96, 0.33182
5.725, 0.33674
5.955, 0.327925
5.72, 0.336488
5.93, 0.336494
5.715, 0.337198
5.965, 0.339559
5.94, 0.334726
5.935, 0.337097
5.925, 0.335963
5.975, 0.336242
5.97, 0.333095
5.995, 0.338553
5.98, 0.328725
5.985, 0.331335
5.99, 0.337425
6, 0.335802
6.055, 0.328397
6.01, 0.339907
6.005, 0.337106
6.015, 0.335741
6.02, 0.335419
6.025, 0.336869
6.04, 0.333041
6.035, 0.335393
6.05, 0.331671
6.03, 0.332683
6.045, 0.332862
6.06, 0.334799
6.065, 0.33156
6.08, 0.335556
6.09, 0.335702
6.085, 0.340172
6.07, 0.33561
6.095, 0.338401
6.1, 0.336888
6.105, 0.328952
6.075, 0.334415
6.125, 0.332262
6.15, 0.336617
6.11, 0.331157
6.145, 0.332618
6.155, 0.335506
6.14, 0.339086
6.115, 0.326862
6.16, 0.3352
6.17, 0.336095
6.175, 0.331854
6.165, 0.333907
6.19, 0.330639
6.185, 0.335348
6.18, 0.334101
6.195, 0.333091
6.205, 0.335468
6.2, 0.333708
6.135, 0.338587
6.225, 0.334528
6.245, 0.33268
6.25, 0.333086
6.235, 0.335841
6.13, 0.34008
6.255, 0.336509
6.26, 0.333542
6.24, 0.334768
6.265, 0.330195
6.295, 0.331921
6.3, 0.3409
6.29, 0.338254
6.285, 0.334124
6.275, 0.334793
6.21, 0.33794
6.28, 0.329915
6.22, 0.331223
6.31, 0.338499
6.215, 0.329695
6.325, 0.334835
6.32, 0.337057
6.23, 0.338708
6.33, 0.337649
6.335, 0.338574
6.315, 0.334977
6.27, 0.332514
6.305, 0.333233
6.345, 0.332958
6.35, 0.340881
6.355, 0.338469
6.34, 0.340148
6.36, 0.337118
6.365, 0.335508
6.39, 0.328097
6.41, 0.334371
6.38, 0.333106
6.405, 0.3281
6.385, 0.335655
6.4, 0.332104
6.415, 0.332022
6.395, 0.331742
6.42, 0.334135
6.425, 0.333008
6.44, 0.333284
6.43, 0.3376
6.455, 0.336233
6.45, 0.331385
6.445, 0.335224
6.465, 0.335827
6.37, 0.34539
6.51, 0.33806
6.5, 0.336175
6.49, 0.330741
6.505, 0.335347
6.485, 0.336428
6.535, 0.336618
6.495, 0.333604
6.53, 0.337709
6.525, 0.330715
6.48, 0.3296
6.375, 0.337453
6.585, 0.3338
6.565, 0.339139
6.545, 0.332494
6.58, 0.333893
6.46, 0.336127
6.55, 0.335999
6.54, 0.334735
6.56, 0.337283
6.47, 0.334685
6.57, 0.330896
6.555, 0.332982
6.515, 0.332839
6.575, 0.333882
6.52, 0.333515
6.615, 0.331658
6.6, 0.333487
6.605, 0.336129
6.61, 0.336132
6.595, 0.33114
6.645, 0.333221
6.435, 0.336386
6.66, 0.331309
6.655, 0.330157
6.65, 0.335336
6.635, 0.335715
6.62, 0.335684
6.64, 0.337475
6.625, 0.330051
6.63, 0.33548
6.59, 0.327393
6.475, 0.3354
6.665, 0.336622
6.675, 0.33651
6.705, 0.336781
6.71, 0.336691
6.735, 0.333818
6.74, 0.331912
6.685, 0.337616
6.69, 0.331454
6.68, 0.337781
6.695, 0.334835
6.73, 0.335978
6.7, 0.335104
6.755, 0.333081
6.75, 0.33396
6.77, 0.334089
6.76, 0.332579
6.765, 0.336525
6.725, 0.334309
6.72, 0.335099
6.78, 0.335423
6.745, 0.335095
6.775, 0.333875
6.67, 0.337277
6.79, 0.338811
6.795, 0.337847
6.715, 0.33454
6.785, 0.336383
6.82, 0.338834
6.8, 0.327382
6.81, 0.334764
6.805, 0.335827
6.815, 0.338282
6.87, 0.333412
6.83, 0.331252
6.845, 0.334433
6.825, 0.332894
6.85, 0.336187
6.855, 0.33394
6.86, 0.331592
6.84, 0.332214
6.865, 0.334981
6.875, 0.33742
6.88, 0.334663
6.905, 0.331684
6.915, 0.332854
6.925, 0.334346
6.92, 0.336274
6.89, 0.334157
6.885, 0.336422
6.91, 0.338342
6.895, 0.339364
6.9, 0.336727
6.965, 0.333092
6.975, 0.334364
6.95, 0.333636
6.94, 0.329938
6.97, 0.333168
6.93, 0.333086
6.945, 0.334006
6.955, 0.332381
6.96, 0.333572
6.935, 0.339207
7.065, 0.331272
6.835, 0.336382
7.045, 0.333179
7.055, 0.332732
7.08, 0.332339
7.075, 0.336634
7.12, 0.336831
7.11, 0.337048
7.085, 0.333645
7.09, 0.333524
7.025, 0.33211
7.115, 0.3292
7.07, 0.334733
7.06, 0.332776
7.05, 0.336942
7, 0.332604
6.995, 0.329768
6.98, 0.332507
7.135, 0.337717
7.02, 0.333802
7.04, 0.336663
7.13, 0.334187
7.125, 0.334591
7.015, 0.339319
7.145, 0.336389
7.14, 0.338058
7.005, 0.333431
7.01, 0.338001
7.035, 0.339018
7.03, 0.338147
7.15, 0.333861
7.095, 0.338354
7.165, 0.333507
7.16, 0.339879
7.105, 0.329654
7.18, 0.331278
7.1, 0.332386
7.155, 0.330254
6.985, 0.330718
7.17, 0.335028
7.175, 0.332937
6.99, 0.336877
7.195, 0.332514
7.2, 0.332633
7.185, 0.332424
7.19, 0.337923
7.21, 0.335871
7.22, 0.333406
7.215, 0.330748
7.23, 0.333403
7.205, 0.335936
7.225, 0.332875
7.24, 0.340114
7.245, 0.338331
7.27, 0.334776
7.25, 0.334391
7.255, 0.330479
7.265, 0.330272
7.26, 0.33616
7.29, 0.33331
7.285, 0.337334
7.295, 0.337603
7.28, 0.331816
7.275, 0.33593
7.3, 0.332028
7.31, 0.331264
7.315, 0.332718
7.235, 0.337351
7.32, 0.336278
7.325, 0.338139
7.345, 0.334868
7.35, 0.338853
7.33, 0.330115
7.385, 0.333782
7.38, 0.333562
7.39, 0.335429
7.36, 0.335534
7.375, 0.335942
7.4, 0.330665
7.41, 0.339014
7.335, 0.338516
7.425, 0.333538
7.43, 0.336428
7.355, 0.335398
7.46, 0.33085
7.34, 0.336628
7.485, 0.336104
7.49, 0.335286
7.415, 0.333849
7.505, 0.334977
7.395, 0.334949
7.53, 0.332741
7.535, 0.33621
7.45, 0.328168
7.475, 0.339157
7.445, 0.33569
7.545, 0.339428
7.47, 0.332852
7.48, 0.33707
7.405, 0.334328
7.54, 0.33352
7.62, 0.331018
7.495, 0.334863
7.515, 0.329131
7.55, 0.336778
7.56, 0.330354
7.42, 0.333317
7.555, 0.336683
7.57, 0.333242
7.455, 0.33338
7.5, 0.334408
7.51, 0.330426
7.565, 0.334865
7.44, 0.335689
7.525, 0.332328
7.52, 0.336814
7.465, 0.331861
7.615, 0.330793
7.63, 0.335039
7.655, 0.338605
7.61, 0.330918
7.67, 0.333086
7.675, 0.332741
7.435, 0.331008
7.705, 0.330561
7.72, 0.326388
7.71, 0.336735
7.725, 0.333473
7.7, 0.336288
7.695, 0.331908
7.715, 0.328238
7.625, 0.329387
7.68, 0.335011
7.685, 0.333148
7.575, 0.337938
7.745, 0.331915
7.76, 0.334955
7.735, 0.336041
7.765, 0.341567
7.77, 0.335223
7.645, 0.331582
4.85, 0.335168
7.69, 0.33311
7.64, 0.331519
4.84, 0.333888
7.635, 0.332949
7.65, 0.329813
4.855, 0.33467
7.795, 0.333443
4.845, 0.333575
7.805, 0.332811
7.73, 0.331495
7.815, 0.33376
7.58, 0.338379
7.81, 0.340017
7.585, 0.332533
7.66, 0.326923
7.82, 0.329112
7.75, 0.326864
7.59, 0.33067
7.595, 0.333756
7.775, 0.3336
7.8, 0.332823
7.785, 0.33226
7.665, 0.338236
7.83, 0.332524
7.825, 0.332822
7.835, 0.335723
7.84, 0.332582
7.74, 0.332212
7.79, 0.338135
7.855, 0.332548
7.85, 0.3347
7.755, 0.332593
4.88, 0.333267
7.78, 0.336578
7.86, 0.335995
7.875, 0.337868
7.87, 0.334295
7.845, 0.332304
7.915, 0.332067
7.88, 0.336174
7.865, 0.332442
7.95, 0.335625
7.89, 0.33564
7.895, 0.335953
7.92, 0.337261
7.885, 0.337078
7.9, 0.33132
7.91, 0.332117
7.905, 0.330832
7.935, 0.338527
7.945, 0.338953
7.94, 0.336995
7.955, 0.338831
7.965, 0.332714
7.96, 0.339212
7.97, 0.336739
7.975, 0.333224
7.93, 0.333705
7.925, 0.33814
7.98, 0.335615
7.605, 0.336566
7.99, 0.334755
7.995, 0.337525
8.015, 0.339572
8.01, 0.331281
7.985, 0.332573
8.005, 0.334226
8.035, 0.333272
7.6, 0.333938
8.045, 0.338127
8.04, 0.3354
8.03, 0.328012
8.09, 0.335834
8.05, 0.336721
8.085, 0.337478
8.055, 0.338138
8.06, 0.33671
8.095, 0.336389
8.07, 0.33606
8.08, 0.333768
8.195, 0.333609
8.075, 0.334477
8.065, 0.336369
8.175, 0.330932
8.14, 0.338671
8.12, 0.338771
8.11, 0.33453
8.13, 0.338581
8.135, 0.335708
8.125, 0.338042
8.145, 0.332491
8.115, 0.332446
8.1, 0.333624
8.16, 0.339184
8.265, 0.334562
8.27, 0.334166
8.26, 0.332733
8, 0.334213
8.165, 0.332035
8.17, 0.33401
8.255, 0.339784
8.15, 0.335715
8.25, 0.335826
8.105, 0.330453
8.295, 0.331169
8.155, 0.340977
8.215, 0.334486
8.245, 0.33366
8.24, 0.334279
8.02, 0.330556
8.225, 0.334482
8.22, 0.336199
8.23, 0.333216
8.235, 0.330217
8.18, 0.338437
8.19, 0.335653
8.2, 0.332561
8.185, 0.332018
8.205, 0.33126
8.21, 0.338495
8.34, 0.334856
8.345, 0.336978
8.325, 0.335825
8.33, 0.334141
8.29, 0.33819
4.885, 0.337301
8.32, 0.336289
8.025, 0.336599
8.285, 0.340983
8.435, 0.330454
8.445, 0.340361
8.44, 0.335006
8.28, 0.333305
8.275, 0.337488
8.35, 0.336784
8.355, 0.331816
8.36, 0.334541
8.315, 0.332444
8.31, 0.338659
8.305, 0.337121
5, 0.332749
8.42, 0.332088
8.3, 0.330488
8.425, 0.33209
8.365, 0.327897
8.43, 0.334429
8.335, 0.336928
8.39, 0.335486
8.395, 0.329062
8.4, 0.328643
8.37, 0.334389
8.375, 0.338162
8.475, 0.339221
8.38, 0.333388
8.385, 0.336375
8.405, 0.337002
8.415, 0.332545
8.41, 0.336803
8.485, 0.338454
8.495, 0.337991
8.48, 0.333554
8.49, 0.331711
8.45, 0.334818
8.455, 0.333886
8.47, 0.336154
8.465, 0.331754
8.51, 0.329793
8.515, 0.336857
8.5, 0.337273
8.46, 0.332555
8.505, 0.34138
8.52, 0.335113
8.54, 0.331202
8.535, 0.334864
8.545, 0.332144
8.555, 0.341008
8.57, 0.339434
8.56, 0.332823
8.565, 0.335929
8.55, 0.335789
8.575, 0.339252
8.58, 0.33629
8.53, 0.335737
8.59, 0.336826
8.6, 0.333814
8.595, 0.337936
8.61, 0.332457
8.585, 0.334302
8.615, 0.335939
8.63, 0.335574
8.62, 0.335403
8.625, 0.337995
8.67, 0.336732
8.525, 0.33218
8.64, 0.332831
8.665, 0.335746
8.695, 0.334332
8.69, 0.328921
8.65, 0.336842
8.645, 0.331685
8.685, 0.330367
8.605, 0.339799
8.71, 0.333403
8.715, 0.334354
8.675, 0.33655
8.725, 0.338945
8.72, 0.330889
8.735, 0.334358
8.745, 0.333116
8.75, 0.332648
8.635, 0.333454
8.66, 0.331015
8.655, 0.331937
8.7, 0.333617
8.68, 0.337998
8.74, 0.337649
8.765, 0.333665
8.705, 0.33247
8.78, 0.33719
8.775, 0.331203
8.835, 0.333338
8.81, 0.331576
8.84, 0.334583
8.825, 0.336316
8.815, 0.335072
8.73, 0.338386
8.83, 0.336397
8.82, 0.339498
8.845, 0.331515
8.805, 0.335203
8.88, 0.331162
8.875, 0.331225
8.87, 0.332539
8.865, 0.334816
8.85, 0.333985
8.8, 0.337235
8.86, 0.33426
8.855, 0.331974
8.885, 0.334407
8.9, 0.335841
8.895, 0.336196
8.93, 0.332768
8.935, 0.334109
8.76, 0.329335
8.755, 0.340156
8.96, 0.337903
8.955, 0.337498
8.965, 0.334847
8.94, 0.337478
8.91, 0.341539
8.975, 0.338976
8.795, 0.336356
8.79, 0.334751
8.785, 0.334727
9, 0.333781
8.98, 0.329146
8.89, 0.333012
8.99, 0.334896
8.995, 0.335754
9.02, 0.330794
9.035, 0.33581
9.015, 0.335778
8.945, 0.335128
8.95, 0.335684
8.97, 0.334619
9.025, 0.328725
9.03, 0.339107
8.985, 0.332866
9.01, 0.336352
9.045, 0.333433
9.04, 0.335197
8.77, 0.334402
9.065, 0.333922
9.05, 0.340222
9.075, 0.332045
9.08, 0.332162
9.055, 0.337338
9.005, 0.337178
9.06, 0.334472
9.09, 0.333175
9.085, 0.332198
9.12, 0.335088
9.1, 0.33801
9.125, 0.337855
9.095, 0.334849
9.115, 0.329868
9.105, 0.332904
9.11, 0.336368
9.14, 0.332804
9.135, 0.334132
9.15, 0.332834
9.145, 0.337155
9.165, 0.33474
9.155, 0.334749
9.13, 0.335525
9.16, 0.338743
9.17, 0.337493
9.175, 0.33408
9.18, 0.33591
9.19, 0.335625
9.185, 0.335018
9.22, 0.337459
9.245, 0.337417
9.24, 0.336266
9.23, 0.331405
9.235, 0.340889
9.25, 0.333015
9.195, 0.333949
9.21, 0.335475
9.2, 0.334023
9.205, 0.340839
9.385, 0.337346
9.215, 0.335504
9.47, 0.339347
9.225, 0.338453
9.485, 0.337085
9.5, 0.333697
9.48, 0.327901
9.26, 0.334866
9.265, 0.332864
9.27, 0.335856
9.255, 0.332081
9.275, 0.335133
9.46, 0.338423
9.52, 0.334169
9.53, 0.33631
9.525, 0.334654
9.3, 0.338025
9.295, 0.332629
9.29, 0.332312
9.285, 0.333401
9.28, 0.334601
9.325, 0.331275
9.315, 0.334845
9.32, 0.331496
9.31, 0.338224
9.305, 0.337212
9.37, 0.33338
9.345, 0.337921
9.365, 0.330615
9.36, 0.334979
9.35, 0.332172
9.34, 0.332002
9.33, 0.342188
9.455, 0.330191
9.355, 0.332577
9.39, 0.332551
9.375, 0.336255
9.395, 0.334347
9.405, 0.333215
9.4, 0.338184
9.41, 0.335176
9.425, 0.336848
9.56, 0.33354
9.555, 0.330145
9.43, 0.334982
9.335, 0.329669
9.445, 0.338385
9.44, 0.339534
9.435, 0.332779
9.465, 0.335233
9.38, 0.334394
9.45, 0.336251
9.475, 0.335528
6.12, 0.333499
9.6, 0.335784
9.595, 0.32867
9.505, 0.339085
9.625, 0.332537
9.65, 0.341277
9.42, 0.334821
9.535, 0.341953
9.565, 0.333097
9.415, 0.335653
9.49, 0.338088
9.69, 0.33621
9.495, 0.33622
9.545, 0.331285
9.55, 0.333894
9.61, 0.335671
9.605, 0.330457
9.54, 0.339176
9.515, 0.338685
9.685, 0.336409
9.64, 0.332198
9.615, 0.335113
9.67, 0.339086
9.645, 0.33553
9.59, 0.335243
9.695, 0.340856
9.585, 0.334663
9.58, 0.333419
9.575, 0.336893
9.655, 0.336267
9.635, 0.332939
9.62, 0.333298
9.675, 0.335524
9.66, 0.33735
9.665, 0.336067
9.63, 0.335352
9.7, 0.332108
9.68, 0.336855
9.705, 0.334251
9.71, 0.334996
9.73, 0.33953
9.735, 0.33247
9.715, 0.3331
9.72, 0.335247
9.725, 0.337148
9.745, 0.331509
9.74, 0.335064
9.765, 0.336677
9.755, 0.334777
9.75, 0.334218
9.77, 0.335792
9.78, 0.331743
9.775, 0.336149
9.8, 0.334922
9.785, 0.333568
9.79, 0.327597
9.76, 0.334102
9.795, 0.339026
9.81, 0.334824
9.82, 0.338202
9.815, 0.331666
9.825, 0.332312
9.84, 0.336854
9.805, 0.331134
9.835, 0.335262
9.845, 0.336557
9.83, 0.3333
9.88, 0.335864
9.85, 0.332841
9.86, 0.33013
9.865, 0.338325
9.9, 0.337837
9.87, 0.331456
9.91, 0.336431
9.905, 0.339244
9.89, 0.329339
9.875, 0.334511
9.895, 0.33758
9.885, 0.338515
9.92, 0.333256
9.915, 0.338471
9.93, 0.331128
9.925, 0.333947
9.935, 0.333311
9.94, 0.328946
9.95, 0.333711
9.985, 0.33343
9.98, 0.338193
9.99, 0.336324
10, 0.339826
9.995, 0.336456
9.975, 0.330955
9.945, 0.338103
9.955, 0.329333
9.965, 0.329634
9.96, 0.331957
9.97, 0.338457
9.855, 0.340354
7.305, 0.336206
7.365, 0.333658
7.37, 0.330428
8.905, 0.335697
8.925, 0.331469
8.92, 0.330334
8.915, 0.332427
9.07, 0.33597
9.51, 0.33281
9.57, 0.335914
