0.015, 916
0.02, 917
0.05, 917
0.025, 919
0.01, 928
0.03, 931
0.055, 917
0.06, 920
0.07, 926
0.065, 934
0.125, 917
0.135, 918
0.14, 918
0.005, 959
0.12, 922
0.13, 924
0.115, 926
0.095, 948
0.1, 949
0.18, 913
0.175, 918
0.185, 918
0.19, 921
0.22, 902
0.08, 956
0.195, 926
0.075, 964
0.11, 949
0.105, 949
0.2, 930
0.225, 918
0.24, 918
0.21, 918
0.15, 957
0.25, 920
0.46, 819
0.265, 902
0.27, 902
0.085, 985
0.17, 944
0.145, 962
0.245, 924
0.215, 920
0.23, 925
0.165, 946
0.205, 929
0.235, 930
0.29, 913
0.26, 917
0.09, 998
0.16, 955
0.155, 955
0.255, 918
0.295, 920
0.3, 921
0.285, 921
0.475, 849
0.445, 872
0.44, 874
0.45, 874
0.435, 877
0.275, 938
0.28, 939
0.345, 919
0.35, 921
0.42, 880
0.415, 881
0.425, 882
0.365, 915
0.37, 917
0.385, 917
0.4, 919
0.375, 920
0.395, 921
0.38, 922
0.47, 884
0.39, 927
0.325, 948
0.355, 926
0.33, 949
0.315, 951
0.335, 951
0.32, 951
0.36, 930
0.34, 952
0.505, 871
0.305, 953
0.31, 954
0.43, 916
0.405, 918
0.41, 918
0.59, 875
0.595, 875
0.495, 916
0.5, 918
0.48, 918
0.49, 919
0.485, 920
0.455, 923
0.585, 883
0.465, 926
0.545, 909
0.53, 918
0.54, 918
0.535, 919
0.55, 920
0.525, 920
0.51, 921
0.52, 921
0.515, 925
0.6, 913
0.64, 822
0.65, 822
0.645, 824
0.635, 826
0.56, 919
0.57, 920
0.565, 921
0.58, 922
0.575, 923
0.555, 924
0.625, 919
0.62, 919
0.63, 921
0.605, 921
0.615, 921
0.61, 922
0.655, 909
0.665, 912
0.66, 914
0.675, 919
0.68, 919
0.67, 922
0.685, 913
0.695, 869
0.69, 916
0.705, 868
0.715, 915
0.72, 919
0.725, 920
0.7, 920
0.71, 922
0.73, 925
0.76, 893
0.825, 901
0.835, 874
0.83, 902
0.77, 930
0.765, 930
0.815, 921
0.785, 922
0.795, 924
0.82, 924
0.81, 925
0.78, 949
0.775, 949
0.79, 929
1.035, 825
1.04, 826
1.05, 826
1.045, 826
0.75, 955
0.745, 956
0.93, 891
0.755, 957
0.74, 957
0.735, 965
0.85, 922
0.855, 923
0.98, 883
0.805, 952
0.845, 925
0.8, 954
0.84, 927
0.94, 891
0.95, 891
0.925, 914
0.92, 914
0.885, 917
0.895, 918
0.89, 920
0.905, 921
0.865, 941
0.86, 943
0.9, 924
0.875, 952
0.87, 957
0.88, 956
0.955, 919
0.97, 920
0.975, 923
1.145, 821
0.91, 947
0.96, 926
0.965, 927
0.915, 949
1.065, 888
1.07, 894
0.945, 939
1.025, 919
1.03, 919
1.075, 902
0.985, 923
0.995, 924
1.01, 923
1.005, 924
1.02, 924
1.015, 924
1, 925
0.935, 954
1.06, 922
1.055, 923
1.08, 925
0.99, 952
1.13, 921
1.115, 921
1.105, 922
1.11, 922
1.12, 923
1.125, 924
1.09, 924
1.1, 925
1.14, 908
1.095, 929
1.135, 923
1.085, 957
1.15, 919
1.155, 926
1.16, 918
1.165, 923
1.17, 921
1.22, 885
1.215, 890
1.175, 919
1.205, 910
1.2, 914
1.21, 925
1.19, 926
1.195, 927
1.28, 846
1.18, 960
1.185, 999
1.245, 920
1.255, 921
1.23, 921
1.27, 921
1.235, 921
1.265, 922
1.25, 922
1.24, 923
1.26, 923
1.225, 925
1.275, 925
1.29, 874
1.295, 925
1.3, 920
1.32, 920
1.305, 922
1.315, 924
1.31, 925
1.285, 977
1.335, 921
1.33, 939
1.325, 941
1.34, 924
1.355, 913
1.345, 920
1.35, 925
1.365, 870
1.36, 927
1.37, 921
1.375, 915
1.385, 917
1.38, 918
1.4, 922
1.395, 923
1.405, 883
1.39, 925
1.425, 923
1.415, 924
1.41, 925
1.42, 925
1.43, 928
1.445, 877
1.435, 924
1.59, 819
1.585, 820
1.595, 821
1.44, 923
1.52, 880
1.46, 912
1.465, 912
1.665, 826
1.515, 898
1.455, 931
1.48, 906
1.57, 884
1.45, 932
1.47, 933
1.475, 923
1.525, 902
1.62, 887
1.535, 918
1.54, 918
1.67, 880
1.555, 922
1.56, 923
1.565, 924
1.51, 953
1.505, 953
1.61, 914
1.615, 915
0.045, 2955
1.49, 958
0.035, 2955
1.715, 875
1.5, 958
1.485, 959
1.495, 960
0.04, 2966
1.545, 956
1.55, 960
1.65, 923
1.575, 945
1.605, 950
1.655, 929
1.6, 953
1.66, 933
1.58, 956
1.53, 976
1.72, 920
1.71, 921
1.695, 925
1.685, 925
1.705, 927
1.675, 927
1.7, 931
1.64, 953
1.635, 953
1.625, 955
1.75, 922
1.73, 923
1.755, 923
1.735, 924
1.74, 924
1.745, 925
1.69, 949
1.63, 968
1.815, 893
1.68, 959
1.78, 922
1.79, 922
1.795, 922
1.805, 923
1.8, 924
1.785, 924
1.76, 926
1.775, 927
1.765, 928
1.77, 928
1.725, 951
1.81, 921
1.82, 922
1.83, 913
1.825, 960
1.835, 920
1.85, 925
1.855, 926
1.845, 930
1.84, 932
1.885, 929
1.905, 926
1.89, 950
1.865, 972
1.88, 974
1.95, 853
1.86, 976
1.955, 854
1.875, 977
1.87, 977
1.915, 889
1.895, 971
1.9, 973
1.94, 888
1.945, 890
1.975, 857
1.91, 922
1.92, 923
1.925, 906
1.93, 907
1.935, 925
1.96, 922
1.965, 929
1.97, 961
2.01, 922
2.025, 870
2.015, 922
2.005, 923
1.99, 924
1.985, 924
1.995, 924
2.02, 928
1.98, 976
2, 978
2.035, 926
2.03, 957
2.06, 921
2.045, 923
2.04, 924
2.055, 924
2.05, 928
2.07, 922
2.065, 986
2.075, 922
2.085, 929
2.08, 931
2.095, 871
2.11, 920
2.1, 922
2.09, 924
2.105, 925
2.115, 926
2.15, 883
2.2, 820
2.205, 821
2.21, 825
2.12, 919
2.125, 921
2.13, 919
2.145, 922
2.165, 922
2.14, 924
2.135, 924
2.155, 924
2.16, 926
2.265, 830
2.195, 881
2.19, 922
2.18, 922
2.185, 923
2.17, 925
2.175, 928
2.255, 882
2.26, 887
2.215, 934
2.245, 892
2.24, 895
2.235, 906
2.28, 890
2.27, 899
2.25, 924
2.22, 924
2.23, 932
2.225, 935
2.275, 926
2.29, 920
2.295, 921
2.315, 923
2.32, 926
2.31, 928
2.37, 910
2.365, 914
2.305, 953
2.3, 955
2.285, 960
2.385, 924
2.405, 929
2.395, 932
2.41, 886
2.325, 955
2.39, 936
2.335, 961
2.345, 963
2.34, 964
2.33, 966
2.38, 953
2.375, 957
2.45, 926
2.415, 928
2.4, 977
2.485, 922
2.5, 923
2.47, 923
2.49, 923
2.505, 923
2.48, 924
2.475, 923
2.465, 924
2.46, 925
2.495, 925
2.44, 950
2.445, 952
2.435, 957
2.43, 956
2.455, 957
2.515, 922
2.51, 922
2.52, 923
2.535, 923
2.42, 962
2.525, 927
2.545, 927
2.55, 927
2.53, 928
2.425, 967
2.54, 929
2.555, 910
2.605, 857
2.61, 857
2.56, 925
2.585, 925
2.58, 928
2.57, 931
2.575, 931
2.565, 959
2.685, 856
2.59, 926
2.64, 894
2.595, 924
2.6, 927
2.675, 895
2.68, 898
2.66, 904
2.655, 905
2.63, 955
2.62, 955
2.615, 956
2.635, 956
2.665, 920
2.625, 961
2.67, 924
2.65, 956
2.645, 957
2.69, 925
2.705, 836
2.695, 923
2.7, 929
2.73, 917
2.735, 917
2.74, 921
2.725, 923
2.72, 923
2.715, 923
2.71, 960
2.745, 925
2.75, 912
2.76, 923
2.765, 924
2.755, 977
2.78, 917
2.785, 917
2.775, 918
2.79, 918
2.77, 963
2.795, 932
2.805, 922
2.9, 819
2.825, 904
2.83, 904
2.82, 905
2.835, 906
2.895, 822
2.81, 935
2.91, 821
2.815, 932
2.87, 878
2.885, 879
2.875, 879
2.865, 879
2.88, 880
2.8, 991
2.85, 920
2.855, 921
2.845, 924
2.84, 924
2.96, 827
2.905, 884
2.89, 926
2.86, 928
2.92, 921
2.915, 926
2.925, 917
2.95, 923
2.955, 923
2.94, 923
2.945, 924
2.935, 924
2.93, 924
3.005, 883
2.995, 896
2.99, 896
2.965, 924
2.97, 924
2.975, 924
2.985, 926
3.025, 888
2.98, 931
3, 912
3.015, 904
3.01, 921
3.03, 924
3.05, 924
3.045, 924
3.02, 958
3.035, 933
3.04, 933
3.065, 914
3.06, 920
3.085, 877
3.055, 923
3.08, 910
3.09, 924
3.075, 954
3.07, 956
3.105, 935
3.1, 953
3.095, 960
3.145, 925
3.135, 927
3.11, 953
3.13, 957
3.125, 960
3.195, 922
3.115, 964
3.175, 922
3.17, 923
3.185, 922
3.12, 966
3.19, 923
3.18, 924
3.165, 925
3.14, 954
3.3, 848
3.305, 848
3.23, 913
3.245, 921
3.235, 923
3.24, 924
3.15, 947
3.155, 951
3.16, 954
3.26, 921
3.275, 923
3.255, 923
3.27, 924
3.2, 945
3.265, 925
3.25, 926
3.28, 927
3.285, 928
3.29, 929
3.345, 848
3.225, 956
3.215, 958
3.22, 961
3.21, 965
3.205, 965
3.295, 923
1.645, 2966
3.32, 924
3.315, 925
3.31, 927
3.45, 824
3.41, 851
3.415, 854
3.405, 856
3.365, 900
3.375, 902
3.355, 902
3.34, 926
3.36, 906
3.335, 929
3.33, 932
3.395, 901
3.39, 903
3.38, 903
3.385, 905
3.35, 927
3.37, 930
3.325, 960
3.42, 923
3.4, 926
3.455, 922
3.44, 955
3.43, 955
3.435, 956
3.425, 956
3.495, 851
3.505, 852
3.5, 853
3.445, 959
3.47, 924
3.475, 926
3.465, 958
3.46, 959
3.52, 848
3.49, 924
3.485, 924
3.48, 927
3.525, 872
3.53, 873
3.535, 875
3.51, 925
3.56, 871
3.57, 873
3.565, 875
3.555, 877
3.515, 963
3.54, 921
3.545, 926
3.585, 844
3.63, 820
3.575, 938
3.69, 821
3.615, 866
3.61, 866
3.605, 867
3.62, 868
3.625, 868
3.55, 980
3.595, 874
3.58, 931
3.59, 919
3.645, 879
3.655, 879
3.66, 879
3.64, 879
3.65, 883
3.685, 887
3.6, 946
3.635, 932
3.68, 921
3.695, 923
3.665, 924
3.67, 926
3.7, 922
3.705, 927
3.71, 923
3.675, 993
3.715, 918
3.755, 881
3.74, 907
3.75, 920
3.72, 920
3.735, 923
3.77, 883
3.73, 925
3.725, 927
3.775, 885
3.745, 927
3.765, 894
3.76, 895
3.795, 922
3.8, 922
3.78, 923
3.785, 924
3.79, 924
3.81, 905
3.805, 933
3.825, 932
3.82, 932
3.83, 933
3.815, 933
3.835, 921
3.845, 914
3.85, 914
3.84, 924
3.895, 885
3.885, 909
3.875, 916
3.88, 919
3.855, 924
3.86, 924
3.87, 927
3.865, 929
3.91, 910
3.89, 928
3.905, 925
3.9, 925
3.915, 909
4.01, 857
4.005, 857
3.92, 924
3.935, 930
3.93, 954
3.925, 954
3.99, 896
4.08, 857
3.955, 928
3.96, 929
3.94, 952
3.995, 911
3.95, 953
4.18, 825
4.04, 913
3.945, 956
4.055, 921
4.045, 921
4.05, 921
4.03, 924
4.035, 924
4.06, 926
4.015, 931
3.965, 953
4.235, 822
4.23, 825
4.075, 915
3.985, 958
4.065, 918
3.975, 961
3.98, 961
4.07, 921
3.97, 964
4.105, 923
4.095, 923
4.09, 925
4.11, 924
4.17, 860
4.1, 926
4.085, 927
4.02, 953
4.025, 953
4.14, 923
4.13, 926
4.155, 926
4.15, 927
4.135, 927
4.145, 930
2.355, 2967
4.165, 920
2.35, 2968
4.16, 920
2.36, 2987
4.115, 962
4.24, 900
4.12, 961
4.19, 926
4.185, 926
4.125, 969
4.195, 929
4.22, 916
4.21, 919
4.215, 920
4.27, 899
4.265, 901
4.255, 904
4.25, 904
4.225, 926
4.2, 926
4.245, 928
4.205, 929
4.26, 927
4.275, 929
4.28, 931
4, 1089
4.29, 919
4.295, 926
4.285, 961
4.325, 922
4.305, 922
4.38, 879
4.315, 923
4.375, 879
4.32, 923
4.31, 924
4.35, 925
4.355, 926
4.39, 884
4.3, 956
4.335, 982
4.33, 985
4.385, 919
4.34, 985
4.405, 922
4.345, 989
4.395, 924
4.41, 924
4.4, 925
4.37, 984
4.36, 984
4.425, 920
4.42, 923
4.365, 989
4.415, 927
4.43, 927
4.445, 920
4.44, 923
4.435, 924
4.455, 886
4.49, 824
4.46, 885
4.53, 818
4.51, 833
4.505, 834
4.515, 835
4.52, 836
4.525, 836
4.485, 874
4.45, 960
4.48, 919
4.465, 942
4.475, 920
4.54, 914
4.535, 916
4.495, 920
4.545, 881
4.5, 935
4.47, 978
4.575, 875
4.55, 936
4.555, 921
4.56, 923
4.57, 930
4.615, 823
4.565, 934
4.58, 921
4.59, 909
4.585, 922
4.605, 881
4.61, 896
4.65, 885
4.655, 885
4.74, 814
4.6, 924
4.63, 905
4.635, 923
4.625, 924
4.645, 924
4.62, 925
4.64, 926
4.66, 905
4.665, 905
4.75, 819
4.595, 990
4.67, 905
4.685, 921
4.68, 923
4.695, 923
4.7, 924
4.69, 927
4.675, 933
4.745, 875
4.73, 898
4.735, 899
4.71, 931
4.715, 934
4.705, 934
4.72, 935
4.755, 897
4.835, 832
4.725, 925
4.84, 850
4.845, 852
4.785, 899
4.775, 921
4.765, 923
4.805, 906
4.77, 928
4.76, 932
4.78, 922
4.82, 900
4.79, 924
4.795, 925
4.825, 903
4.81, 925
4.83, 906
4.88, 850
4.815, 921
4.8, 970
4.85, 921
4.875, 903
4.935, 837
4.86, 929
4.855, 939
4.9, 902
4.91, 896
4.89, 927
4.87, 953
4.865, 954
4.895, 934
4.93, 921
4.975, 897
4.92, 923
4.925, 923
4.885, 953
4.945, 915
4.98, 924
4.915, 952
4.905, 954
5, 913
4.95, 940
5.025, 921
4.985, 922
5.015, 925
5.005, 925
5.03, 927
5.02, 928
5.01, 926
4.94, 954
4.97, 962
4.96, 962
5.06, 921
4.965, 965
5.065, 922
5.07, 922
5.04, 922
5.075, 922
5.08, 923
4.955, 967
5.05, 925
5.11, 904
5.055, 927
4.995, 950
4.99, 951
5.115, 922
5.1, 924
5.12, 902
5.16, 904
5.155, 904
5.125, 905
5.105, 928
5.045, 958
5.035, 956
5.13, 914
5.135, 916
5.14, 919
5.145, 924
5.15, 932
5.09, 960
5.085, 962
5.165, 924
5.095, 969
5.21, 864
5.215, 864
5.17, 935
5.185, 903
5.18, 926
5.175, 932
5.19, 921
5.2, 924
5.195, 925
5.23, 922
5.25, 923
5.235, 923
5.245, 923
5.24, 924
5.225, 924
5.27, 902
5.22, 924
5.265, 918
5.255, 920
5.275, 923
5.26, 925
5.205, 966
5.285, 907
5.29, 924
5.33, 925
5.32, 925
5.375, 819
5.38, 819
5.315, 927
5.28, 951
5.325, 929
5.39, 823
5.34, 924
5.335, 927
5.365, 925
5.345, 952
5.435, 820
5.31, 978
5.3, 978
5.295, 979
5.42, 847
5.415, 848
5.425, 848
5.43, 848
5.305, 980
5.37, 918
5.405, 851
5.41, 852
5.355, 980
5.36, 981
5.385, 899
5.35, 982
5.465, 822
5.47, 828
5.4, 900
5.395, 928
5.46, 868
5.455, 868
5.45, 869
5.49, 881
5.44, 905
5.445, 906
5.535, 822
5.485, 913
5.48, 913
5.475, 920
5.495, 925
5.505, 926
5.555, 881
5.51, 914
5.515, 921
5.525, 922
5.53, 922
5.52, 925
5.57, 881
5.65, 818
5.61, 825
5.56, 923
5.59, 882
5.5, 977
5.54, 936
5.6, 892
5.595, 894
5.565, 919
5.575, 924
5.55, 949
5.545, 952
5.615, 872
5.62, 873
5.585, 921
5.58, 922
5.605, 904
5.66, 874
5.635, 919
5.665, 875
5.75, 825
5.67, 876
5.655, 902
5.645, 926
5.64, 927
5.755, 837
5.625, 934
5.63, 936
5.69, 904
5.7, 905
5.705, 906
5.695, 908
5.685, 907
5.715, 890
5.77, 865
5.765, 866
5.72, 895
5.71, 906
5.68, 933
5.76, 889
5.675, 951
5.735, 931
5.725, 931
5.74, 933
5.84, 818
5.73, 940
5.815, 871
5.805, 896
5.8, 899
5.775, 919
5.78, 920
5.785, 921
5.81, 914
5.845, 872
5.795, 950
5.79, 952
5.82, 931
5.86, 888
5.83, 922
5.825, 927
5.87, 883
5.85, 907
5.745, 1003
5.835, 913
5.855, 920
5.9, 898
5.865, 929
5.895, 925
5.89, 925
5.92, 903
5.93, 923
5.925, 923
5.945, 904
5.935, 927
5.875, 952
5.88, 955
5.885, 960
5.95, 926
5.975, 901
5.91, 951
5.905, 952
5.915, 952
6.045, 899
5.97, 922
5.965, 922
5.98, 923
6.005, 923
5.96, 926
5.955, 950
5.995, 927
5.94, 951
5.985, 927
5.99, 927
6.065, 894
6.06, 894
6.08, 898
6.01, 922
6.085, 900
6.055, 928
6.05, 929
6.155, 867
6.15, 868
6.075, 927
6.04, 949
6.07, 928
6.105, 904
6.11, 905
6.035, 953
6.1, 906
6.03, 958
6.02, 960
6.015, 962
6.025, 961
6.125, 924
6.135, 925
6, 1001
6.13, 940
6.195, 900
6.18, 923
6.165, 923
6.185, 923
6.12, 951
6.09, 954
6.115, 954
6.17, 931
6.175, 935
6.095, 960
6.205, 919
6.32, 818
6.325, 820
6.21, 912
6.35, 822
6.16, 956
6.14, 958
6.2, 943
6.215, 923
6.145, 966
6.225, 925
6.22, 926
6.23, 904
6.19, 952
6.25, 921
6.265, 923
6.26, 923
6.255, 923
6.245, 923
6.24, 923
6.235, 924
6.385, 818
6.285, 922
6.29, 923
6.28, 923
6.275, 924
6.27, 924
6.295, 923
6.315, 922
6.31, 923
6.3, 923
6.305, 927
6.46, 821
6.455, 822
4.175, 2967
6.355, 920
6.36, 922
6.365, 922
6.345, 925
6.335, 952
6.34, 956
6.445, 873
6.45, 874
6.44, 875
6.395, 921
6.33, 964
6.37, 923
6.375, 924
6.38, 924
6.42, 907
6.4, 939
6.39, 952
6.48, 873
6.49, 873
6.47, 897
6.465, 920
6.485, 876
6.41, 977
6.405, 979
6.415, 979
6.545, 827
6.5, 889
6.435, 976
6.43, 978
6.505, 892
6.425, 980
6.525, 872
6.475, 934
6.495, 925
6.52, 908
6.51, 919
6.515, 920
6.535, 911
6.57, 825
6.53, 939
6.54, 917
6.56, 873
6.55, 921
6.585, 873
6.605, 873
6.555, 920
6.565, 925
6.625, 887
6.615, 894
6.595, 921
6.58, 922
6.64, 882
6.59, 942
6.665, 876
6.67, 877
6.62, 925
6.575, 957
6.61, 941
6.645, 924
6.66, 919
6.655, 920
6.7, 875
6.695, 877
6.69, 877
6.65, 922
6.635, 955
6.63, 958
6.685, 893
6.745, 861
6.74, 862
6.77, 818
6.6, 998
6.675, 924
6.715, 924
6.72, 924
6.68, 929
6.705, 933
6.725, 916
6.71, 938
6.795, 859
6.73, 917
6.735, 933
6.755, 933
6.76, 933
6.78, 915
6.765, 936
6.785, 919
6.775, 922
6.815, 879
6.75, 951
6.79, 931
6.835, 883
6.82, 922
6.81, 923
6.8, 951
6.805, 952
6.875, 886
6.85, 925
6.83, 949
6.845, 926
6.825, 952
6.87, 921
6.84, 947
6.865, 925
6.86, 929
6.885, 920
6.88, 925
6.895, 918
6.9, 922
6.89, 948
6.92, 901
6.91, 901
6.905, 924
6.93, 923
6.935, 924
6.925, 926
6.955, 917
6.99, 898
6.855, 1019
6.95, 924
6.915, 956
7.03, 897
6.98, 923
7.035, 900
7.005, 923
6.975, 924
6.97, 924
6.965, 925
6.995, 926
6.94, 953
6.945, 953
7, 929
7.16, 821
7.07, 896
7.06, 897
7.04, 920
7.05, 920
7.045, 920
7.055, 921
7.065, 900
7.01, 923
6.985, 953
6.96, 953
7.185, 821
7.19, 826
7.085, 926
7.09, 927
7.015, 951
7.025, 952
7.02, 954
7.225, 822
7.12, 923
7.075, 951
7.115, 927
7.08, 952
7.125, 927
7.145, 925
7.15, 927
7.135, 929
7.14, 931
7.11, 958
7.155, 937
7.1, 962
7.095, 964
7.105, 966
7.18, 922
7.175, 923
7.17, 930
7.13, 956
7.205, 924
7.195, 925
7.21, 929
7.165, 957
7.2, 940
7.255, 922
7.245, 921
7.215, 922
7.235, 923
7.22, 923
7.26, 924
7.23, 923
7.25, 923
7.24, 924
7.275, 877
7.28, 877
7.285, 877
7.265, 925
7.27, 925
7.295, 917
7.29, 943
7.3, 921
7.305, 888
7.315, 920
7.33, 874
7.32, 875
7.325, 876
7.31, 926
7.4, 854
7.405, 856
7.44, 826
7.335, 925
7.435, 828
7.375, 923
7.38, 923
7.36, 925
7.345, 925
7.365, 925
7.35, 926
7.355, 927
7.37, 928
7.385, 904
7.45, 856
7.34, 932
7.415, 924
7.43, 925
7.41, 926
7.42, 926
7.425, 926
7.395, 957
7.39, 958
7.445, 921
7.46, 934
7.455, 936
7.465, 939
7.49, 933
7.485, 934
7.48, 938
7.47, 952
7.475, 952
7.495, 924
7.5, 900
7.575, 831
7.57, 839
7.505, 954
7.655, 821
7.525, 919
7.54, 921
7.545, 921
7.55, 922
7.53, 924
7.535, 924
7.52, 924
7.51, 927
7.555, 926
7.515, 951
7.565, 920
7.585, 920
7.595, 920
7.59, 921
7.56, 922
7.605, 952
7.6, 953
7.58, 954
7.66, 924
7.665, 926
7.67, 926
7.615, 952
7.62, 953
7.61, 954
7.625, 955
7.695, 922
7.69, 923
7.7, 927
7.705, 942
7.68, 956
7.685, 956
7.675, 971
7.715, 923
7.72, 924
7.71, 939
7.735, 879
7.73, 879
7.725, 881
7.775, 925
7.77, 925
7.78, 928
7.745, 932
7.755, 933
7.74, 932
7.75, 934
7.765, 937
7.76, 937
7.785, 927
7.85, 888
7.815, 922
7.8, 928
7.805, 930
7.79, 930
7.795, 930
7.81, 930
7.82, 925
7.825, 927
7.845, 927
7.84, 928
7.835, 928
7.83, 928
7.895, 926
7.89, 926
7.855, 926
7.865, 926
7.875, 926
7.88, 927
7.885, 928
7.87, 928
7.86, 929
7.9, 931
7.91, 922
7.905, 927
7.925, 926
7.92, 927
7.915, 929
7.95, 922
7.945, 926
7.94, 952
7.935, 953
7.93, 956
7.96, 926
7.955, 926
7.965, 875
7.99, 876
7.97, 924
7.975, 927
7.98, 923
8.005, 925
8.025, 925
7.995, 925
8.015, 927
8.01, 927
8.02, 928
7.985, 929
8.03, 879
8.035, 922
8.045, 923
8.04, 923
8.11, 835
8.105, 835
8.085, 922
8.08, 923
8.05, 923
8.075, 926
8.07, 926
8.065, 930
8.06, 930
8.095, 930
8.09, 930
8.055, 931
8, 1049
8.13, 886
8.125, 923
8.14, 924
8.145, 924
8.135, 925
8.1, 929
8.15, 910
8.115, 936
8.12, 939
8.18, 925
8.16, 928
8.235, 881
8.23, 922
8.2, 922
8.205, 924
8.22, 924
8.215, 925
8.21, 926
8.17, 950
8.165, 950
8.175, 951
8.225, 928
8.195, 934
8.185, 935
8.19, 940
8.155, 967
8.245, 921
8.24, 922
8.335, 828
8.275, 921
8.27, 924
8.255, 955
8.25, 957
8.26, 963
8.365, 827
8.29, 923
8.3, 925
8.295, 925
8.28, 933
8.285, 933
8.265, 962
8.305, 909
8.325, 922
8.33, 923
8.32, 927
8.345, 921
8.315, 960
8.39, 882
8.31, 964
8.355, 921
8.36, 936
8.395, 910
8.34, 979
8.35, 958
8.375, 978
8.38, 980
8.37, 980
8.405, 900
8.385, 980
8.415, 925
8.41, 931
8.425, 922
8.4, 954
8.42, 927
8.435, 899
8.45, 868
8.47, 868
8.46, 869
8.445, 870
8.455, 870
8.465, 873
8.44, 931
8.43, 965
8.485, 894
8.48, 922
8.505, 911
8.5, 913
8.495, 934
8.49, 937
8.52, 922
8.475, 979
8.555, 921
8.575, 895
8.55, 923
8.57, 899
8.51, 954
8.515, 957
8.59, 922
8.585, 924
8.545, 952
8.535, 954
8.53, 955
8.54, 958
8.58, 932
8.525, 973
8.635, 872
8.565, 953
8.63, 874
8.56, 957
8.605, 925
8.6, 927
8.65, 872
8.645, 875
8.595, 933
8.61, 934
8.625, 942
8.62, 951
8.615, 956
8.64, 921
8.655, 931
8.66, 932
8.785, 824
8.78, 829
7.645, 2979
7.65, 2979
8.665, 946
7.64, 2985
7.635, 2987
8.75, 869
8.815, 822
8.825, 822
8.74, 871
8.82, 825
7.63, 2991
8.7, 920
8.71, 924
8.705, 925
8.695, 925
8.68, 928
8.67, 928
8.69, 928
8.685, 929
8.675, 936
8.735, 924
8.72, 931
8.745, 934
8.81, 924
8.765, 925
8.805, 925
8.77, 926
8.8, 931
8.755, 957
8.76, 958
8.795, 935
8.725, 959
8.945, 843
8.87, 868
8.85, 920
8.83, 922
8.855, 923
8.845, 923
8.84, 925
8.835, 928
8.79, 954
8.96, 835
8.97, 842
8.775, 970
8.86, 924
8.73, 1007
8.95, 890
9.02, 844
9.035, 818
8.915, 921
8.885, 924
8.91, 923
8.875, 925
8.905, 925
8.89, 927
8.865, 953
8.88, 929
8.9, 929
8.895, 930
8.935, 925
8.93, 927
8.92, 927
9.005, 879
8.965, 923
8.985, 925
8.98, 925
8.99, 926
8.955, 927
8.975, 927
8.94, 957
8.925, 959
8.995, 912
9.025, 925
9.17, 824
9.06, 905
9.015, 936
9.01, 943
9, 944
9.185, 822
9.055, 924
9.07, 925
9.03, 926
9.065, 926
9.075, 930
9.095, 881
9.09, 919
9.08, 920
9.05, 951
9.04, 952
9.045, 953
9.115, 903
9.085, 937
9.12, 930
9.1, 930
9.105, 931
9.15, 924
9.16, 926
9.165, 929
9.11, 955
9.125, 931
9.135, 939
9.19, 922
9.345, 820
9.21, 901
9.195, 925
9.2, 926
9.155, 951
9.205, 928
9.13, 953
9.14, 954
9.145, 954
9.25, 920
9.255, 924
9.235, 924
9.24, 925
9.375, 821
9.38, 821
9.285, 872
9.18, 953
9.245, 931
9.22, 931
9.215, 931
9.275, 921
9.28, 926
9.26, 927
9.225, 953
9.265, 929
9.23, 954
9.27, 946
9.33, 921
9.34, 902
9.29, 929
9.31, 929
9.3, 934
9.305, 935
9.355, 923
9.325, 947
9.32, 951
9.315, 955
9.335, 937
9.295, 965
9.365, 947
9.41, 921
9.36, 947
9.405, 922
9.415, 898
9.39, 923
9.385, 925
9.395, 945
9.4, 947
9.42, 926
9.35, 979
9.37, 958
9.46, 923
9.45, 923
9.455, 930
9.48, 910
9.51, 868
9.515, 868
9.53, 870
9.52, 870
9.485, 898
9.525, 873
9.505, 874
9.475, 927
9.445, 954
9.44, 980
9.435, 980
9.43, 981
9.425, 980
9.47, 950
9.465, 954
9.495, 933
9.49, 933
9.5, 920
9.535, 926
9.545, 920
9.58, 896
9.55, 924
9.555, 901
9.59, 920
9.565, 922
9.585, 924
9.56, 926
9.54, 955
9.63, 864
9.575, 953
9.57, 957
9.595, 932
9.625, 917
9.62, 922
9.615, 922
9.61, 926
9.64, 901
9.635, 902
9.605, 943
9.67, 923
9.655, 925
9.66, 926
9.74, 876
9.665, 927
9.735, 876
9.675, 931
9.68, 912
9.65, 945
9.7, 921
9.6, 971
9.695, 926
9.75, 876
9.645, 955
9.755, 880
9.725, 923
9.685, 953
9.69, 954
9.73, 928
9.745, 924
9.71, 953
9.715, 958
9.875, 819
9.87, 819
9.72, 968
9.865, 824
9.76, 925
9.765, 934
9.785, 937
9.78, 940
9.905, 820
9.8, 921
9.825, 922
9.815, 922
9.81, 922
9.82, 922
9.795, 923
9.705, 999
9.805, 924
9.77, 952
9.775, 954
9.79, 944
9.895, 896
9.85, 922
9.84, 931
9.845, 933
9.94, 895
9.965, 877
9.855, 930
9.9, 936
9.91, 911
9.93, 923
9.86, 949
9.945, 924
9.915, 925
9.95, 926
9.92, 929
9.925, 930
9.955, 912
9.97, 925
9.96, 928
9.98, 932
9.935, 955
9.985, 912
9.975, 966
9.99, 953
9.995, 954
10, 969
8.715, 2981
9.175, 2966
9.83, 2982
9.835, 2982
9.89, 2976
9.885, 2982
9.88, 2984
