0.005, 0.0954567, 0.00912777, 8.38753e-05
0.03, 0.0592051, 0.00443344, 3.45628e-05
0.025, 0.403325, 0.16346, 0.0270525
0.09, 0.373649, 0.1406, 0.0202782
0.095, 0.358524, 0.130391, 0.0177493
0.05, 0.407867, 0.166365, 0.0276832
0.035, 0.0592989, 0.00454182, 4.39061e-05
0.01, 0.182616, 0.0334231, 0.0011275
0.045, 0.408121, 0.166566, 0.0277463
0.065, 0.404702, 0.163876, 0.0269119
0.055, 0.384467, 0.155202, 0.0257157
0.17, 0.0866913, 0.00961773, 0.000183847
0.18, 0.0804664, 0.00837947, 0.000147
0.185, 0.0777358, 0.0078014, 0.00012675
0.165, 0.0901282, 0.0103864, 0.000213141
0.04, 0.163274, 0.0529882, 0.00834754
0.175, 0.0831972, 0.00890052, 0.000161147
0.02, 0.19638, 0.0398353, 0.00173157
0.135, 0.125853, 0.0195153, 0.000680431
0.13, 0.132963, 0.0218309, 0.000854718
0.1, 0.329321, 0.113958, 0.0143723
0.015, 0.0796887, 0.00643972, 4.31331e-05
0.22, 0.0632063, 0.00517404, 5.73274e-05
0.08, 0.392141, 0.154223, 0.0240407
0.075, 0.397373, 0.158381, 0.025291
0.085, 0.384046, 0.14817, 0.0223254
0.11, 0.265652, 0.0812376, 0.00853412
0.145, 0.111828, 0.0152666, 0.000397938
0.14, 0.118061, 0.017015, 0.000499889
0.15, 0.106442, 0.013982, 0.000346259
0.115, 0.18322, 0.0416968, 0.00305243
0.07, 0.402005, 0.161775, 0.0262718
0.2, 0.0708034, 0.00648708, 8.8617e-05
0.195, 0.0728954, 0.00689365, 0.000100508
0.215, 0.0649582, 0.00548435, 6.4943e-05
0.16, 0.0940115, 0.011249, 0.000246537
0.155, 0.0993715, 0.0125213, 0.000300599
0.105, 0.294044, 0.0958741, 0.0111083
0.33, 0.0444373, 0.00252445, 1.29648e-05
0.25, 0.0550835, 0.00392554, 3.29382e-05
0.245, 0.0560589, 0.00407347, 3.55139e-05
0.335, 0.0441269, 0.00249823, 1.28918e-05
0.19, 0.0750713, 0.00725538, 0.000107668
0.275, 0.0507915, 0.00333357, 2.35842e-05
0.06, 0.404462, 0.164265, 0.0271553
0.24, 0.0575806, 0.00428902, 3.909e-05
0.235, 0.0590989, 0.0045105, 4.30318e-05
0.35, 0.0429448, 0.0023674, 1.15956e-05
0.29, 0.0486721, 0.00305164, 1.96125e-05
0.21, 0.0667336, 0.00576107, 7.05203e-05
0.205, 0.0685084, 0.00608134, 7.8374e-05
0.345, 0.043325, 0.00240969, 1.18725e-05
0.34, 0.0436112, 0.00244297, 1.23555e-05
0.36, 0.0423759, 0.0023009, 1.08564e-05
0.225, 0.0615093, 0.00488892, 5.04961e-05
0.23, 0.0598762, 0.00464229, 4.60415e-05
0.395, 0.0405549, 0.00210267, 8.99347e-06
0.4, 0.0402483, 0.00206782, 8.64124e-06
0.375, 0.0412855, 0.00218071, 9.76271e-06
0.27, 0.051448, 0.00341464, 2.46587e-05
0.28, 0.0501131, 0.00323007, 2.1698e-05
0.285, 0.0490135, 0.00310035, 2.01886e-05
0.26, 0.0531967, 0.00365514, 2.82661e-05
0.425, 0.0393991, 0.00198545, 8.02935e-06
0.415, 0.0397891, 0.00202339, 8.31804e-06
0.41, 0.0400237, 0.00204989, 8.58223e-06
0.32, 0.0451547, 0.00262732, 1.43953e-05
0.42, 0.0395922, 0.00200761, 8.19955e-06
0.43, 0.0393404, 0.00197983, 7.94654e-06
0.44, 0.0389348, 0.00193606, 7.5791e-06
0.325, 0.0449054, 0.00259468, 1.39562e-05
0.435, 0.0390208, 0.00194682, 7.68613e-06
0.445, 0.0387272, 0.00191852, 7.48725e-06
0.315, 0.0456401, 0.00267642, 1.48676e-05
0.365, 0.0418669, 0.00224422, 1.02486e-05
0.37, 0.04172, 0.00222747, 1.00795e-05
0.39, 0.0407965, 0.0021305, 9.30009e-06
0.385, 0.0411228, 0.0021633, 9.53254e-06
0.355, 0.0427681, 0.00235189, 1.14049e-05
0.31, 0.0462727, 0.00274713, 1.55097e-05
0.305, 0.0469917, 0.00284569, 1.69845e-05
0.265, 0.0520511, 0.00349601, 2.57503e-05
0.38, 0.0411733, 0.00217243, 9.6234e-06
0.45, 0.0386847, 0.00191498, 7.43433e-06
0.505, 0.0373917, 0.00178768, 6.45528e-06
0.295, 0.0478848, 0.00295176, 1.83005e-05
0.255, 0.0541827, 0.00379011, 3.03257e-05
0.3, 0.0471799, 0.00287391, 1.7355e-05
0.405, 0.039987, 0.00204853, 8.55439e-06
0.47, 0.0382741, 0.00187098, 7.07266e-06
0.475, 0.0381088, 0.00185768, 6.94743e-06
0.46, 0.0385069, 0.00189342, 7.21524e-06
0.49, 0.0376303, 0.00181049, 6.62233e-06
0.485, 0.0378432, 0.00182997, 6.72401e-06
0.48, 0.038091, 0.00185802, 7.03082e-06
0.5, 0.0376463, 0.00180326, 6.4934e-06
0.495, 0.0378475, 0.00182837, 6.7338e-06
0.54, 0.0408314, 0.00243393, 2.3095e-05
0.515, 0.0373521, 0.00177615, 6.31442e-06
0.535, 0.0370769, 0.00175327, 6.15292e-06
0.465, 0.0383339, 0.0018782, 7.14357e-06
0.52, 0.0371833, 0.0017658, 6.28962e-06
0.525, 0.0372204, 0.00176963, 6.32532e-06
0.585, 0.0363655, 0.00168905, 5.76033e-06
0.455, 0.0384773, 0.00189246, 7.26388e-06
0.61, 0.0362445, 0.00167417, 5.62522e-06
0.605, 0.0361118, 0.00166429, 5.55336e-06
0.595, 0.0364513, 0.00169382, 5.74764e-06
0.6, 0.0362139, 0.00167242, 5.60666e-06
0.57, 0.0365745, 0.00170822, 5.85957e-06

0.55, 0.036833, 0.00173096, 6.04238e-06
0.58, 0.0365259, 0.0017009, 5.81131e-06
0.575, 0.036709, 0.00171667, 5.89911e-06
0.565, 0.0367583, 0.00172113, 5.92434e-06
0.56, 0.0366007, 0.00170772, 5.83394e-06
0.51, 0.0375391, 0.00179706, 6.47667e-06
0.555, 0.036609, 0.00171176, 5.93989e-06
0.615, 0.0360993, 0.00166193, 5.54283e-06
0.62, 0.0361345, 0.00166902, 5.61226e-06
0.59, 0.0362537, 0.00167642, 5.63455e-06
0.625, 0.0361598, 0.00166625, 5.56931e-06
0.63, 0.0359682, 0.00165121, 5.46684e-06
0.64, 0.0359609, 0.0016536, 5.53606e-06
0.65, 0.0358979, 0.0016427, 5.40501e-06
0.645, 0.0359449, 0.00164672, 5.44398e-06
0.655, 0.0358063, 0.00163637, 5.38537e-06
0.635, 0.0359305, 0.00164734, 5.45366e-06
0.665, 0.0357052, 0.00162706, 5.33183e-06
0.66, 0.0358172, 0.0016363, 5.37601e-06
0.67, 0.0357631, 0.00163229, 5.384e-06
0.685, 0.0357262, 0.00162535, 5.29232e-06
0.68, 0.0356237, 0.00161908, 5.25785e-06
0.675, 0.0358177, 0.00163672, 5.38358e-06
0.695, 0.0355402, 0.00161092, 5.19869e-06
0.69, 0.0357855, 0.00163216, 5.34824e-06
0.7, 0.0357237, 0.00162368, 5.24479e-06
0.705, 0.0355726, 0.00161603, 5.27301e-06
0.72, 0.0355402, 0.00161068, 5.23141e-06
0.71, 0.0353247, 0.00159718, 5.1828e-06
0.715, 0.035521, 0.00160867, 5.19097e-06
0.73, 0.0354262, 0.00159928, 5.13164e-06
0.74, 0.0353941, 0.00159896, 5.13494e-06
0.735, 0.0356728, 0.00161995, 5.25584e-06
0.725, 0.035529, 0.00160544, 5.14876e-06
0.745, 0.0352311, 0.00158149, 5.02229e-06
0.755, 0.0353869, 0.00159716, 5.10767e-06
0.75, 0.0354733, 0.00160331, 5.14441e-06
0.84, 0.0351703, 0.00157566, 4.98701e-06
0.81, 0.0351994, 0.00158122, 5.00798e-06
0.815, 0.0351112, 0.0015752, 5.01349e-06
0.825, 0.0353654, 0.00159532, 5.10103e-06
0.82, 0.0351713, 0.00157621, 4.97536e-06
0.83, 0.0351805, 0.00157925, 5.01013e-06
0.765, 0.0352334, 0.00158429, 5.03367e-06
0.79, 0.0351334, 0.00157626, 5.02539e-06
0.76, 0.0353943, 0.00159698, 5.11038e-06
0.77, 0.0355313, 0.0016077, 5.15879e-06
0.88, 0.0350675, 0.00156918, 4.92734e-06
0.87, 0.035038, 0.00156676, 4.9496e-06
0.875, 0.0351704, 0.00158057, 5.06372e-06
0.775, 0.0354473, 0.00160157, 5.14364e-06
0.785, 0.0353412, 0.00159333, 5.0972e-06
0.975, 0.0349153, 0.00155309, 4.84822e-06
0.98, 0.0350315, 0.00156478, 4.94322e-06
0.845, 0.0351069, 0.00157342, 4.97279e-06
0.795, 0.03529, 0.00158914, 5.07391e-06
0.8, 0.0353654, 0.00159385, 5.09025e-06
0.96, 0.0349364, 0.00155539, 4.84559e-06
0.78, 0.0351496, 0.00157428, 4.94788e-06
0.955, 0.0351193, 0.00157025, 4.9417e-06
0.805, 0.0351598, 0.00157588, 4.97546e-06
0.91, 0.0349447, 0.00155784, 4.84829e-06
0.855, 0.0350427, 0.00156961, 4.99326e-06
1, 0.034816, 0.0015469, 4.80595e-06
1.015, 0.0349191, 0.00155557, 4.86912e-06
0.85, 0.0351807, 0.00157536, 4.96174e-06
1.01, 0.0350819, 0.00156801, 4.9192e-06
0.835, 0.0351506, 0.00157866, 4.99656e-06
0.965, 0.035013, 0.00156354, 4.90997e-06
0.905, 0.0350977, 0.00157097, 4.95382e-06
0.915, 0.035037, 0.0015687, 4.96223e-06
0.93, 0.0350601, 0.00156561, 4.91213e-06
1.005, 0.0347674, 0.00154652, 4.8446e-06
0.9, 0.0349395, 0.00155736, 4.84868e-06
0.895, 0.0350046, 0.00156409, 4.9287e-06
0.925, 0.0348284, 0.00154672, 4.80433e-06
0.89, 0.0350046, 0.00155751, 4.84042e-06
0.92, 0.0349663, 0.00156086, 4.91106e-06
0.885, 0.0351836, 0.00157395, 4.91692e-06
1.035, 0.0349361, 0.00155269, 4.78949e-06
0.995, 0.0349207, 0.00154989, 4.80506e-06
1.05, 0.0349046, 0.00155061, 4.78453e-06
1.045, 0.0348729, 0.00154693, 4.77807e-06
1.03, 0.0350641, 0.00156444, 4.86222e-06
1.025, 0.0349757, 0.00156057, 4.89878e-06
0.86, 0.0350516, 0.00156359, 4.87068e-06
0.865, 0.0350171, 0.0015633, 4.89981e-06
0.95, 0.0348921, 0.00155538, 4.87189e-06
0.945, 0.0348947, 0.00155395, 4.84776e-06
1.04, 0.0350113, 0.00156008, 4.84638e-06
0.97, 0.0348419, 0.00154814, 4.81889e-06
0.985, 0.0349263, 0.00155821, 4.87673e-06
0.94, 0.0349241, 0.00155551, 4.83545e-06
1.1, 0.0350252, 0.00155908, 4.83557e-06
1.095, 0.0349938, 0.00155696, 4.8327e-06
1.075, 0.0349142, 0.00155564, 4.8636e-06
1.09, 0.0348678, 0.0015469, 4.76231e-06
0.935, 0.0350197, 0.00156259, 4.88932e-06
1.12, 0.0349069, 0.00155367, 4.85721e-06
1.02, 0.034937, 0.00155526, 4.84365e-06
1.115, 0.0350385, 0.00156359, 4.88235e-06
1.15, 0.0350036, 0.00155975, 4.83452e-06
1.16, 0.0349046, 0.00155392, 4.85747e-06
1.2, 0.0348681, 0.0015487, 4.81619e-06
1.13, 0.0348667, 0.00154872, 4.79563e-06
1.135, 0.0348919, 0.00155387, 4.86385e-06
1.08, 0.0348799, 0.00155117, 4.8549e-06
1.085, 0.0348309, 0.00154939, 4.81452e-06
1.165, 0.0347903, 0.001543, 4.76309e-06
1.06, 0.0349808, 0.00155729, 4.86326e-06
1.055, 0.0348226, 0.00154287, 4.74952e-06
1.07, 0.0349474, 0.00155462, 4.82339e-06
1.19, 0.0349516, 0.00155645, 4.86738e-06
1.065, 0.0348802, 0.00155211, 4.85011e-06
1.195, 0.0349226, 0.00155338, 4.85357e-06
1.145, 0.0348555, 0.00154763, 4.78194e-06
1.185, 0.0349056, 0.00155405, 4.85122e-06
1.14, 0.0348473, 0.00154889, 4.82102e-06
1.11, 0.0348779, 0.00155248, 4.88114e-06
1.125, 0.0349214, 0.00155521, 4.84084e-06
1.105, 0.0348743, 0.00154969, 4.79764e-06
0.99, 0.0350953, 0.00156703, 4.91973e-06
1.17, 0.0347775, 0.00153991, 4.73288e-06
1.22, 0.0347805, 0.00154309, 4.77807e-06
1.215, 0.0348919, 0.00155458, 4.88804e-06
1.155, 0.0349192, 0.00155065, 4.79469e-06
1.23, 0.0348159, 0.001542, 4.73741e-06
1.205, 0.0348639, 0.00154683, 4.79379e-06
1.27, 0.0347814, 0.00154381, 4.79253e-06
1.275, 0.0348058, 0.00154531, 4.82228e-06
1.305, 0.0348575, 0.00154584, 4.76443e-06
1.31, 0.0349554, 0.00155775, 4.88462e-06
1.315, 0.0348804, 0.00155044, 4.84752e-06
1.175, 0.0348842, 0.00155288, 4.84862e-06
1.18, 0.0348988, 0.00155145, 4.82847e-06
1.21, 0.0348419, 0.00155184, 4.84492e-06
1.25, 0.0348293, 0.0015454, 4.78999e-06
1.24, 0.0349265, 0.00155431, 4.80784e-06
1.235, 0.0348584, 0.00155078, 4.84891e-06
1.26, 0.0349615, 0.00155504, 4.78799e-06
1.325, 0.0348514, 0.00154554, 4.79183e-06
1.245, 0.0348539, 0.00154615, 4.79309e-06
1.265, 0.0349117, 0.00154722, 4.74457e-06
1.225, 0.0348473, 0.00154552, 4.76101e-06
1.32, 0.034935, 0.0015529, 4.80768e-06
1.285, 0.0347895, 0.00154258, 4.80629e-06
1.28, 0.0347936, 0.00154387, 4.76769e-06
1.29, 0.0348776, 0.00154886, 4.79461e-06
1.3, 0.0348611, 0.00155007, 4.82337e-06
1.33, 0.0348018, 0.00154232, 4.74091e-06
1.295, 0.0347899, 0.00154403, 4.78913e-06
1.255, 0.034853, 0.00154824, 4.78145e-06
1.37, 0.0348168, 0.00154465, 4.7926e-06
1.35, 0.0349278, 0.00155438, 4.80941e-06
1.355, 0.0348169, 0.00154834, 4.83781e-06
1.34, 0.0347931, 0.00154874, 4.8503e-06
1.365, 0.0348893, 0.0015514, 4.8309e-06
1.36, 0.0349577, 0.00155652, 4.85935e-06
1.335, 0.0347211, 0.00153832, 4.76994e-06
1.345, 0.0347506, 0.00154138, 4.77733e-06
1.375, 0.0350008, 0.00156216, 4.87719e-06
1.415, 0.034731, 0.00153973, 4.80036e-06
1.425, 0.034924, 0.00155197, 4.80647e-06
1.42, 0.0349376, 0.0015515, 4.78257e-06
1.395, 0.0348961, 0.00154711, 4.74431e-06
1.39, 0.0348238, 0.00154495, 4.77701e-06
1.4, 0.0347383, 0.00153743, 4.737e-06
1.41, 0.034885, 0.001552, 4.8436e-06
1.385, 0.0348334, 0.00154362, 4.75372e-06
1.405, 0.0348114, 0.00154649, 4.81396e-06
1.44, 0.0348116, 0.00154524, 4.7832e-06
1.43, 0.0349925, 0.00155882, 4.88628e-06
1.435, 0.0349057, 0.00154951, 4.78551e-06
1.445, 0.0349119, 0.00155215, 4.81813e-06
1.46, 0.0349277, 0.00155375, 4.82792e-06
1.47, 0.0348765, 0.00154635, 4.75822e-06
1.465, 0.0349024, 0.00154811, 4.75443e-06
1.475, 0.0349201, 0.00155357, 4.82096e-06
1.455, 0.0349213, 0.00155149, 4.79135e-06
1.38, 0.0348368, 0.00154528, 4.78356e-06
1.45, 0.0349171, 0.00155381, 4.84891e-06
1.5, 0.0349677, 0.00155752, 4.85853e-06
1.53, 0.0349636, 0.00155352, 4.79051e-06
1.48, 0.0348095, 0.00154581, 4.80662e-06
1.525, 0.034895, 0.00155132, 4.82018e-06
1.485, 0.0348991, 0.00155113, 4.8041e-06
1.495, 0.0347326, 0.00153697, 4.74181e-06
1.51, 0.0350294, 0.00155863, 4.82382e-06
1.505, 0.0348731, 0.00154896, 4.82874e-06
1.49, 0.0349271, 0.0015528, 4.81101e-06
1.545, 0.0349841, 0.00156025, 4.88153e-06
1.52, 0.0348969, 0.00155211, 4.81017e-06
1.515, 0.0347907, 0.0015447, 4.80882e-06
1.535, 0.0347586, 0.00153975, 4.77864e-06
1.54, 0.0348339, 0.00154685, 4.7945e-06
1.55, 0.0350257, 0.00156056, 4.85797e-06
1.56, 0.0349051, 0.00154986, 4.78937e-06
1.575, 0.0348614, 0.00154857, 4.78466e-06
1.555, 0.0348527, 0.0015497, 4.81765e-06
1.57, 0.0348893, 0.00155356, 4.86995e-06
1.58, 0.0348835, 0.00154799, 4.78142e-06
1.565, 0.0349521, 0.0015539, 4.8147e-06
1.61, 0.034847, 0.00154735, 4.82016e-06
1.605, 0.0349389, 0.00155633, 4.85502e-06
1.59, 0.0347814, 0.00154134, 4.73197e-06
1.595, 0.034853, 0.00154926, 4.83599e-06
1.625, 0.0347755, 0.00153729, 4.71321e-06
1.65, 0.0350024, 0.00155987, 4.86803e-06
1.645, 0.0349484, 0.00155672, 4.85847e-06
1.62, 0.0348314, 0.0015455, 4.7899e-06
1.585, 0.0349389, 0.00155441, 4.8433e-06
1.665, 0.0349215, 0.00155102, 4.79911e-06
1.615, 0.0350285, 0.00156237, 4.89657e-06
1.6, 0.0347951, 0.00154631, 4.80901e-06
1.705, 0.0347992, 0.00154468, 4.80933e-06
1.75, 0.0349761, 0.00156034, 4.88677e-06
1.63, 0.0348014, 0.00154328, 4.75824e-06
1.755, 0.0350208, 0.00156446, 4.90157e-06
1.745, 0.03489, 0.00154871, 4.79197e-06
1.74, 0.0348868, 0.00155219, 4.83804e-06
1.735, 0.0349949, 0.00155948, 4.85511e-06
1.795, 0.0350414, 0.00156481, 4.90204e-06
1.635, 0.0349152, 0.00155184, 4.81421e-06
1.64, 0.0349065, 0.00155204, 4.84198e-06
1.77, 0.0349748, 0.00155942, 4.8802e-06
1.695, 0.0348803, 0.00155135, 4.82307e-06
1.79, 0.0349604, 0.00156086, 4.94242e-06
1.7, 0.0351378, 0.00156807, 4.8706e-06
1.69, 0.0349092, 0.00154907, 4.77025e-06
1.685, 0.0350294, 0.00155918, 4.84628e-06
1.655, 0.0350085, 0.00156179, 4.88796e-06
1.68, 0.0350345, 0.00156599, 4.92956e-06
1.78, 0.0349866, 0.00155668, 4.82658e-06
1.66, 0.0348801, 0.00155262, 4.86085e-06
1.785, 0.0348967, 0.00155238, 4.83262e-06
1.67, 0.0347855, 0.00153943, 4.73763e-06
1.71, 0.0350036, 0.00156055, 4.88037e-06
1.725, 0.0349656, 0.00155856, 4.86828e-06
1.675, 0.0349198, 0.00155204, 4.80305e-06
1.73, 0.0348376, 0.0015469, 4.79253e-06
1.76, 0.0350133, 0.00156191, 4.88965e-06
1.805, 0.0351135, 0.00156783, 4.89142e-06
1.83, 0.0352195, 0.00157751, 4.9767e-06
1.765, 0.0349804, 0.00155793, 4.87233e-06
1.845, 0.0349247, 0.00155506, 4.87831e-06
1.715, 0.0348622, 0.00154836, 4.77367e-06
1.72, 0.0349131, 0.00155002, 4.81214e-06
1.85, 0.0351838, 0.00157554, 4.97403e-06
1.775, 0.034948, 0.00155734, 4.86899e-06
1.825, 0.0350157, 0.00156333, 4.91184e-06
1.87, 0.035018, 0.00156107, 4.88065e-06
1.865, 0.0349483, 0.00155506, 4.83972e-06
1.835, 0.034834, 0.0015488, 4.81028e-06
1.895, 0.0349555, 0.00155734, 4.86307e-06
1.815, 0.0350162, 0.00156318, 4.90573e-06
1.89, 0.0348407, 0.00154805, 4.80912e-06
1.885, 0.0348314, 0.00154236, 4.7441e-06
1.84, 0.035046, 0.00156133, 4.86277e-06
1.88, 0.0349993, 0.00155951, 4.85019e-06
1.905, 0.0351298, 0.0015729, 4.97413e-06
1.82, 0.0349433, 0.00155525, 4.85004e-06
1.875, 0.0350605, 0.00156759, 4.94593e-06
1.81, 0.0348598, 0.00155086, 4.84369e-06
1.86, 0.0350038, 0.0015605, 4.87806e-06
1.94, 0.0349974, 0.00156243, 4.90603e-06
1.945, 0.0350715, 0.0015667, 4.92443e-06
1.93, 0.0350227, 0.00156016, 4.83953e-06
1.935, 0.03485, 0.00154598, 4.77558e-06
1.965, 0.0350144, 0.00155866, 4.8566e-06
1.97, 0.0350873, 0.00156725, 4.90401e-06
1.975, 0.0350513, 0.0015627, 4.87184e-06
1.98, 0.0350327, 0.00156335, 4.87659e-06
1.99, 0.034767, 0.0015404, 4.77357e-06
1.985, 0.0347832, 0.00154516, 4.80755e-06
1.95, 0.0349801, 0.00156051, 4.88837e-06
1.8, 0.0350497, 0.00156632, 4.93121e-06
1.915, 0.0349136, 0.00154975, 4.76986e-06
1.96, 0.034931, 0.00155679, 4.90748e-06
1.92, 0.0349102, 0.0015556, 4.89259e-06
1.995, 0.0351156, 0.00156854, 4.92065e-06
1.925, 0.0349054, 0.00155431, 4.86657e-06
1.855, 0.0349097, 0.00155402, 4.86783e-06
2.04, 0.0348775, 0.00154816, 4.78378e-06
2.03, 0.0350443, 0.00156726, 4.9415e-06
2.035, 0.0350727, 0.00157085, 4.97852e-06
1.9, 0.0349451, 0.00155482, 4.83895e-06
2.015, 0.0350384, 0.00156432, 4.89488e-06
2.01, 0.0349827, 0.00156052, 4.87617e-06
1.955, 0.0348649, 0.00154914, 4.80005e-06
2.005, 0.0349377, 0.00155428, 4.83195e-06
2.055, 0.035046, 0.00156135, 4.84472e-06
2.025, 0.0349127, 0.00155403, 4.85196e-06
2.02, 0.0347781, 0.00154719, 4.85742e-06
2.07, 0.0349716, 0.00155801, 4.86015e-06
2.085, 0.0348441, 0.00154766, 4.79469e-06
2.09, 0.0349465, 0.00155831, 4.88546e-06
2.065, 0.0350066, 0.00155985, 4.83266e-06
2.05, 0.0351123, 0.00157148, 4.93079e-06
2.08, 0.0350381, 0.00156242, 4.87225e-06
2.045, 0.0349732, 0.00155903, 4.87734e-06
2, 0.0349731, 0.00155598, 4.811e-06
2.075, 0.0349277, 0.00155149, 4.8031e-06
2.06, 0.0349685, 0.00156023, 4.89523e-06
2.105, 0.0349459, 0.00155651, 4.85926e-06
2.11, 0.0349399, 0.00155518, 4.8514e-06
2.1, 0.0351028, 0.00156804, 4.91515e-06
1.91, 0.0348717, 0.0015492, 4.80695e-06
2.095, 0.0350032, 0.00155692, 4.83598e-06
2.125, 0.034955, 0.00155632, 4.84096e-06
2.14, 0.0349323, 0.00155809, 4.8981e-06
2.145, 0.0348942, 0.00155495, 4.87084e-06
2.13, 0.0350434, 0.00156472, 4.94057e-06
2.135, 0.0349464, 0.00155743, 4.87309e-06
2.175, 0.0349628, 0.00155944, 4.91564e-06
2.115, 0.0349343, 0.00155565, 4.86238e-06
2.12, 0.0349207, 0.00155488, 4.83775e-06
0.12, 0.148939, 0.0251434, 0.000916905
0.125, 0.140968, 0.0227176, 0.000751035
2.17, 0.0351093, 0.00156665, 4.90183e-06
2.165, 0.0348387, 0.00154847, 4.83727e-06
2.15, 0.0348301, 0.00154246, 4.74594e-06
2.16, 0.035022, 0.00156123, 4.92465e-06
2.155, 0.0350107, 0.00156204, 4.89115e-06
2.195, 0.0350324, 0.00156232, 4.86503e-06
2.19, 0.0349535, 0.00155971, 4.89884e-06
2.2, 0.0349793, 0.00156097, 4.88054e-06
2.185, 0.0348261, 0.00154751, 4.82178e-06
2.18, 0.0348534, 0.00154917, 4.82429e-06
2.26, 0.0349113, 0.00155315, 4.83379e-06
2.245, 0.0350545, 0.00156719, 4.94349e-06
2.22, 0.0350334, 0.00156315, 4.90743e-06
2.265, 0.0351083, 0.00156705, 4.9189e-06
2.205, 0.0349663, 0.00156079, 4.96249e-06
2.255, 0.0349548, 0.00155805, 4.9083e-06
2.21, 0.0349236, 0.00155597, 4.87628e-06
2.25, 0.0350423, 0.00156347, 4.87709e-06
2.215, 0.0350571, 0.001564, 4.87726e-06
2.24, 0.0350555, 0.00156114, 4.86169e-06
2.295, 0.0351377, 0.00157008, 4.91624e-06
2.235, 0.0349752, 0.00155894, 4.88525e-06
2.3, 0.0349252, 0.00155209, 4.80768e-06
2.27, 0.0348675, 0.00155076, 4.84066e-06
2.23, 0.0350309, 0.00156205, 4.88244e-06
2.225, 0.0349345, 0.00155422, 4.84474e-06
2.315, 0.0348911, 0.00154692, 4.75062e-06
2.28, 0.0350359, 0.0015643, 4.90641e-06
2.285, 0.034931, 0.00155456, 4.83802e-06
2.31, 0.0349017, 0.00155265, 4.82919e-06
2.305, 0.0349596, 0.00155887, 4.87065e-06
2.29, 0.0349744, 0.00156163, 4.92744e-06
2.33, 0.0350414, 0.00156301, 4.88581e-06
2.325, 0.0348206, 0.00154469, 4.78682e-06
2.32, 0.0350779, 0.0015672, 4.9128e-06
2.34, 0.0349915, 0.00155708, 4.83005e-06
2.35, 0.0350558, 0.00156224, 4.87576e-06
2.345, 0.034975, 0.00155918, 4.89254e-06
2.36, 0.034897, 0.00155422, 4.85606e-06
2.375, 0.0348753, 0.00154872, 4.81669e-06
2.355, 0.0350903, 0.00156826, 4.91733e-06
2.405, 0.0349633, 0.0015588, 4.91589e-06
2.385, 0.0349232, 0.00155606, 4.86618e-06
2.41, 0.0351235, 0.0015736, 5.01481e-06
2.37, 0.0348841, 0.00154553, 4.74429e-06
2.365, 0.0348984, 0.00155288, 4.84851e-06
2.395, 0.034965, 0.00155647, 4.86168e-06
2.4, 0.0349247, 0.00155673, 4.87492e-06
2.435, 0.035102, 0.00156634, 4.89977e-06
2.44, 0.0350446, 0.00156476, 4.90725e-06
2.39, 0.0349919, 0.00156251, 4.92277e-06
2.38, 0.0350504, 0.00156594, 4.90779e-06
2.425, 0.0349539, 0.00155992, 4.89974e-06
2.43, 0.0348807, 0.00155062, 4.81865e-06
2.485, 0.035037, 0.00156315, 4.90914e-06
2.335, 0.0348545, 0.00155044, 4.82538e-06
2.49, 0.0349269, 0.00155317, 4.81509e-06
2.475, 0.0349143, 0.00155558, 4.8686e-06
2.445, 0.0348799, 0.00155186, 4.82816e-06
2.42, 0.0347692, 0.00154401, 4.8325e-06
2.415, 0.0350229, 0.00156212, 4.88437e-06
2.45, 0.0349596, 0.00155853, 4.86583e-06
2.505, 0.034843, 0.00154949, 4.82108e-06
2.465, 0.0349294, 0.00155253, 4.81538e-06
2.47, 0.0348656, 0.00154867, 4.81571e-06
2.54, 0.03509, 0.00156731, 4.91642e-06
2.455, 0.0349097, 0.00155252, 4.83795e-06
2.525, 0.034932, 0.00155308, 4.82045e-06
2.53, 0.0350284, 0.00156035, 4.8658e-06
2.51, 0.0349668, 0.00155548, 4.84151e-06
2.5, 0.0349839, 0.00155607, 4.8377e-06
2.52, 0.0348791, 0.00155291, 4.86977e-06
2.515, 0.0348729, 0.00155225, 4.87255e-06
2.57, 0.0351068, 0.00157205, 4.97695e-06
2.56, 0.0349265, 0.00155231, 4.83332e-06
2.565, 0.0348434, 0.00154714, 4.82256e-06
2.46, 0.0348859, 0.00154966, 4.78811e-06

2.545, 0.0349477, 0.00155866, 4.89714e-06
2.55, 0.0350544, 0.00156729, 4.92696e-06
2.48, 0.0348971, 0.00154919, 4.81186e-06
2.535, 0.0349607, 0.00155511, 4.8139e-06
2.555, 0.0349964, 0.00155791, 4.83801e-06
2.6, 0.0349456, 0.00155456, 4.81825e-06
2.595, 0.0349196, 0.00155407, 4.86336e-06
2.495, 0.0349054, 0.00155181, 4.82397e-06
2.58, 0.0348907, 0.00155406, 4.87017e-06
2.59, 0.0349691, 0.00155805, 4.84899e-06
2.605, 0.0349746, 0.00155658, 4.84201e-06
2.61, 0.0350552, 0.00156419, 4.86256e-06
2.615, 0.034817, 0.00154338, 4.74044e-06
2.585, 0.0349194, 0.00155263, 4.85315e-06
2.62, 0.0349296, 0.00155721, 4.8989e-06
2.65, 0.0347265, 0.00153777, 4.70829e-06
2.67, 0.0349445, 0.00155849, 4.87892e-06
2.665, 0.0347991, 0.00154367, 4.79545e-06
2.66, 0.0349997, 0.00156015, 4.88463e-06
2.705, 0.0350432, 0.00156641, 4.92743e-06
2.695, 0.0350126, 0.00156367, 4.92349e-06
2.63, 0.0349153, 0.0015531, 4.84605e-06
2.685, 0.0349751, 0.00155744, 4.85231e-06
2.635, 0.0349915, 0.00155554, 4.81427e-06
2.71, 0.0348746, 0.00155311, 4.86041e-06
2.72, 0.0350114, 0.00156399, 4.90384e-06
2.625, 0.0348604, 0.00155081, 4.84062e-06
2.655, 0.0350489, 0.00156237, 4.88051e-06
2.715, 0.0347208, 0.00153667, 4.72219e-06
2.69, 0.034851, 0.00154828, 4.81494e-06
2.68, 0.0349292, 0.00155448, 4.84299e-06
2.675, 0.0347827, 0.00154514, 4.82278e-06
2.64, 0.0349573, 0.00155586, 4.85257e-06
2.645, 0.034959, 0.00155798, 4.88836e-06
2.77, 0.0349028, 0.00155069, 4.80723e-06
2.7, 0.035036, 0.00156118, 4.89312e-06
2.76, 0.0348605, 0.00154926, 4.82302e-06
2.755, 0.0348804, 0.00155204, 4.86053e-06
2.745, 0.0348903, 0.00154855, 4.77177e-06
2.75, 0.035052, 0.00156619, 4.94147e-06
2.73, 0.0350302, 0.0015653, 4.9328e-06
2.74, 0.0348828, 0.00154876, 4.80543e-06
2.735, 0.0349274, 0.00155555, 4.84306e-06
2.725, 0.0348956, 0.00154824, 4.78317e-06
2.765, 0.034863, 0.00155047, 4.82898e-06
2.775, 0.0348635, 0.00155067, 4.82203e-06
2.785, 0.0349417, 0.00155604, 4.8438e-06
2.78, 0.0349657, 0.00155683, 4.86576e-06
2.795, 0.0350161, 0.00155978, 4.86004e-06
2.79, 0.034944, 0.00155907, 4.91327e-06
2.815, 0.0348901, 0.00155175, 4.81596e-06
2.825, 0.034894, 0.0015524, 4.84592e-06
2.82, 0.0349243, 0.00155739, 4.89709e-06
2.81, 0.0349765, 0.00155393, 4.79817e-06
2.805, 0.0349704, 0.00155847, 4.89706e-06
2.8, 0.0349637, 0.00155756, 4.88743e-06
2.83, 0.0349512, 0.0015596, 4.90534e-06
2.835, 0.0349019, 0.00155088, 4.80911e-06
2.84, 0.0350156, 0.00156407, 4.91381e-06
2.845, 0.0350292, 0.00156225, 4.87956e-06
2.865, 0.0349898, 0.00156259, 4.9341e-06
2.855, 0.0351095, 0.00156481, 4.84914e-06
2.86, 0.0350232, 0.00156237, 4.87357e-06
2.875, 0.0348174, 0.00154705, 4.81465e-06
2.88, 0.0350168, 0.00156104, 4.86588e-06
2.87, 0.0349936, 0.00155986, 4.90603e-06
2.85, 0.0348512, 0.00155008, 4.84011e-06
2.89, 0.0349257, 0.00155403, 4.82636e-06
2.885, 0.0348488, 0.00154882, 4.84084e-06
2.905, 0.0350919, 0.0015674, 4.90623e-06
2.895, 0.0349021, 0.00155839, 4.93122e-06
2.92, 0.0348351, 0.0015455, 4.77315e-06
2.915, 0.0349644, 0.00155769, 4.86408e-06
2.9, 0.0350539, 0.00156393, 4.86638e-06
2.91, 0.0348832, 0.00155533, 4.89371e-06
2.965, 0.0348985, 0.00155378, 4.85695e-06
2.975, 0.0350453, 0.0015633, 4.87889e-06
2.99, 0.0350119, 0.00156005, 4.85647e-06
2.925, 0.0350256, 0.0015611, 4.8805e-06
2.98, 0.0349889, 0.00156024, 4.88658e-06
2.96, 0.0350404, 0.00156412, 4.90717e-06
2.94, 0.0350385, 0.00156, 4.84955e-06
2.945, 0.0349357, 0.00155577, 4.85217e-06
2.95, 0.0349967, 0.00156288, 4.91332e-06
3.025, 0.0349828, 0.0015583, 4.85464e-06
3.02, 0.0349266, 0.00154903, 4.77126e-06
3.015, 0.03493, 0.00155395, 4.83686e-06
3.035, 0.0348576, 0.00154649, 4.78144e-06
3.03, 0.0350344, 0.00156275, 4.88709e-06
2.985, 0.0349668, 0.00155705, 4.86401e-06
2.93, 0.0349312, 0.00155666, 4.89334e-06
2.935, 0.0349545, 0.00155833, 4.91214e-06
2.955, 0.0349783, 0.00155988, 4.8646e-06
3.005, 0.0349431, 0.00155561, 4.85556e-06
3.01, 0.034855, 0.00154911, 4.83747e-06
2.995, 0.0349663, 0.00155978, 4.87776e-06
3, 0.0347486, 0.00154159, 4.7962e-06
2.97, 0.0349083, 0.00154966, 4.7798e-06
3.04, 0.0347176, 0.00153488, 4.70891e-06
3.085, 0.0349111, 0.00155425, 4.84126e-06
3.055, 0.034964, 0.00155993, 4.88905e-06
3.045, 0.0347473, 0.00154088, 4.78574e-06
3.05, 0.034923, 0.00155426, 4.85144e-06
3.065, 0.0349055, 0.00155429, 4.85018e-06
3.07, 0.0349834, 0.00155947, 4.88768e-06
3.1, 0.035007, 0.00156249, 4.93574e-06
3.105, 0.0351341, 0.00157295, 4.962e-06
3.11, 0.034921, 0.00155507, 4.84637e-06
3.06, 0.0349082, 0.00155002, 4.8003e-06
3.075, 0.0349541, 0.00155628, 4.88569e-06
3.08, 0.0348325, 0.00154628, 4.77749e-06
3.095, 0.0349742, 0.00155908, 4.87475e-06
3.09, 0.0348348, 0.00154964, 4.85839e-06
3.125, 0.0348563, 0.00155218, 4.83954e-06
3.12, 0.0349706, 0.00155835, 4.89081e-06
3.115, 0.0348679, 0.00154919, 4.80626e-06
3.17, 0.0348854, 0.00155421, 4.87245e-06
3.16, 0.0348185, 0.00154601, 4.77553e-06
3.165, 0.0349982, 0.00155698, 4.81466e-06
3.185, 0.0349851, 0.00155913, 4.87317e-06
3.175, 0.0348898, 0.00155075, 4.80209e-06
3.155, 0.0348869, 0.00155048, 4.8224e-06
3.18, 0.0349579, 0.00155751, 4.85798e-06
3.21, 0.0347622, 0.00154135, 4.78018e-06
3.195, 0.0348728, 0.00154852, 4.78648e-06
3.205, 0.0349197, 0.00155404, 4.83332e-06
3.13, 0.0348558, 0.00155023, 4.8293e-06
3.2, 0.0348157, 0.00154592, 4.79929e-06
3.19, 0.0348978, 0.00155034, 4.79518e-06
3.215, 0.0348351, 0.00154358, 4.75993e-06
3.22, 0.0347593, 0.00154085, 4.76894e-06
3.225, 0.0348183, 0.00154333, 4.77521e-06
3.255, 0.0348774, 0.00154999, 4.8088e-06
3.235, 0.0349227, 0.00155668, 4.87215e-06
3.265, 0.0347768, 0.00154049, 4.74392e-06
3.27, 0.0350135, 0.00156102, 4.88341e-06
3.25, 0.0349544, 0.00155468, 4.81758e-06
3.26, 0.034943, 0.00155591, 4.85354e-06
3.23, 0.0349693, 0.00155609, 4.8227e-06
3.245, 0.0348724, 0.00154973, 4.80529e-06
3.24, 0.0349517, 0.00155367, 4.81445e-06
3.28, 0.0348842, 0.00154906, 4.78155e-06
3.285, 0.0350504, 0.00156427, 4.88379e-06
3.29, 0.0349602, 0.00155674, 4.87635e-06
3.295, 0.0348663, 0.00154968, 4.81702e-06
2.275, 0.0351716, 0.00157356, 4.95399e-06
3.3, 0.0348001, 0.00154295, 4.75328e-06
3.315, 0.0349061, 0.00155372, 4.8582e-06
3.325, 0.0348394, 0.00154971, 4.84886e-06
3.31, 0.0350002, 0.00156357, 4.94681e-06
3.37, 0.0348922, 0.00154962, 4.79655e-06
3.365, 0.0348208, 0.00154699, 4.80918e-06
3.305, 0.0349255, 0.00155666, 4.84472e-06
3.345, 0.0350542, 0.00156613, 4.8991e-06
3.32, 0.0348811, 0.00155214, 4.83904e-06
3.35, 0.0349778, 0.00155751, 4.87833e-06
3.38, 0.0348685, 0.00154715, 4.79334e-06
3.385, 0.0348473, 0.00154875, 4.82552e-06
3.34, 0.0348286, 0.00154638, 4.78604e-06
3.33, 0.035093, 0.00156947, 4.96217e-06
3.36, 0.0349316, 0.00155111, 4.78241e-06
3.355, 0.0349094, 0.00155308, 4.83217e-06
3.375, 0.0347863, 0.00153994, 4.738e-06
3.41, 0.0349592, 0.00155582, 4.83631e-06
3.415, 0.0348036, 0.00154479, 4.77876e-06
3.4, 0.0349158, 0.00155259, 4.81945e-06
3.405, 0.0349996, 0.00156158, 4.88857e-06
3.39, 0.034849, 0.00154563, 4.75928e-06
3.335, 0.0349282, 0.00155107, 4.79059e-06
3.42, 0.0348046, 0.0015447, 4.77952e-06
3.395, 0.0348964, 0.00155386, 4.84616e-06
3.45, 0.0349446, 0.00155694, 4.85769e-06
3.44, 0.0348428, 0.0015499, 4.8501e-06
3.445, 0.0349223, 0.0015531, 4.84958e-06
3.425, 0.0349308, 0.00155323, 4.80824e-06
3.465, 0.0348431, 0.00154535, 4.78556e-06
3.46, 0.0348329, 0.0015507, 4.82678e-06
3.455, 0.034837, 0.00154714, 4.8027e-06
3.43, 0.0348813, 0.00155207, 4.85692e-06
3.435, 0.0350185, 0.00156255, 4.92775e-06
3.47, 0.0349057, 0.00155062, 4.81166e-06
3.48, 0.0348234, 0.00154514, 4.79258e-06
3.475, 0.0349777, 0.00155778, 4.8688e-06
3.485, 0.0348326, 0.00154526, 4.77774e-06
3.49, 0.0348619, 0.0015505, 4.83163e-06
3.5, 0.034942, 0.00155358, 4.82126e-06
3.505, 0.0349563, 0.00155742, 4.86435e-06
3.51, 0.0348509, 0.00154512, 4.75804e-06
3.55, 0.0348347, 0.00154726, 4.81043e-06
3.52, 0.0347562, 0.001539, 4.75372e-06
3.525, 0.0349517, 0.00155656, 4.85768e-06
3.495, 0.0349348, 0.00155225, 4.80256e-06
3.54, 0.0348924, 0.00155112, 4.83285e-06
3.535, 0.0347837, 0.00154051, 4.74125e-06
3.545, 0.0349035, 0.00155248, 4.84474e-06
3.53, 0.0349816, 0.00156016, 4.86907e-06
3.59, 0.0349856, 0.00155973, 4.8742e-06
3.565, 0.0349624, 0.00155601, 4.82785e-06
3.555, 0.034902, 0.00155264, 4.82538e-06
3.56, 0.0349011, 0.00155514, 4.85486e-06
3.57, 0.0347897, 0.00154151, 4.75291e-06
3.575, 0.0350807, 0.00156518, 4.88265e-06
3.58, 0.0348735, 0.00154929, 4.80308e-06
3.585, 0.0349164, 0.00155469, 4.83292e-06
3.595, 0.0346249, 0.00152851, 4.69643e-06
3.6, 0.0349768, 0.00156052, 4.90524e-06
3.625, 0.0349506, 0.00155473, 4.83648e-06
3.615, 0.0348821, 0.00155054, 4.809e-06
3.63, 0.0347573, 0.00153974, 4.77689e-06
3.64, 0.0348782, 0.00155041, 4.8092e-06
3.635, 0.034993, 0.00156025, 4.87552e-06
3.62, 0.0350715, 0.00156407, 4.88363e-06
3.65, 0.0348456, 0.00154724, 4.80005e-06
3.61, 0.0348185, 0.00154556, 4.79893e-06
3.645, 0.0348462, 0.00154731, 4.81301e-06
3.605, 0.0348881, 0.0015515, 4.82243e-06
3.71, 0.034931, 0.00154906, 4.72413e-06
3.72, 0.0349421, 0.0015582, 4.88245e-06
3.715, 0.0348885, 0.00154968, 4.81331e-06
3.7, 0.034981, 0.00155873, 4.87576e-06
3.705, 0.0349356, 0.00155602, 4.85534e-06
3.69, 0.0349569, 0.00155689, 4.86956e-06
3.745, 0.0348473, 0.00154943, 4.83582e-06
3.695, 0.0347695, 0.0015392, 4.74409e-06
3.75, 0.0348081, 0.00154243, 4.7656e-06
3.655, 0.035004, 0.00155853, 4.84607e-06
3.845, 0.0349187, 0.00155213, 4.83815e-06
3.835, 0.0349401, 0.00155575, 4.83398e-06
3.93, 0.0348875, 0.00154638, 4.7587e-06
3.84, 0.034755, 0.00154089, 4.77464e-06
3.805, 0.0349528, 0.00155227, 4.77756e-06
3.895, 0.035038, 0.00156174, 4.86314e-06
3.89, 0.0347349, 0.00153578, 4.73085e-06
3.755, 0.0348436, 0.00154759, 4.81318e-06
3.76, 0.0348022, 0.00154246, 4.75593e-06
3.675, 0.034798, 0.00154677, 4.8459e-06
3.68, 0.0347088, 0.00153533, 4.72714e-06
3.765, 0.034889, 0.00155008, 4.80217e-06
3.685, 0.0347429, 0.001537, 4.7024e-06
3.825, 0.0348737, 0.00154508, 4.74053e-06
3.82, 0.0348579, 0.00154709, 4.80683e-06
3.74, 0.034834, 0.0015492, 4.8325e-06
3.73, 0.0351389, 0.00157116, 4.9411e-06
3.735, 0.0349604, 0.00155415, 4.80128e-06
3.85, 0.0349239, 0.00155449, 4.83569e-06
3.87, 0.0348612, 0.00154829, 4.7982e-06
3.785, 0.0349515, 0.00155322, 4.81729e-06
3.865, 0.0348173, 0.00154582, 4.82891e-06
3.86, 0.0348037, 0.00154584, 4.79649e-06
3.66, 0.0349736, 0.00155952, 4.90255e-06
3.78, 0.0348976, 0.00155107, 4.81545e-06
3.8, 0.0349227, 0.001555, 4.85534e-06
3.795, 0.0349129, 0.00155441, 4.85588e-06
3.815, 0.0349503, 0.00155267, 4.79715e-06
3.855, 0.0347802, 0.00154471, 4.81336e-06
3.79, 0.0348222, 0.0015469, 4.80323e-06
3.95, 0.0349823, 0.0015548, 4.79744e-06
3.81, 0.0349505, 0.00155354, 4.82996e-06
3.83, 0.0350293, 0.00156438, 4.9173e-06
3.725, 0.0348893, 0.00155106, 4.81606e-06
3.995, 0.0349699, 0.00155936, 4.88277e-06
3.975, 0.0349091, 0.00155468, 4.87489e-06
3.97, 0.0349336, 0.00155236, 4.83437e-06
3.955, 0.0349184, 0.0015534, 4.82326e-06
4.005, 0.034921, 0.0015561, 4.88158e-06
3.945, 0.0349104, 0.00155327, 4.86105e-06
4.015, 0.0350052, 0.00155986, 4.88606e-06
3.94, 0.0348612, 0.00154919, 4.85161e-06
3.935, 0.034865, 0.00155235, 4.86984e-06
3.9, 0.0348906, 0.00154849, 4.79979e-06
3.98, 0.0349494, 0.00155237, 4.80901e-06
3.985, 0.0349886, 0.00155922, 4.86193e-06
3.96, 0.0348522, 0.00154931, 4.83823e-06
3.965, 0.0348097, 0.00154475, 4.79598e-06
3.905, 0.0350308, 0.00155768, 4.80858e-06
3.875, 0.0347909, 0.00153951, 4.71953e-06
4.01, 0.0348656, 0.00154931, 4.80212e-06
3.99, 0.0349792, 0.00155739, 4.8545e-06
4.065, 0.0346809, 0.00153623, 4.74156e-06
4.06, 0.0349092, 0.00155327, 4.83535e-06
3.915, 0.0346744, 0.00153185, 4.70709e-06
3.775, 0.0349426, 0.00155576, 4.85528e-06
4.055, 0.0347365, 0.00153933, 4.77073e-06
3.885, 0.0349396, 0.0015552, 4.84367e-06
3.91, 0.0349424, 0.0015545, 4.85429e-06
3.88, 0.0348779, 0.00154793, 4.75675e-06
4.025, 0.034935, 0.00155352, 4.81887e-06
4.02, 0.0349974, 0.00155969, 4.87022e-06
3.77, 0.0347913, 0.0015439, 4.77984e-06
4.085, 0.0349709, 0.00155638, 4.84442e-06
4.09, 0.034815, 0.00154681, 4.81141e-06
3.92, 0.0350539, 0.00156363, 4.87854e-06
4.05, 0.0348836, 0.00154974, 4.82305e-06
4.04, 0.0348719, 0.0015503, 4.80496e-06
4.045, 0.0348752, 0.00154823, 4.76882e-06
4.07, 0.0349071, 0.00155362, 4.8857e-06
4.035, 0.0348184, 0.00154627, 4.78188e-06
3.925, 0.0348393, 0.00154857, 4.82315e-06
4.08, 0.0348668, 0.00154862, 4.80613e-06
4.075, 0.034705, 0.00153484, 4.7177e-06
4, 0.0349595, 0.00155897, 4.89581e-06
4.03, 0.034801, 0.00154335, 4.7687e-06
4.1, 0.0348886, 0.00154886, 4.7596e-06
4.095, 0.0348554, 0.00154952, 4.82587e-06
4.125, 0.0348611, 0.00154882, 4.80756e-06
4.11, 0.0347915, 0.0015425, 4.79512e-06
4.12, 0.0347697, 0.00153438, 4.66554e-06
4.115, 0.0347919, 0.00154272, 4.76414e-06
4.145, 0.0348969, 0.00155717, 4.91634e-06
4.15, 0.0348617, 0.00154929, 4.81638e-06
4.14, 0.0347962, 0.00154484, 4.79175e-06
4.18, 0.0348889, 0.00155081, 4.82649e-06
4.185, 0.0348794, 0.00155142, 4.83886e-06
4.155, 0.0347611, 0.00153956, 4.74946e-06
4.195, 0.034712, 0.00153476, 4.70723e-06
4.2, 0.0348601, 0.00154756, 4.79115e-06
4.17, 0.0349483, 0.00155689, 4.858e-06
4.165, 0.0347357, 0.0015409, 4.78613e-06
4.16, 0.0348188, 0.00154651, 4.80485e-06
4.175, 0.0346925, 0.00153892, 4.79373e-06
4.225, 0.034817, 0.0015449, 4.79286e-06
4.23, 0.0348889, 0.0015472, 4.76386e-06
4.26, 0.034846, 0.00154461, 4.77938e-06
4.255, 0.0347799, 0.00154171, 4.78636e-06
4.25, 0.0348915, 0.00155141, 4.83962e-06
4.135, 0.0349999, 0.00156539, 4.95907e-06
4.19, 0.0347993, 0.00154217, 4.76658e-06
4.13, 0.0348229, 0.00154312, 4.76541e-06
4.265, 0.0348716, 0.00155228, 4.86342e-06
4.205, 0.0348398, 0.00154195, 4.73345e-06
4.22, 0.034898, 0.00154809, 4.78101e-06
4.24, 0.0348138, 0.00154497, 4.80022e-06
4.21, 0.0349379, 0.00155437, 4.83184e-06
4.235, 0.0348993, 0.00155271, 4.83521e-06
4.215, 0.0349207, 0.00155739, 4.87699e-06
4.245, 0.0347925, 0.00154577, 4.80643e-06
4.27, 0.0348607, 0.00154509, 4.77012e-06
4.285, 0.0347166, 0.00153619, 4.72311e-06
4.28, 0.0348594, 0.0015446, 4.73234e-06
4.29, 0.0348782, 0.00155066, 4.81438e-06
4.315, 0.0349313, 0.00155432, 4.83473e-06
4.31, 0.0348402, 0.0015436, 4.73902e-06
4.32, 0.0349471, 0.00155489, 4.83807e-06
4.325, 0.0349867, 0.00155991, 4.9049e-06
4.295, 0.0347195, 0.00153828, 4.75936e-06
4.305, 0.0348962, 0.00155095, 4.80013e-06
4.3, 0.0349892, 0.00155993, 4.9069e-06
4.275, 0.034763, 0.00154076, 4.77591e-06
4.335, 0.0349407, 0.00155611, 4.86795e-06
4.345, 0.0350268, 0.00156134, 4.87693e-06
4.34, 0.0349391, 0.00155685, 4.86452e-06
4.33, 0.0349314, 0.00155126, 4.78459e-06
4.35, 0.0348371, 0.00154408, 4.76718e-06
4.355, 0.0349141, 0.00154919, 4.76374e-06
4.37, 0.0347973, 0.00154341, 4.77373e-06
4.365, 0.0349708, 0.00156012, 4.90176e-06
4.36, 0.0347673, 0.00154162, 4.76811e-06
4.405, 0.034833, 0.00154366, 4.7515e-06
4.385, 0.0348363, 0.00154716, 4.81313e-06
4.38, 0.0348444, 0.00154866, 4.82119e-06
4.4, 0.0347494, 0.00153945, 4.7381e-06
4.39, 0.0349126, 0.0015527, 4.84085e-06
4.395, 0.0349691, 0.00155251, 4.79166e-06
4.435, 0.0349546, 0.00155697, 4.87962e-06
4.375, 0.0347401, 0.00153897, 4.73316e-06
4.42, 0.0348266, 0.00154843, 4.85965e-06
4.415, 0.0347485, 0.00154288, 4.80406e-06
4.41, 0.0348365, 0.00154389, 4.75106e-06
4.43, 0.0347504, 0.00153888, 4.76291e-06
4.425, 0.0348354, 0.00154706, 4.78642e-06
4.45, 0.0349546, 0.00155714, 4.87096e-06
4.51, 0.0348528, 0.00154843, 4.80997e-06
4.505, 0.0347907, 0.00154482, 4.80081e-06
4.445, 0.0348812, 0.00155258, 4.8407e-06
4.495, 0.0348742, 0.00154996, 4.8173e-06
4.5, 0.0350611, 0.00156174, 4.8365e-06
4.515, 0.0349327, 0.00155581, 4.87974e-06
4.52, 0.0349067, 0.00155286, 4.85534e-06
4.44, 0.0348221, 0.00154559, 4.80489e-06
4.455, 0.0347844, 0.00154387, 4.7837e-06
4.47, 0.0349009, 0.00155185, 4.81616e-06
4.46, 0.0348943, 0.00155226, 4.8404e-06
4.465, 0.034952, 0.00155631, 4.85048e-06
4.48, 0.0348194, 0.00154559, 4.782e-06
4.485, 0.0348282, 0.00154643, 4.78417e-06
4.49, 0.0346724, 0.00153025, 4.68647e-06
4.61, 0.0349822, 0.00156093, 4.90667e-06
4.53, 0.034807, 0.00154504, 4.7974e-06
4.555, 0.0348195, 0.00154591, 4.83493e-06
4.57, 0.0348676, 0.00154793, 4.79699e-06
4.565, 0.0348488, 0.00154875, 4.83676e-06
4.535, 0.0350148, 0.0015625, 4.89263e-06
4.56, 0.0349878, 0.00155751, 4.83849e-06
4.525, 0.0349339, 0.00155212, 4.81423e-06
4.62, 0.0347692, 0.00154142, 4.74908e-06
4.575, 0.0348523, 0.00155065, 4.82982e-06
4.615, 0.0348813, 0.00155321, 4.85106e-06
4.59, 0.0348461, 0.00154786, 4.78885e-06
4.54, 0.0347794, 0.00154445, 4.82284e-06
4.58, 0.0348017, 0.00153914, 4.71048e-06
4.595, 0.0347606, 0.00154043, 4.75369e-06
4.545, 0.0348615, 0.0015461, 4.75496e-06
4.645, 0.0348134, 0.00154735, 4.80173e-06
4.55, 0.0347864, 0.00154191, 4.8092e-06
4.635, 0.0348116, 0.00154614, 4.81323e-06
4.715, 0.0350068, 0.00155799, 4.8519e-06
4.63, 0.034837, 0.00154443, 4.75733e-06
4.75, 0.0349017, 0.00155113, 4.80437e-06
4.64, 0.0349916, 0.00155944, 4.89014e-06
4.6, 0.0350439, 0.00156293, 4.86716e-06
4.585, 0.0347451, 0.00153846, 4.75537e-06
4.745, 0.034846, 0.00154541, 4.79394e-06
4.625, 0.0349454, 0.00155514, 4.8431e-06
4.605, 0.034792, 0.00154306, 4.77213e-06
4.74, 0.0348095, 0.00154425, 4.77945e-06
4.7, 0.0347683, 0.00154247, 4.78661e-06
4.705, 0.0348688, 0.00155025, 4.82634e-06
4.71, 0.0348554, 0.0015478, 4.8271e-06
4.665, 0.0348535, 0.00154886, 4.82333e-06
4.67, 0.0349017, 0.00155278, 4.83745e-06
4.77, 0.0349378, 0.00155203, 4.80196e-06
4.765, 0.0350103, 0.00155385, 4.76355e-06
4.69, 0.0348651, 0.00154617, 4.79382e-06
4.695, 0.0348911, 0.00155167, 4.86145e-06
4.68, 0.034889, 0.00155107, 4.8341e-06
06
4.675, 0.0349426, 0.00155795, 4.89467e-06
4.8, 0.0346304, 0.00153221, 4.74037e-06
4.655, 0.0347938, 0.00154311, 4.76436e-06
4.81, 0.0348867, 0.00154674, 4.75609e-06
4.82, 0.0348762, 0.00155106, 4.82311e-06
4.815, 0.0347813, 0.00154059, 4.74413e-06
4.66, 0.0348119, 0.00154638, 4.821e-06
4.65, 0.0348984, 0.00154876, 4.77947e-06
4.73, 0.0347559, 0.00154051, 4.76598e-06
4.795, 0.0348406, 0.00154709, 4.78969e-06
4.79, 0.0348519, 0.00154755, 4.80002e-06
4.825, 0.0349029, 0.00154753, 4.75934e-06
4.72, 0.0348944, 0.00154952, 4.81336e-06
4.78, 0.0348333, 0.00154738, 4.82105e-06
4.735, 0.0347828, 0.0015392, 4.74491e-06
4.87, 0.0348207, 0.00154857, 4.83555e-06
3.145, 0.0349295, 0.00155425, 4.84967e-06
4.855, 0.0349255, 0.00155632, 4.8772e-06
4.685, 0.0350248, 0.00156466, 4.92254e-06
4.775, 0.0350218, 0.00156067, 4.87596e-06
3.15, 0.0349115, 0.00155226, 4.81735e-06
4.845, 0.0348779, 0.00155027, 4.81834e-06
3.14, 0.0349828, 0.00155551, 4.79516e-06
3.135, 0.0349942, 0.0015586, 4.84422e-06
4.76, 0.0347584, 0.00154083, 4.76107e-06
4.905, 0.0348958, 0.00155333, 4.83711e-06
4.885, 0.0348882, 0.00155099, 4.81574e-06
4.755, 0.0349427, 0.00155411, 4.84969e-06
4.89, 0.0350029, 0.00156015, 4.85658e-06
4.83, 0.0348523, 0.00154975, 4.80749e-06
4.875, 0.0348965, 0.00155307, 4.82107e-06
4.88, 0.0348685, 0.00154922, 4.80623e-06
4.955, 0.0349485, 0.00155685, 4.88063e-06
4.725, 0.0349076, 0.0015524, 4.83355e-06
4.9, 0.0348737, 0.00154765, 4.77338e-06
4.895, 0.0347556, 0.00154023, 4.77923e-06
4.835, 0.0349857, 0.00155711, 4.84567e-06
4.85, 0.0347775, 0.00154661, 4.84064e-06
4.84, 0.0350255, 0.00156131, 4.87168e-06
4.945, 0.0349498, 0.00155902, 4.89776e-06
4.95, 0.0348258, 0.00154378, 4.79637e-06
4.94, 0.0348121, 0.00154641, 4.80417e-06
4.865, 0.0349431, 0.00155465, 4.83054e-06
4.91, 0.0349811, 0.00155862, 4.85295e-06
4.935, 0.0348595, 0.00154996, 4.82397e-06
4.93, 0.0348058, 0.001544, 4.79722e-06
4.925, 0.0347957, 0.00154204, 4.78083e-06
4.965, 0.0349385, 0.00155473, 4.83717e-06
4.98, 0.0348952, 0.00155094, 4.82854e-06
4.805, 0.0348101, 0.00154639, 4.82709e-06
4.915, 0.03479, 0.00154499, 4.79428e-06
4.975, 0.0347809, 0.00153998, 4.742e-06
4.96, 0.0348, 0.00154156, 4.7512e-06
4.92, 0.0346869, 0.00153566, 4.74279e-06
5.005, 0.0349788, 0.0015556, 4.81674e-06
5, 0.0348409, 0.00154655, 4.79863e-06
4.995, 0.0349086, 0.0015549, 4.85281e-06
5.015, 0.0349874, 0.00156142, 4.90286e-06
5.01, 0.0347475, 0.00153867, 4.7425e-06
5.02, 0.0348587, 0.00154913, 4.78859e-06
4.99, 0.0349028, 0.001549, 4.77242e-06
4.97, 0.034938, 0.00155712, 4.84898e-06
5.07, 0.0349978, 0.00156231, 4.93116e-06
4.985, 0.0348826, 0.00155063, 4.84098e-06
5.11, 0.034821, 0.00154475, 4.77776e-06
5.12, 0.0348775, 0.00154743, 4.77278e-06
5.115, 0.0349805, 0.00155858, 4.88021e-06
5.06, 0.0348038, 0.00154547, 4.80585e-06
5.05, 0.0349301, 0.00155056, 4.7807e-06
5.065, 0.0349847, 0.0015561, 4.78543e-06
5.055, 0.0348604, 0.00154519, 4.77918e-06
5.045, 0.0349857, 0.00155821, 4.85143e-06
5.095, 0.0349514, 0.00155456, 4.83479e-06
5.09, 0.0348576, 0.00155122, 4.86764e-06
5.04, 0.0348776, 0.00155154, 4.84028e-06
5.035, 0.0347997, 0.00154429, 4.79864e-06
5.03, 0.0347666, 0.00153978, 4.76369e-06
5.155, 0.034774, 0.00154044, 4.73741e-06
5.15, 0.0349124, 0.00155083, 4.79931e-06
5.14, 0.0347218, 0.00153371, 4.68135e-06
5.145, 0.0347896, 0.00154348, 4.77989e-06
4.86, 0.0349598, 0.00155671, 4.8412e-06
5.025, 0.0348699, 0.00155137, 4.85466e-06
5.085, 0.0348088, 0.00154124, 4.7353e-06
5.165, 0.0349482, 0.0015544, 4.84261e-06
5.105, 0.0347798, 0.00153697, 4.67988e-06
5.185, 0.0348588, 0.00154799, 4.80498e-06
5.16, 0.0348431, 0.00154918, 4.80223e-06
5.1, 0.0347859, 0.00154052, 4.75452e-06
5.08, 0.0346096, 0.00152654, 4.67381e-06
5.125, 0.0348268, 0.00154643, 4.7981e-06
5.215, 0.0348781, 0.00154978, 4.80824e-06
5.22, 0.0348405, 0.00154645, 4.79814e-06
5.21, 0.0348606, 0.00154667, 4.77298e-06
5.13, 0.0348317, 0.00154775, 4.81377e-06
5.19, 0.0347969, 0.00154341, 4.77436e-06
5.075, 0.0348218, 0.00154078, 4.70704e-06
5.135, 0.0348146, 0.00154322, 4.7663e-06
5.205, 0.0348747, 0.00154993, 4.82649e-06
5.2, 0.0347287, 0.0015396, 4.78704e-06
5.195, 0.0348674, 0.00155106, 4.82303e-06
5.225, 0.0347937, 0.00154658, 4.83873e-06
5.175, 0.0348213, 0.00154634, 4.81862e-06
5.235, 0.0348749, 0.00155022, 4.80865e-06
5.18, 0.0348242, 0.00154524, 4.80372e-06
5.17, 0.0347795, 0.00154277, 4.77363e-06
5.23, 0.0348572, 0.00154985, 4.8158e-06
5.26, 0.0347394, 0.00153441, 4.68153e-06
5.255, 0.0348293, 0.00154293, 4.74783e-06
5.25, 0.0349002, 0.00155128, 4.81039e-06
5.245, 0.0348329, 0.00154912, 4.82781e-06
5.24, 0.0348775, 0.00154809, 4.79653e-06
3.275, 0.0349312, 0.00155654, 4.86598e-06
5.265, 0.0347074, 0.00153349, 4.70961e-06
5.295, 0.0349075, 0.00155596, 4.88395e-06
5.27, 0.034861, 0.00154653, 4.78942e-06
5.275, 0.0346635, 0.00153214, 4.71723e-06
5.29, 0.0349864, 0.00155713, 4.8444e-06
5.28, 0.0348801, 0.001549, 4.79481e-06
5.285, 0.0347921, 0.00154212, 4.74331e-06
5.3, 0.0348423, 0.0015469, 4.812e-06
5.335, 0.0346848, 0.00153647, 4.76182e-06
5.31, 0.0348865, 0.00154846, 4.78451e-06
5.305, 0.0347704, 0.00154082, 4.76067e-06
5.345, 0.0349682, 0.00155724, 4.85732e-06
5.34, 0.0349818, 0.00155863, 4.86393e-06
5.35, 0.0349431, 0.00155261, 4.82285e-06
5.37, 0.0347458, 0.00153862, 4.7303e-06
5.375, 0.0346663, 0.00153313, 4.73224e-06
5.32, 0.0348769, 0.00154934, 4.78082e-06
5.325, 0.034983, 0.00155621, 4.82927e-06
5.315, 0.0347657, 0.00153858, 4.74714e-06
5.33, 0.0348157, 0.00154564, 4.7988e-06
5.36, 0.0347528, 0.00153954, 4.7462e-06
5.355, 0.0348083, 0.00154581, 4.82772e-06
5.365, 0.0348422, 0.00154666, 4.7955e-06
5.425, 0.0347334, 0.0015361, 4.74796e-06
5.42, 0.0347523, 0.00154068, 4.7778e-06
5.41, 0.0348817, 0.00155266, 4.86731e-06
5.435, 0.0348709, 0.00154915, 4.80414e-06
5.415, 0.0348942, 0.00155234, 4.83908e-06
5.43, 0.0347883, 0.00154614, 4.81966e-06
5.4, 0.0348667, 0.00154713, 4.79396e-06
5.385, 0.0348727, 0.00154824, 4.7935e-06
5.39, 0.0347003, 0.00153444, 4.72155e-06
5.395, 0.034915, 0.00155272, 4.85036e-06
5.54, 0.0346531, 0.001531, 4.72646e-06
5.485, 0.0348982, 0.00155451, 4.8592e-06
5.495, 0.0347975, 0.00154203, 4.7625e-06
5.49, 0.0349008, 0.00155253, 4.84399e-06
5.38, 0.0349526, 0.00155488, 4.84004e-06
5.45, 0.0348892, 0.00155082, 4.81401e-06
5.44, 0.0347049, 0.00153627, 4.74486e-06
5.48, 0.034858, 0.00154615, 4.77142e-06
5.52, 0.0347399, 0.00154282, 4.81212e-06
5.53, 0.0348566, 0.00154649, 4.78008e-06
5.535, 0.0347585, 0.00154126, 4.79627e-06
5.445, 0.0347456, 0.00154255, 4.81243e-06
5.525, 0.0348024, 0.00154669, 4.81174e-06
5.405, 0.0347831, 0.00154149, 4.74375e-06
5.475, 0.0348632, 0.00155064, 4.82607e-06
5.455, 0.0346843, 0.00153192, 4.69824e-06
5.465, 0.0347348, 0.00153854, 4.75325e-06
5.47, 0.0348066, 0.00154209, 4.75597e-06
5.58, 0.0347888, 0.00154408, 4.78333e-06
5.585, 0.0346922, 0.0015342, 4.74015e-06
5.56, 0.0348108, 0.0015454, 4.82044e-06
5.57, 0.0348383, 0.0015441, 4.77026e-06
5.51, 0.0347125, 0.00153785, 4.76336e-06
5.5, 0.034923, 0.0015521, 4.83012e-06
5.575, 0.0348471, 0.00154653, 4.80022e-06
5.515, 0.0349812, 0.00155567, 4.82317e-06
5.565, 0.0348148, 0.00154257, 4.75722e-06
5.505, 0.0348958, 0.00155104, 4.84879e-06
5.46, 0.0350442, 0.00156185, 4.87198e-06
5.55, 0.0349338, 0.00155561, 4.83925e-06
5.605, 0.0347367, 0.00154007, 4.77859e-06
5.545, 0.0349478, 0.00155528, 4.85452e-06
5.61, 0.0347401, 0.00154029, 4.76989e-06
5.615, 0.0348862, 0.00154871, 4.8079e-06
5.635, 0.0349438, 0.00155445, 4.84883e-06
5.6, 0.0348833, 0.00154943, 4.82656e-06
5.625, 0.0347064, 0.0015348, 4.71595e-06
5.595, 0.0348338, 0.00154443, 4.77121e-06
5.555, 0.0347639, 0.00153999, 4.7602e-06
5.59, 0.03488, 0.00154902, 4.81434e-06
5.665, 0.0349687, 0.00155622, 4.86482e-06
5.68, 0.0349401, 0.00155549, 4.86977e-06
5.685, 0.0349046, 0.0015523, 4.84186e-06
5.66, 0.0349232, 0.00155213, 4.81109e-06
5.64, 0.0347893, 0.0015396, 4.72886e-06
5.715, 0.0347571, 0.00154243, 4.8028e-06
5.72, 0.0348839, 0.00154826, 4.77069e-06
5.725, 0.0349536, 0.00155529, 4.83704e-06
5.63, 0.035046, 0.00156226, 4.86163e-06
5.75, 0.0348229, 0.00154087, 4.72272e-06
5.78, 0.0349298, 0.00155301, 4.82736e-06
5.62, 0.034792, 0.00154409, 4.81031e-06
5.775, 0.0346811, 0.00153264, 4.70435e-06
5.655, 0.0346647, 0.00153262, 4.74714e-06
5.77, 0.0349059, 0.00155404, 4.8467e-06
5.645, 0.0348188, 0.00154274, 4.76984e-06
5.675, 0.0348942, 0.00154727, 4.7881e-06
5.67, 0.0347702, 0.0015424, 4.7881e-06
5.835, 0.034941, 0.00155386, 4.83861e-06
5.79, 0.034855, 0.00155011, 4.82535e-06
5.695, 0.0347806, 0.00154007, 4.73246e-06
5.65, 0.0348394, 0.00154712, 4.78849e-06
5.83, 0.0349098, 0.00155606, 4.88316e-06
5.735, 0.0347985, 0.00154229, 4.74035e-06
5.73, 0.0348838, 0.00154955, 4.83195e-06
5.785, 0.0348311, 0.00155021, 4.8333e-06
5.855, 0.0349722, 0.00155659, 4.82977e-06
5.69, 0.0349145, 0.00155374, 4.85537e-06
5.82, 0.0348606, 0.00154574, 4.78158e-06
5.81, 0.0347738, 0.00153882, 4.71925e-06
3.515, 0.034939, 0.00155355, 4.81822e-06
5.76, 0.0348194, 0.00154574, 4.77402e-06
5.825, 0.0348422, 0.00154422, 4.76434e-06
5.745, 0.0348435, 0.00154525, 4.76708e-06
5.815, 0.0348964, 0.00155053, 4.78883e-06
5.7, 0.0347164, 0.00153812, 4.75915e-06
5.71, 0.0349286, 0.00155396, 4.81023e-06
5.705, 0.0347796, 0.00154344, 4.77967e-06
5.915, 0.0347354, 0.00153913, 4.76415e-06
5.86, 0.0348048, 0.0015428, 4.78549e-06
5.87, 0.034912, 0.0015495, 4.75269e-06
5.765, 0.0347186, 0.00153873, 4.78122e-06
5.875, 0.0348242, 0.00154621, 4.79494e-06
5.865, 0.034987, 0.00155978, 4.87805e-06
5.92, 0.0348078, 0.00154225, 4.76433e-06
5.925, 0.0349163, 0.001547, 4.73292e-06
5.845, 0.0350067, 0.00156093, 4.8855e-06
5.955, 0.0348787, 0.00154979, 4.80024e-06
5.9, 0.0348652, 0.00154788, 4.78721e-06
5.88, 0.0347455, 0.00153548, 4.71383e-06
5.885, 0.0348937, 0.00155286, 4.865e-06
5.755, 0.0348914, 0.00155084, 4.81543e-06
5.94, 0.0347307, 0.00153906, 4.75169e-06
5.945, 0.0348414, 0.00154395, 4.74868e-06
5.935, 0.0347087, 0.00153877, 4.7569e-06
5.895, 0.0347389, 0.00153457, 4.67828e-06
5.905, 0.0348325, 0.0015468, 4.83337e-06
5.89, 0.0347528, 0.00154131, 4.78513e-06
5.95, 0.0348631, 0.00154972, 4.82234e-06
5.84, 0.0347437, 0.00154225, 4.78037e-06
5.995, 0.0348784, 0.00154658, 4.75085e-06
5.91, 0.0349289, 0.00155247, 4.8049e-06
5.99, 0.0347861, 0.00153798, 4.70492e-06
6.035, 0.0348799, 0.00154888, 4.78951e-06
5.93, 0.0348769, 0.00155233, 4.86057e-06
6.025, 0.034848, 0.00154796, 4.83898e-06
6.075, 0.0349079, 0.00155171, 4.81158e-06
6.02, 0.0347149, 0.0015365, 4.74118e-06
5.96, 0.0348213, 0.00154445, 4.77022e-06
6.08, 0.0347867, 0.00154184, 4.78932e-06
5.97, 0.0349315, 0.00155656, 4.85275e-06
5.975, 0.0349141, 0.00155272, 4.81278e-06
5.965, 0.0348057, 0.00154674, 4.82231e-06
6.055, 0.0348469, 0.00154368, 4.76579e-06
6.065, 0.0348116, 0.00154506, 4.80088e-06
6.06, 0.0347734, 0.00154012, 4.7471e-06
6.105, 0.0348059, 0.00154166, 4.74364e-06
6.12, 0.0347754, 0.00153766, 4.70697e-06
6.11, 0.0347637, 0.00154044, 4.76704e-06
6.115, 0.0348939, 0.00155019, 4.81952e-06
6.085, 0.034883, 0.001555, 4.90166e-06
6.1, 0.0348362, 0.00154416, 4.75043e-06
6.095, 0.0346407, 0.001524, 4.60583e-06
6.005, 0.0348256, 0.00154996, 4.84458e-06
6.01, 0.0348752, 0.00155065, 4.81786e-06
5.985, 0.034804, 0.00154619, 4.81329e-06
6.125, 0.0348778, 0.00154967, 4.82915e-06
6.13, 0.0348685, 0.00155083, 4.84146e-06
6.07, 0.0347617, 0.00153749, 4.70266e-06
6.015, 0.034901, 0.00155025, 4.78792e-06
6.03, 0.0348272, 0.0015478, 4.83263e-06
6, 0.0348349, 0.00154565, 4.81214e-06
6.195, 0.0348361, 0.00154905, 4.84754e-06
6.19, 0.0348398, 0.0015467, 4.80487e-06
6.2, 0.0349287, 0.00155334, 4.83879e-06
6.17, 0.0348446, 0.00154931, 4.81295e-06
6.05, 0.0347019, 0.00153766, 4.78459e-06
6.185, 0.0349009, 0.0015483, 4.75637e-06
6.165, 0.0348448, 0.00154952, 4.81993e-06
6.15, 0.0348586, 0.00154936, 4.80398e-06
6.155, 0.0348473, 0.00154524, 4.77832e-06
6.145, 0.0348078, 0.00154338, 4.76275e-06
6.16, 0.0348465, 0.00154639, 4.78937e-06
6.14, 0.0347819, 0.00154198, 4.75729e-06
6.09, 0.0348622, 0.00154924, 4.80409e-06
6.045, 0.0348315, 0.00154476, 4.7929e-06
6.225, 0.0348564, 0.00154865, 4.81524e-06
6.04, 0.0348463, 0.00154642, 4.78588e-06
6.22, 0.0348871, 0.00155203, 4.83052e-06
6.21, 0.0350172, 0.00156258, 4.90097e-06
6.24, 0.0348419, 0.00154296, 4.74704e-06
6.135, 0.0349114, 0.00155354, 4.84047e-06
5.98, 0.0347501, 0.00153985, 4.77476e-06
6.25, 0.0347985, 0.00154172, 4.76705e-06
6.255, 0.0348527, 0.00154986, 4.83027e-06
6.26, 0.0348275, 0.00154184, 4.73517e-06
6.285, 0.0348976, 0.00155747, 4.90655e-06
6.175, 0.034683, 0.00153532, 4.73864e-06
6.215, 0.0348673, 0.00154597, 4.77733e-06
6.23, 0.0346773, 0.00153154, 4.66485e-06
6.235, 0.0347008, 0.00153532, 4.72663e-06
3.665, 0.0348324, 0.00154261, 4.72821e-06
6.275, 0.0348367, 0.00154725, 4.79376e-06
6.31, 0.034854, 0.00154674, 4.77086e-06
6.305, 0.0347333, 0.00153629, 4.73764e-06
6.29, 0.0347872, 0.00153915, 4.71725e-06
6.27, 0.0347405, 0.00154006, 4.7787e-06
6.265, 0.0348637, 0.00154985, 4.81546e-06
6.205, 0.0347582, 0.00154089, 4.77292e-06
6.28, 0.0349361, 0.00155107, 4.81057e-06
6.325, 0.0347641, 0.00154027, 4.75293e-06
6.32, 0.0350135, 0.00155886, 4.84259e-06
6.335, 0.0348614, 0.00154917, 4.81731e-06
6.33, 0.034783, 0.0015407, 4.74873e-06
6.245, 0.0348541, 0.00154785, 4.79554e-06
6.315, 0.0347763, 0.00154079, 4.76931e-06
6.295, 0.0347971, 0.00154103, 4.74047e-06
6.3, 0.0348438, 0.00155052, 4.81339e-06
6.345, 0.0349426, 0.00155425, 4.83285e-06
6.35, 0.0348674, 0.00154954, 4.82281e-06
6.355, 0.0347788, 0.00154137, 4.784e-06
3.67, 0.0348403, 0.00155254, 4.90934e-06
6.34, 0.0348343, 0.00154587, 4.79261e-06
6.36, 0.0347878, 0.00153829, 4.72332e-06
6.39, 0.0348345, 0.00154464, 4.79692e-06
6.365, 0.0349243, 0.0015558, 4.86528e-06
6.18, 0.0348418, 0.00154414, 4.75304e-06
6.385, 0.0347385, 0.0015408, 4.78286e-06
6.375, 0.0347065, 0.00153927, 4.8026e-06
6.38, 0.0348129, 0.00154421, 4.75053e-06
6.43, 0.0347974, 0.0015414, 4.7637e-06
6.395, 0.0347947, 0.00154532, 4.82445e-06
6.4, 0.0348671, 0.00154946, 4.8313e-06
6.405, 0.0347841, 0.00154311, 4.80368e-06
6.425, 0.0347886, 0.00154257, 4.7701e-06
6.45, 0.0348198, 0.00154402, 4.7824e-06
6.445, 0.0347877, 0.00154139, 4.75043e-06
6.415, 0.0347417, 0.00153721, 4.73216e-06
6.41, 0.0349331, 0.00155265, 4.83172e-06
6.52, 0.0348343, 0.00154614, 4.81114e-06
6.42, 0.0348517, 0.00155, 4.83895e-06
6.435, 0.0347882, 0.00153863, 4.70805e-06
6.44, 0.0347877, 0.00154232, 4.77629e-06
6.455, 0.0348959, 0.00154865, 4.80156e-06
6.465, 0.0347532, 0.00153926, 4.75856e-06
6.46, 0.0349199, 0.00155473, 4.85797e-06
6.485, 0.0348115, 0.00154371, 4.78721e-06
6.495, 0.034848, 0.00154698, 4.82677e-06
6.5, 0.0346779, 0.00153661, 4.76989e-06
6.51, 0.0347782, 0.00153973, 4.73603e-06
6.505, 0.0349286, 0.00155856, 4.91895e-06
6.49, 0.0348609, 0.00154551, 4.73935e-06
4.105, 0.0349272, 0.00154948, 4.766e-06
6.525, 0.0348681, 0.00154935, 4.80725e-06
6.53, 0.0347222, 0.00153702, 4.73857e-06
6.535, 0.0349311, 0.00155371, 4.81356e-06
6.47, 0.0349046, 0.0015522, 4.83398e-06
6.475, 0.034888, 0.00154997, 4.80072e-06
6.515, 0.0347961, 0.00153902, 4.70847e-06
6.48, 0.0349394, 0.00155429, 4.82682e-06
6.54, 0.0346949, 0.00153216, 4.67211e-06
6.555, 0.034861, 0.00154617, 4.78035e-06
6.545, 0.0348563, 0.00154709, 4.77964e-06
6.55, 0.0348121, 0.0015436, 4.77154e-06
6.585, 0.0346978, 0.00153433, 4.74797e-06
6.58, 0.0347525, 0.00154011, 4.75389e-06
6.595, 0.0348263, 0.00154623, 4.80007e-06
6.59, 0.0348305, 0.00154493, 4.75281e-06
6.615, 0.0348165, 0.0015434, 4.76084e-06
6.61, 0.0348782, 0.00155192, 4.83477e-06
6.56, 0.0348201, 0.00154609, 4.79564e-06
6.565, 0.0347935, 0.00154408, 4.78569e-06
6.655, 0.0349051, 0.00155393, 4.83479e-06
6.64, 0.0348882, 0.00154737, 4.78713e-06
6.6, 0.0348947, 0.00155208, 4.83264e-06
6.65, 0.0348278, 0.00154822, 4.83085e-06
6.635, 0.0348551, 0.00154324, 4.74055e-06
6.685, 0.0347933, 0.00153991, 4.74266e-06
6.575, 0.0349522, 0.00155784, 4.88924e-06
6.57, 0.034772, 0.00154025, 4.75706e-06
6.605, 0.0346836, 0.00153649, 4.76032e-06
6.665, 0.0347732, 0.00154127, 4.77682e-06
6.63, 0.0348161, 0.0015434, 4.77534e-06
6.66, 0.0346909, 0.00153364, 4.7185e-06
6.62, 0.0347589, 0.00154077, 4.77071e-06
6.625, 0.0348032, 0.00154532, 4.81214e-06
6.71, 0.0347836, 0.00153981, 4.73101e-06
6.72, 0.0349019, 0.00155344, 4.85242e-06
6.715, 0.0348334, 0.00154729, 4.82421e-06
6.7, 0.0348608, 0.00154854, 4.82593e-06
6.705, 0.0347582, 0.00153947, 4.76418e-06
6.68, 0.0348594, 0.00154746, 4.80503e-06
6.675, 0.0346673, 0.00152973, 4.6487e-06
6.73, 0.0348346, 0.00154691, 4.82526e-06
6.67, 0.0348685, 0.00155025, 4.82788e-06
6.69, 0.034621, 0.00153255, 4.76388e-06
6.735, 0.0348418, 0.00154411, 4.77315e-06
6.75, 0.0348428, 0.00154995, 4.83144e-06
6.755, 0.034833, 0.00154628, 4.80491e-06
6.76, 0.0347134, 0.00153519, 4.74217e-06
6.775, 0.0348741, 0.00154754, 4.77208e-06
6.745, 0.034831, 0.00154162, 4.73576e-06
6.695, 0.0349083, 0.00155386, 4.85381e-06
6.645, 0.0350127, 0.00155993, 4.85182e-06
6.74, 0.0348375, 0.00154841, 4.81723e-06
6.8, 0.034868, 0.00155223, 4.86632e-06
6.765, 0.0347792, 0.00154478, 4.83108e-06
6.84, 0.0348037, 0.00154564, 4.83808e-06
6.81, 0.0347815, 0.00154219, 4.78268e-06
6.725, 0.0347693, 0.00154017, 4.75879e-06
6.835, 0.0347709, 0.00153842, 4.71985e-06
6.77, 0.0348119, 0.00154506, 4.83062e-06
6.785, 0.0346209, 0.0015339, 4.76413e-06
6.78, 0.0347813, 0.00154104, 4.73969e-06
6.79, 0.0348343, 0.0015481, 4.82763e-06
6.87, 0.034793, 0.00154368, 4.81193e-06
6.83, 0.0348811, 0.00154749, 4.78313e-06
6.825, 0.0348583, 0.00154966, 4.82345e-06
6.795, 0.0347933, 0.00154145, 4.76578e-06
6.82, 0.0348777, 0.00155125, 4.85192e-06
6.9, 0.0347358, 0.0015366, 4.72851e-06
6.875, 0.0347662, 0.00154092, 4.77842e-06
6.945, 0.0347348, 0.0015411, 4.75567e-06
6.865, 0.0346463, 0.00153298, 4.72534e-06
6.935, 0.0348663, 0.00154943, 4.85426e-06
6.815, 0.0348167, 0.00154463, 4.77054e-06
6.91, 0.0348387, 0.00154581, 4.77064e-06
6.805, 0.0347722, 0.00153804, 4.74338e-06
6.89, 0.0347897, 0.00153925, 4.73764e-06
6.915, 0.0348967, 0.0015506, 4.82091e-06
6.85, 0.0348041, 0.00154386, 4.77882e-06
6.955, 0.0349003, 0.00154956, 4.79184e-06
6.95, 0.0348701, 0.00154792, 4.78268e-06
6.845, 0.034712, 0.00153619, 4.73319e-06
6.92, 0.0347721, 0.00154112, 4.78688e-06
6.925, 0.034858, 0.00154877, 4.80092e-06
6.98, 0.0347718, 0.0015404, 4.74614e-06
6.905, 0.034803, 0.00154185, 4.75359e-06
6.885, 0.0347005, 0.0015368, 4.75475e-06
6.99, 0.0347961, 0.00153795, 4.67942e-06
6.93, 0.0348454, 0.00154319, 4.73578e-06
6.88, 0.0349468, 0.00155559, 4.84184e-06
6.94, 0.034874, 0.00154903, 4.81788e-06
7.01, 0.0348497, 0.00155248, 4.88099e-06
6.895, 0.034876, 0.0015501, 4.80281e-06
7.005, 0.0348013, 0.00154162, 4.75765e-06
7.03, 0.0346784, 0.00153196, 4.71941e-06
6.975, 0.0348572, 0.0015495, 4.83152e-06
7.015, 0.0347455, 0.00153801, 4.75166e-06
6.97, 0.0348473, 0.00154676, 4.79274e-06
7.025, 0.0348253, 0.00154432, 4.75838e-06
6.965, 0.034783, 0.00153983, 4.75854e-06
7.035, 0.034807, 0.00154067, 4.75453e-06
7.055, 0.0349092, 0.00155239, 4.82149e-06
7.05, 0.0348412, 0.00154962, 4.84072e-06
7.045, 0.034816, 0.0015461, 4.79296e-06
7.04, 0.0348213, 0.00154508, 4.80087e-06
7.09, 0.0347024, 0.00153349, 4.6978e-06
7, 0.0347999, 0.00154578, 4.78634e-06
7.08, 0.0349194, 0.00155166, 4.77628e-06
7.085, 0.0348133, 0.00154618, 4.80461e-06
7.07, 0.0347383, 0.00153481, 4.71077e-06
7.065, 0.0347459, 0.00153635, 4.70792e-06
6.995, 0.0349239, 0.00155134, 4.78292e-06
4.475, 0.0349841, 0.00156001, 4.89308e-06
6.96, 0.0348288, 0.00154375, 4.79487e-06
7.095, 0.0348045, 0.00154374, 4.76497e-06
7.1, 0.0349061, 0.00155265, 4.84092e-06
6.985, 0.0347553, 0.00154131, 4.76962e-06
7.075, 0.0347429, 0.00153734, 4.74269e-06
7.02, 0.0348188, 0.00154542, 4.80067e-06
7.14, 0.0350458, 0.00156284, 4.88799e-06
7.155, 0.0346872, 0.00153496, 4.75553e-06
7.145, 0.0347786, 0.0015407, 4.77211e-06
7.15, 0.034631, 0.00152683, 4.67323e-06
7.13, 0.0349388, 0.00155521, 4.86233e-06
7.135, 0.0345954, 0.00152769, 4.682e-06
7.16, 0.0347271, 0.00153717, 4.73696e-06
7.21, 0.0347964, 0.00154243, 4.74741e-06
7.12, 0.0348404, 0.00154747, 4.8131e-06
7.125, 0.0348417, 0.00154907, 4.80961e-06
7.205, 0.0348946, 0.00155061, 4.80296e-06
7.11, 0.0347861, 0.00154055, 4.75668e-06
7.115, 0.0348275, 0.00154651, 4.79036e-06
7.22, 0.0348103, 0.00154429, 4.77742e-06
7.225, 0.0346792, 0.00153297, 4.71618e-06
7.175, 0.0348357, 0.00154779, 4.80298e-06
7.17, 0.0347696, 0.00154013, 4.74974e-06
7.25, 0.0347258, 0.00153617, 4.71448e-06
7.105, 0.0348151, 0.00154421, 4.77406e-06
7.245, 0.0348125, 0.00154478, 4.78695e-06
7.19, 0.0347632, 0.00153946, 4.73753e-06
7.255, 0.0348693, 0.00154719, 4.78352e-06
7.275, 0.03482, 0.00154492, 4.78778e-06
7.285, 0.0348978, 0.0015526, 4.83676e-06
7.28, 0.0347483, 0.00154106, 4.78294e-06
7.195, 0.0348046, 0.00153788, 4.68641e-06
7.27, 0.0346976, 0.00153398, 4.69091e-06
7.165, 0.034727, 0.00153399, 4.69316e-06
7.2, 0.0349138, 0.0015536, 4.83246e-06
7.18, 0.0347415, 0.00154136, 4.7992e-06
7.185, 0.0347351, 0.00153874, 4.75439e-06
7.24, 0.0348277, 0.00154562, 4.79539e-06
7.215, 0.0347316, 0.00153607, 4.73519e-06
7.235, 0.0347568, 0.0015406, 4.76037e-06
7.26, 0.0348063, 0.00154172, 4.75521e-06
7.265, 0.0348314, 0.0015451, 4.7586e-06
7.33, 0.0349038, 0.00155017, 4.80233e-06
7.335, 0.0349132, 0.00155001, 4.81158e-06
7.34, 0.0349334, 0.00155304, 4.80797e-06
7.3, 0.0347702, 0.0015396, 4.74495e-06
7.295, 0.0347125, 0.00153457, 4.70204e-06
7.305, 0.0349773, 0.00155466, 4.80326e-06
7.35, 0.0350468, 0.00156323, 4.90493e-06
7.32, 0.0348207, 0.00154805, 4.80792e-06
7.325, 0.0349223, 0.00155429, 4.83887e-06
7.315, 0.0348425, 0.00154069, 4.69572e-06
7.29, 0.0348906, 0.00154878, 4.7766e-06
7.31, 0.0348362, 0.00154632, 4.78092e-06
7.365, 0.0348223, 0.00154436, 4.78304e-06
7.355, 0.03477, 0.00154242, 4.79319e-06
7.36, 0.0348205, 0.00154696, 4.82196e-06
7.43, 0.0348772, 0.001553, 4.85199e-06
7.385, 0.0349878, 0.00156283, 4.92307e-06
7.405, 0.0348555, 0.00154367, 4.74271e-06
7.41, 0.0348277, 0.00154694, 4.75933e-06
7.38, 0.0347561, 0.00154347, 4.80035e-06
7.4, 0.0347829, 0.00154072, 4.73282e-06
7.395, 0.0348722, 0.00155119, 4.84637e-06
7.39, 0.0347525, 0.0015387, 4.77295e-06
7.37, 0.0347809, 0.00154206, 4.75401e-06
7.375, 0.0349627, 0.00155751, 4.85986e-06
7.42, 0.0347707, 0.001542, 4.79733e-06
7.47, 0.0347516, 0.00153761, 4.72186e-06
7.415, 0.0349311, 0.00155221, 4.80438e-06
7.46, 0.0347852, 0.00154234, 4.78105e-06
7.465, 0.0347521, 0.00153859, 4.74837e-06
7.475, 0.0349557, 0.00155451, 4.81477e-06
7.48, 0.0348099, 0.00154382, 4.76892e-06
7.485, 0.0348372, 0.00154941, 4.82092e-06
7.425, 0.034806, 0.00154566, 4.80283e-06
7.45, 0.0347557, 0.0015376, 4.72798e-06
7.44, 0.0347805, 0.00154402, 4.80598e-06
7.445, 0.0348197, 0.00154693, 4.81513e-06
7.515, 0.0349986, 0.00155591, 4.8094e-06
7.435, 0.034887, 0.00155062, 4.80762e-06
7.525, 0.03473, 0.00153561, 4.70928e-06
7.49, 0.0347595, 0.00154532, 4.8328e-06
7.5, 0.0348271, 0.00154593, 4.79294e-06
7.495, 0.0348689, 0.00154968, 4.81019e-06
7.52, 0.0347369, 0.00153773, 4.7639e-06
7.585, 0.0347869, 0.00154366, 4.77887e-06
7.51, 0.0347125, 0.0015328, 4.70009e-06
7.505, 0.0347387, 0.00153421, 4.68117e-06
7.565, 0.0349829, 0.00155644, 4.80118e-06
7.57, 0.0347632, 0.00153779, 4.72126e-06
7.575, 0.0348234, 0.00154397, 4.75261e-06
7.56, 0.034739, 0.00153563, 4.70835e-06
7.58, 0.0348881, 0.00154741, 4.76253e-06
7.53, 0.0348354, 0.00154699, 4.80813e-06
7.555, 0.0349056, 0.00155195, 4.81755e-06
7.54, 0.0347407, 0.00153695, 4.72859e-06
7.55, 0.0348504, 0.00154822, 4.80848e-06
7.545, 0.0349132, 0.00155372, 4.85422e-06
7.595, 0.034837, 0.00154332, 4.75218e-06
7.615, 0.0348622, 0.0015463, 4.77997e-06
7.6, 0.0347448, 0.00153693, 4.7271e-06
7.535, 0.0347384, 0.0015383, 4.75678e-06
7.59, 0.0347737, 0.00153738, 4.74155e-06
7.655, 0.0349753, 0.00155515, 4.82027e-06
7.66, 0.0347998, 0.00154213, 4.76787e-06
7.67, 0.0349313, 0.00155446, 4.82967e-06
7.645, 0.0349316, 0.00155779, 4.90334e-06
7.65, 0.0347882, 0.00154495, 4.80143e-06
7.61, 0.034695, 0.0015363, 4.78055e-06
7.685, 0.034743, 0.00153802, 4.76035e-06
7.605, 0.0348179, 0.00154317, 4.74625e-06
7.62, 0.0348543, 0.00154838, 4.82023e-06
7.64, 0.0347981, 0.0015424, 4.7604e-06
7.705, 0.0347697, 0.00154118, 4.77868e-06
7.665, 0.0348699, 0.00155102, 4.82194e-06
7.63, 0.0347409, 0.00153915, 4.75969e-06
7.71, 0.0347401, 0.00153937, 4.75626e-06
7.735, 0.0348118, 0.0015447, 4.79505e-06
7.725, 0.0348378, 0.00154791, 4.81902e-06
7.72, 0.0349144, 0.00155118, 4.7905e-06
7.675, 0.0347815, 0.00154173, 4.76959e-06
7.635, 0.034821, 0.00154822, 4.82787e-06
7.73, 0.0347599, 0.00154218, 4.80321e-06
7.68, 0.0347521, 0.00153588, 4.68222e-06
7.7, 0.034883, 0.0015465, 4.77508e-06
7.69, 0.0347459, 0.00153752, 4.72668e-06
7.625, 0.0349156, 0.0015528, 4.83205e-06
7.755, 0.0347217, 0.00153871, 4.73134e-06
7.76, 0.034796, 0.00154527, 4.82478e-06
7.77, 0.0348778, 0.00154765, 4.79672e-06
7.695, 0.0347275, 0.00153924, 4.78331e-06
7.715, 0.0348838, 0.00154766, 4.76463e-06
7.765, 0.0347731, 0.00154316, 4.79622e-06
7.745, 0.0347593, 0.00154034, 4.7765e-06
7.74, 0.034837, 0.00154401, 4.76624e-06
7.83, 0.0349789, 0.00155523, 4.81085e-06
7.825, 0.0349197, 0.00155376, 4.86322e-06
7.865, 0.0347535, 0.00153927, 4.75287e-06
7.785, 0.0348374, 0.00154692, 4.79718e-06
7.86, 0.0348195, 0.00154818, 4.83052e-06
7.88, 0.0348702, 0.00154881, 4.8137e-06
7.875, 0.0348731, 0.00155155, 4.85731e-06
7.78, 0.0348255, 0.00154004, 4.72046e-06
7.915, 0.0347909, 0.00154032, 4.73257e-06
7.815, 0.0349401, 0.00155269, 4.79922e-06
7.82, 0.0347831, 0.00154241, 4.78348e-06
7.75, 0.0347983, 0.00154323, 4.78321e-06
7.8, 0.0348448, 0.00154694, 4.79007e-06
7.795, 0.0349015, 0.00155184, 4.80546e-06
7.87, 0.034843, 0.00154434, 4.73662e-06
7.79, 0.0348767, 0.00154837, 4.80812e-06
7.91, 0.0347996, 0.00154133, 4.7711e-06
7.775, 0.0347677, 0.00154504, 4.82224e-06
7.85, 0.0349175, 0.0015515, 4.81073e-06
7.84, 0.034691, 0.00153023, 4.68568e-06
7.805, 0.0347027, 0.00153837, 4.75758e-06
7.81, 0.0348039, 0.00154521, 4.7887e-06
6
7.9, 0.0349764, 0.00155559, 4.82822e-06
7.905, 0.0348268, 0.00154666, 4.80142e-06
7.96, 0.0348148, 0.0015431, 4.76303e-06
7.945, 0.0347878, 0.00154153, 4.72736e-06
7.89, 0.0348776, 0.00155062, 4.8338e-06
7.895, 0.0348241, 0.00154277, 4.74605e-06
7.845, 0.0348251, 0.00154375, 4.73927e-06
7.835, 0.0347291, 0.00153907, 4.77787e-06
7.885, 0.0347622, 0.00153968, 4.76326e-06
7.95, 0.0347303, 0.00153863, 4.76873e-06
7.92, 0.0347908, 0.00154112, 4.75319e-06
7.925, 0.034887, 0.00154798, 4.76942e-06
7.965, 0.0347139, 0.00153767, 4.7406e-06
7.985, 0.0346908, 0.00153515, 4.74296e-06
7.98, 0.0348852, 0.00154951, 4.81798e-06
8.005, 0.0348304, 0.00154684, 4.83745e-06
8.015, 0.0346157, 0.00152521, 4.64598e-06
7.975, 0.034696, 0.00153913, 4.78448e-06
8.01, 0.0348933, 0.00154854, 4.78073e-06
7.935, 0.0348872, 0.00154802, 4.78651e-06
7.955, 0.034747, 0.00153987, 4.77418e-06
7.93, 0.0348795, 0.00154805, 4.76723e-06
7.995, 0.0349518, 0.00155332, 4.80733e-06
7.99, 0.0348574, 0.00154802, 4.78048e-06
7.97, 0.0348277, 0.00154528, 4.79329e-06
7.94, 0.0348684, 0.00154979, 4.82159e-06
8.07, 0.0347842, 0.00154229, 4.76169e-06
8.065, 0.0346004, 0.00152653, 4.6909e-06
8.045, 0.0349113, 0.00155152, 4.83615e-06
8.09, 0.0348258, 0.00154484, 4.77214e-06
8.06, 0.0347527, 0.0015423, 4.79684e-06
8.055, 0.0349176, 0.00155309, 4.84323e-06
8.095, 0.0347721, 0.00153995, 4.74595e-06
8.05, 0.0348858, 0.00155038, 4.80312e-06
8.03, 0.0347229, 0.00153352, 4.69276e-06
8.11, 0.034873, 0.00154896, 4.81074e-06
8.075, 0.0348826, 0.00154895, 4.78848e-06
8.04, 0.0348527, 0.00154781, 4.78954e-06
8.12, 0.034844, 0.00154381, 4.76137e-06
8.165, 0.0347022, 0.00153349, 4.73013e-06
8.17, 0.0348242, 0.00154403, 4.75e-06
8.16, 0.0349368, 0.00155511, 4.83487e-06
8.155, 0.0346694, 0.00153279, 4.72488e-06
8.15, 0.0348411, 0.00154152, 4.70692e-06
8.025, 0.034789, 0.00154151, 4.76546e-06
8.1, 0.0348421, 0.00154527, 4.76748e-06
8.035, 0.0347318, 0.00153711, 4.72982e-06
8.105, 0.0347658, 0.00153999, 4.76319e-06
8.115, 0.0348642, 0.00154646, 4.77059e-06
8, 0.0347482, 0.0015398, 4.75762e-06
8.085, 0.0348411, 0.00154765, 4.81894e-06
8.08, 0.0347724, 0.00153973, 4.75312e-06
8.205, 0.0348263, 0.00154575, 4.79889e-06
8.2, 0.0348109, 0.00154085, 4.73818e-06
8.135, 0.034828, 0.00154792, 4.8143e-06
8.145, 0.0348097, 0.00154285, 4.77035e-06
8.14, 0.0348534, 0.00154769, 4.80242e-06
8.195, 0.0348712, 0.00154621, 4.76501e-06
8.235, 0.034904, 0.00155396, 4.83617e-06
8.24, 0.0348429, 0.00154352, 4.77575e-06
8.245, 0.0347656, 0.00154027, 4.75748e-06
8.23, 0.0347503, 0.00153965, 4.73084e-06
8.13, 0.0349639, 0.00155927, 4.87571e-06
8.19, 0.0349072, 0.00155214, 4.84799e-06
8.215, 0.0349175, 0.00155263, 4.82405e-06
8.125, 0.0348612, 0.00154939, 4.83662e-06
8.21, 0.0348001, 0.00154175, 4.78781e-06
8.175, 0.0348195, 0.00154576, 4.78992e-06
8.225, 0.034841, 0.00154499, 4.76684e-06
8.22, 0.0348242, 0.00154707, 4.80076e-06
8.275, 0.0347096, 0.00153383, 4.6778e-06
8.18, 0.0347865, 0.0015416, 4.77466e-06
8.185, 0.0348498, 0.00154882, 4.82756e-06
8.285, 0.0347479, 0.00154368, 4.8357e-06
8.255, 0.0348649, 0.00154724, 4.77978e-06
8.26, 0.0348146, 0.00154342, 4.77201e-06
8.27, 0.0347395, 0.00153575, 4.7155e-06
8.25, 0.0348298, 0.0015455, 4.78697e-06
5.74, 0.0348628, 0.00155028, 4.85002e-06
8.265, 0.0348438, 0.00154684, 4.79221e-06
8.28, 0.0347785, 0.00154106, 4.74854e-06
5.805, 0.0346879, 0.0015383, 4.77037e-06
5.8, 0.0347727, 0.00154082, 4.76709e-06
5.795, 0.034893, 0.00154898, 4.77001e-06
8.29, 0.0347688, 0.0015376, 4.716e-06
8.295, 0.0348586, 0.00154899, 4.78913e-06
8.305, 0.0348182, 0.00154013, 4.71643e-06
8.3, 0.0349093, 0.00154794, 4.77997e-06
8.325, 0.0348333, 0.00154496, 4.78832e-06
8.35, 0.0348004, 0.00154451, 4.78914e-06
8.365, 0.0347185, 0.0015374, 4.75637e-06
8.36, 0.0346936, 0.00153219, 4.70079e-06
8.355, 0.0348112, 0.00154237, 4.75253e-06
8.31, 0.0348824, 0.00154552, 4.75544e-06
8.37, 0.0346739, 0.00153208, 4.70518e-06
8.32, 0.0347173, 0.00153639, 4.73414e-06
8.315, 0.0348632, 0.00155038, 4.85134e-06
8.415, 0.0348483, 0.00154754, 4.81637e-06
8.42, 0.0348932, 0.00154809, 4.7617e-06
8.425, 0.0348393, 0.00154521, 4.77725e-06
8.405, 0.0347478, 0.00153944, 4.77646e-06
8.395, 0.0349068, 0.00154859, 4.77113e-06
8.4, 0.0350144, 0.00155955, 4.83466e-06
8.39, 0.0347606, 0.00154019, 4.78185e-06
8.38, 0.0348072, 0.00154503, 4.7854e-06
8.34, 0.0348441, 0.00154518, 4.781e-06
8.385, 0.0349314, 0.00155275, 4.82579e-06
8.345, 0.0347581, 0.00153881, 4.73e-06
8.335, 0.0348004, 0.00154041, 4.74201e-06
8.375, 0.0347826, 0.00154342, 4.78624e-06
8.33, 0.0347126, 0.0015344, 4.69884e-06
8.455, 0.0348482, 0.00154754, 4.80201e-06
8.445, 0.0348995, 0.00155181, 4.83235e-06
8.45, 0.0346659, 0.00153527, 4.77595e-06
8.44, 0.034773, 0.00154156, 4.77742e-06
8.41, 0.034733, 0.00153648, 4.71645e-06
8.48, 0.0347665, 0.00154129, 4.76092e-06
8.47, 0.0348065, 0.00154297, 4.75774e-06
8.505, 0.0346932, 0.00153385, 4.71424e-06
8.51, 0.0349396, 0.00155681, 4.87692e-06
8.46, 0.034833, 0.00154483, 4.76647e-06
8.465, 0.0348467, 0.00154541, 4.76512e-06
8.515, 0.0347478, 0.00154009, 4.74189e-06
8.475, 0.0347244, 0.0015359, 4.71392e-06
8.49, 0.0347206, 0.00153851, 4.77252e-06
8.5, 0.034826, 0.00154351, 4.72943e-06
8.485, 0.034659, 0.0015317, 4.70662e-06
8.495, 0.0348897, 0.00155171, 4.85097e-06
8.43, 0.0348702, 0.00155121, 4.8381e-06
8.535, 0.0348783, 0.0015505, 4.82253e-06
8.54, 0.0348031, 0.00154419, 4.78838e-06
8.545, 0.0346459, 0.00152693, 4.64658e-06
8.53, 0.0348163, 0.00154689, 4.82072e-06
8.435, 0.0348741, 0.00154984, 4.81497e-06
8.56, 0.0347943, 0.00154542, 4.79913e-06
8.555, 0.0348115, 0.00154343, 4.75675e-06
8.525, 0.0348859, 0.00155295, 4.84407e-06
8.55, 0.0348613, 0.00154711, 4.78466e-06
8.585, 0.0347931, 0.00154379, 4.79021e-06
8.61, 0.0347042, 0.0015357, 4.73154e-06
8.605, 0.0349079, 0.00155095, 4.81045e-06
8.52, 0.0347777, 0.00153956, 4.74648e-06
8.625, 0.0349881, 0.00155699, 4.84925e-06
8.58, 0.0347816, 0.00153921, 4.73303e-06
8.565, 0.0348525, 0.00154833, 4.81283e-06
8.57, 0.0347452, 0.00153801, 4.74502e-06
8.575, 0.0348624, 0.00154627, 4.77256e-06
8.615, 0.0349128, 0.00155142, 4.79698e-06
8.635, 0.034706, 0.00153401, 4.69099e-06
8.59, 0.0347282, 0.00154029, 4.78063e-06
8.595, 0.0348437, 0.00154774, 4.79555e-06
8.63, 0.0346987, 0.00153444, 4.73403e-06
8.66, 0.0347328, 0.00153658, 4.71969e-06
8.68, 0.0347646, 0.00153805, 4.71818e-06
8.62, 0.0347962, 0.00154304, 4.75845e-06
8.675, 0.0347336, 0.00153915, 4.75871e-06
8.64, 0.034756, 0.00154166, 4.80927e-06
8.6, 0.0347612, 0.00153819, 4.71769e-06
6.37, 0.0348094, 0.00154166, 4.76513e-06
8.65, 0.0348473, 0.00154312, 4.73631e-06
8.645, 0.0348609, 0.0015463, 4.76996e-06
8.73, 0.0347992, 0.00154405, 4.7852e-06
8.655, 0.0348123, 0.00154192, 4.74555e-06
8.67, 0.034792, 0.00154046, 4.72281e-06
8.69, 0.0348187, 0.00154305, 4.74875e-06
8.7, 0.0349022, 0.00155057, 4.81982e-06
8.71, 0.0348492, 0.0015455, 4.77721e-06
8.705, 0.0348384, 0.00155051, 4.8397e-06
8.665, 0.0349797, 0.0015596, 4.88377e-06
8.715, 0.0348742, 0.00154933, 4.81801e-06
8.77, 0.0347843, 0.00154005, 4.72956e-06
8.695, 0.0348297, 0.00154246, 4.72018e-06
8.735, 0.034769, 0.00154333, 4.78235e-06
8.72, 0.0347666, 0.00154145, 4.77674e-06
8.765, 0.0348539, 0.00154632, 4.8055e-06
8.685, 0.0350016, 0.00156258, 4.87834e-06
8.775, 0.0349368, 0.00155529, 4.84706e-06
8.78, 0.0346124, 0.00152713, 4.66578e-06
8.725, 0.0347177, 0.00153604, 4.70065e-06
8.855, 0.0347798, 0.00154101, 4.76972e-06
8.84, 0.0347906, 0.00154254, 4.77598e-06
8.755, 0.0347615, 0.00153978, 4.77913e-06
8.74, 0.034961, 0.00155738, 4.89728e-06
8.76, 0.034809, 0.0015451, 4.79667e-06
8.825, 0.0348388, 0.00154416, 4.76805e-06
8.82, 0.0348712, 0.00154766, 4.81802e-06
8.885, 0.0348781, 0.00154959, 4.79289e-06
8.815, 0.0348945, 0.00155417, 4.8802e-06
8.805, 0.0349252, 0.00155582, 4.87249e-06
8.8, 0.0348623, 0.00154856, 4.79239e-06
8.81, 0.0349439, 0.00155405, 4.80493e-06
8.79, 0.0347445, 0.00154018, 4.7932e-06
8.785, 0.0348442, 0.00154828, 4.81082e-06
8.865, 0.0348787, 0.00154952, 4.78393e-06
8.86, 0.0346289, 0.00153091, 4.7447e-06
8.935, 0.0346517, 0.00152929, 4.67837e-06
8.795, 0.0349096, 0.00154958, 4.77924e-06
8.925, 0.0348334, 0.00154627, 4.77202e-06
8.93, 0.0348991, 0.00155098, 4.80026e-06
8.85, 0.0348533, 0.00154746, 4.78312e-06
8.845, 0.0347196, 0.00153444, 4.68789e-06
8.83, 0.0349256, 0.00154788, 4.7626e-06
8.745, 0.034885, 0.00154994, 4.79897e-06
8.895, 0.0347044, 0.00153379, 4.7418e-06
8.915, 0.0350425, 0.00156372, 4.88263e-06
8.905, 0.0348117, 0.00154367, 4.74767e-06
8.89, 0.0348596, 0.00154823, 4.80312e-06
8.835, 0.0347387, 0.0015385, 4.7577e-06
8.9, 0.034693, 0.00153486, 4.73365e-06
8.92, 0.0347754, 0.00154549, 4.8214e-06
8.875, 0.0348637, 0.00154758, 4.80839e-06
8.94, 0.0348013, 0.00154508, 4.7908e-06
8.945, 0.0348551, 0.00154871, 4.822e-06
8.88, 0.0347383, 0.00153725, 4.74161e-06
8.91, 0.0347246, 0.00153904, 4.77614e-06
8.87, 0.0347009, 0.00153324, 4.68066e-06
8.98, 0.0348786, 0.00154952, 4.821e-06
8.975, 0.0347851, 0.00154059, 4.74416e-06
8.955, 0.0348373, 0.00155004, 4.84215e-06
8.985, 0.0348665, 0.00155136, 4.87531e-06
8.97, 0.0349801, 0.00155987, 4.86405e-06
8.95, 0.0348972, 0.00155018, 4.82662e-06
8.99, 0.0345899, 0.00152821, 4.70685e-06
8.995, 0.0348559, 0.00154848, 4.80797e-06
9, 0.0347872, 0.00154134, 4.78767e-06
8.965, 0.0347393, 0.00153954, 4.77005e-06
8.96, 0.0346294, 0.00152636, 4.64265e-06
9.05, 0.0347811, 0.00153851, 4.7243e-06
9.045, 0.0346806, 0.0015338, 4.74061e-06
9.035, 0.0348589, 0.00154657, 4.77933e-06
9.04, 0.0347337, 0.0015358, 4.71119e-06
9.09, 0.0348593, 0.00154699, 4.79513e-06
9.095, 0.0348332, 0.00154433, 4.76725e-06
9.1, 0.0345722, 0.00152268, 4.64022e-06
9.01, 0.0348257, 0.00154423, 4.77778e-06
9.015, 0.0348632, 0.00155239, 4.86103e-06
9.105, 0.0348128, 0.00154547, 4.79663e-06
9.085, 0.0349158, 0.0015537, 4.83588e-06
9.185, 0.0345917, 0.00152623, 4.68717e-06
9.145, 0.0348749, 0.0015494, 4.82223e-06
9.135, 0.0348142, 0.00154472, 4.77689e-06
9.14, 0.0348404, 0.00154607, 4.81068e-06
9.025, 0.0347423, 0.00153666, 4.74041e-06
9.03, 0.0349277, 0.00155459, 4.8552e-06
9.08, 0.0348234, 0.00154615, 4.8325e-06
9.055, 0.0347852, 0.00154096, 4.74507e-06
9.06, 0.0347727, 0.00154026, 4.74858e-06
9.075, 0.0348147, 0.00154392, 4.78571e-06
9.065, 0.0347134, 0.00153553, 4.73173e-06
9.13, 0.0347347, 0.00153662, 4.7518e-06
9.18, 0.0349355, 0.00155405, 4.82951e-06
9.125, 0.0348093, 0.00154478, 4.8061e-06
9.07, 0.0348309, 0.00154634, 4.81514e-06
9.12, 0.0345557, 0.00152608, 4.70639e-06
9.02, 0.0348871, 0.0015517, 4.83548e-06
9.005, 0.0348632, 0.00154568, 4.77827e-06
9.115, 0.034699, 0.00153657, 4.76701e-06
9.155, 0.0347308, 0.00153604, 4.70837e-06
9.11, 0.0348218, 0.00154524, 4.78517e-06
9.165, 0.034805, 0.00154721, 4.85172e-06
9.16, 0.0348656, 0.00155144, 4.85122e-06
9.15, 0.0347514, 0.00153893, 4.75534e-06
9.19, 0.0348036, 0.00154503, 4.7886e-06
9.195, 0.0348024, 0.00153877, 4.73475e-06
9.175, 0.0348609, 0.00154586, 4.78321e-06
9.17, 0.0347599, 0.00153991, 4.76536e-06
9.2, 0.034827, 0.00154528, 4.76722e-06
6.855, 0.0348389, 0.00154598, 4.80808e-06
9.24, 0.0348902, 0.00154971, 4.79329e-06
9.245, 0.0348164, 0.00154565, 4.78174e-06
9.25, 0.0347533, 0.00153808, 4.72141e-06
9.21, 0.0347854, 0.00154311, 4.77989e-06
9.215, 0.0347484, 0.00153616, 4.70606e-06
9.22, 0.0347642, 0.00154111, 4.7629e-06
9.255, 0.0346573, 0.00153067, 4.69241e-06
9.26, 0.0347123, 0.00153582, 4.74354e-06
9.27, 0.0347382, 0.0015384, 4.78033e-06
9.28, 0.0349096, 0.00154945, 4.76895e-06
9.275, 0.0346651, 0.00153097, 4.6927e-06
9.265, 0.0349367, 0.00155334, 4.80262e-06
9.34, 0.034755, 0.00154205, 4.79914e-06
9.31, 0.0347065, 0.00153557, 4.74977e-06
9.3, 0.034811, 0.00154266, 4.77102e-06
9.345, 0.0349379, 0.00154956, 4.76822e-06
9.35, 0.0348371, 0.00154397, 4.74639e-06
9.305, 0.0348337, 0.00154405, 4.74558e-06
9.285, 0.0347438, 0.0015391, 4.77197e-06
9.39, 0.0349005, 0.00154654, 4.73165e-06
9.335, 0.0346637, 0.00153507, 4.75014e-06
9.395, 0.0349926, 0.0015578, 4.8109e-06
9.315, 0.0348423, 0.00154391, 4.75057e-06
9.365, 0.0347566, 0.00153975, 4.77338e-06
9.36, 0.0347389, 0.00153777, 4.73807e-06
9.33, 0.0348325, 0.0015472, 4.80073e-06
9.355, 0.0347405, 0.00154147, 4.77293e-06
9.37, 0.0347566, 0.0015378, 4.72211e-06
9.325, 0.0345681, 0.00152372, 4.66502e-06
9.385, 0.0348805, 0.00155079, 4.81897e-06
9.32, 0.034784, 0.00153987, 4.7463e-06
9.38, 0.0348832, 0.0015475, 4.77413e-06
9.375, 0.0347065, 0.00153487, 4.69637e-06
9.29, 0.0348085, 0.00154497, 4.80938e-06
9.4, 0.0347546, 0.001538, 4.73779e-06
9.295, 0.0347722, 0.00154002, 4.78206e-06
9.405, 0.0347098, 0.00153728, 4.74262e-06
9.445, 0.0347425, 0.00153894, 4.73549e-06
9.435, 0.0346242, 0.00152769, 4.67506e-06
9.44, 0.0346716, 0.00153081, 4.70112e-06
9.425, 0.0347614, 0.00154132, 4.7776e-06
9.41, 0.0347967, 0.00154111, 4.77232e-06
9.415, 0.0346972, 0.00153214, 4.67232e-06
9.42, 0.0346797, 0.00153669, 4.7747e-06
9.455, 0.0348211, 0.00154258, 4.73454e-06
9.45, 0.0347856, 0.00154108, 4.76247e-06
7.23, 0.0347067, 0.00153392, 4.72519e-06
9.47, 0.0347254, 0.00154035, 4.75723e-06
9.485, 0.0347774, 0.00154058, 4.7539e-06
9.48, 0.034816, 0.00154695, 4.82651e-06
9.495, 0.0348566, 0.00154678, 4.79285e-06
9.465, 0.0348104, 0.00154287, 4.75659e-06
9.475, 0.0348802, 0.00154624, 4.76467e-06
9.525, 0.0347744, 0.00153962, 4.72484e-06
9.53, 0.0348022, 0.00154336, 4.76143e-06
9.565, 0.0348514, 0.00154783, 4.79082e-06
9.555, 0.0348469, 0.00154612, 4.79855e-06
9.51, 0.0347652, 0.00153859, 4.73844e-06
9.505, 0.0348247, 0.00154721, 4.80218e-06
9.5, 0.0347317, 0.00153803, 4.77419e-06
9.52, 0.0348166, 0.00154833, 4.83236e-06
9.515, 0.0348368, 0.00154303, 4.75294e-06
9.55, 0.034722, 0.00153616, 4.74061e-06
7.345, 0.0347813, 0.00154079, 4.75554e-06
9.54, 0.0348269, 0.00154397, 4.782e-06
9.535, 0.0347295, 0.00153599, 4.73547e-06
9.545, 0.0348088, 0.00154612, 4.80672e-06
9.49, 0.0347276, 0.00153981, 4.76789e-06
9.56, 0.0346959, 0.00153374, 4.70851e-06
9.57, 0.0347536, 0.00153698, 4.72222e-06
9.43, 0.0347122, 0.00153623, 4.75963e-06
9.6, 0.0347611, 0.00154018, 4.77457e-06
9.575, 0.0347398, 0.00153617, 4.70772e-06
9.635, 0.0348799, 0.00155099, 4.82867e-06
9.63, 0.0347913, 0.00154519, 4.8128e-06
9.59, 0.0348403, 0.00154558, 4.78362e-06
9.675, 0.0349501, 0.00155669, 4.87025e-06
9.68, 0.0346046, 0.00152601, 4.66912e-06
9.685, 0.0349142, 0.00155185, 4.80593e-06
9.46, 0.0348399, 0.00154297, 4.72433e-06
9.62, 0.0348872, 0.00155196, 4.82853e-06
9.585, 0.0348343, 0.00154644, 4.7941e-06
9.595, 0.0348371, 0.001547, 4.80245e-06
9.64, 0.0348902, 0.00154949, 4.80187e-06
9.66, 0.034893, 0.00155183, 4.81949e-06
9.615, 0.0348103, 0.00153922, 4.71312e-06
9.605, 0.0346564, 0.00152814, 4.6564e-06
9.65, 0.0348072, 0.00154643, 4.82399e-06
9.645, 0.0347959, 0.00153885, 4.70844e-06
9.655, 0.0346935, 0.00153822, 4.76276e-06
9.61, 0.0348892, 0.0015541, 4.86865e-06
9.715, 0.0347073, 0.00153567, 4.74297e-06
9.695, 0.0347592, 0.00154292, 4.78108e-06
9.69, 0.0347888, 0.00153965, 4.74243e-06
9.71, 0.0348517, 0.00154477, 4.75617e-06
9.665, 0.0347671, 0.00153984, 4.77741e-06
9.625, 0.0347258, 0.0015364, 4.74266e-06
9.745, 0.0347185, 0.00153743, 4.75538e-06
9.67, 0.0348929, 0.00155061, 4.78707e-06
9.805, 0.0347946, 0.00153809, 4.72084e-06
9.785, 0.0347651, 0.00153955, 4.73484e-06
9.765, 0.0347615, 0.00153901, 4.73622e-06
9.7, 0.034774, 0.00154022, 4.74563e-06
9.855, 0.0346943, 0.00153589, 4.75315e-06
9.86, 0.034615, 0.00153275, 4.79659e-06
9.85, 0.0346948, 0.00153177, 4.69269e-06
9.8, 0.0349579, 0.00155546, 4.85751e-06
9.74, 0.0348546, 0.00154542, 4.76368e-06
9.735, 0.0348668, 0.00154433, 4.75317e-06
9.76, 0.0346425, 0.00153061, 4.71325e-06
9.73, 0.0348621, 0.00154806, 4.79011e-06
9.83, 0.0347754, 0.00153985, 4.75347e-06
9.755, 0.0348513, 0.00154757, 4.78692e-06
9.835, 0.0348251, 0.00154221, 4.73845e-06
9.79, 0.0347352, 0.00153846, 4.74275e-06
9.75, 0.0347746, 0.00154214, 4.79547e-06
9.725, 0.0348383, 0.00154567, 4.80842e-06
9.72, 0.0348665, 0.00154693, 4.78028e-06
9.705, 0.0347913, 0.00154321, 4.77271e-06
9.815, 0.034739, 0.00153504, 4.70012e-06
9.81, 0.0346729, 0.00153087, 4.68634e-06
9.84, 0.0347671, 0.0015419, 4.76259e-06
9.795, 0.0348533, 0.00154806, 4.79691e-06
9.88, 0.0348948, 0.00155394, 4.84964e-06
9.885, 0.0349554, 0.00155642, 4.85984e-06
9.775, 0.0348739, 0.00154781, 4.78334e-06
9.845, 0.0348688, 0.00154702, 4.78315e-06
7.455, 0.0348435, 0.00154615, 4.80212e-06
9.82, 0.0349529, 0.00155436, 4.83197e-06
9.875, 0.0348601, 0.00154985, 4.82425e-06
9.825, 0.0350078, 0.00156113, 4.88519e-06
9.78, 0.0350217, 0.00156266, 4.88136e-06
9.865, 0.0348746, 0.00155003, 4.80977e-06
9.87, 0.034938, 0.00155199, 4.79789e-06
9.895, 0.0348827, 0.00154847, 4.80306e-06
9.965, 0.0348248, 0.00154586, 4.80837e-06
9.91, 0.0346744, 0.00153401, 4.71354e-06
9.95, 0.0347317, 0.00154096, 4.79219e-06
9.89, 0.0348585, 0.00155063, 4.85788e-06
9.9, 0.0347179, 0.00153528, 4.71289e-06
9.93, 0.034958, 0.00155649, 4.86979e-06
9.925, 0.0347993, 0.00154263, 4.7644e-06
9.995, 0.0347826, 0.00154155, 4.77192e-06
9.945, 0.0348908, 0.00155029, 4.80213e-06
9.94, 0.0346787, 0.0015348, 4.72698e-06
9.935, 0.0348677, 0.0015484, 4.79825e-06
9.915, 0.0347243, 0.00153616, 4.74078e-06
9.92, 0.0347189, 0.00153555, 4.71909e-06
9.905, 0.0348777, 0.00155197, 4.83758e-06
9.97, 0.034865, 0.00155059, 4.82941e-06
9.955, 0.0347712, 0.00154352, 4.79259e-06
9.96, 0.0347379, 0.0015364, 4.71631e-06
10, 0.0347385, 0.00153801, 4.73313e-06
8.02, 0.0347313, 0.00153806, 4.74043e-06
9.205, 0.0347553, 0.00154154, 4.7548e-06
9.23, 0.0348581, 0.00154677, 4.79045e-06
9.225, 0.0347347, 0.00153938, 4.77871e-06
9.235, 0.0349288, 0.00155743, 4.88496e-06
9.58, 0.0347764, 0.00154378, 4.78061e-06
9.975, 0.0347123, 0.00153587, 4.74058e-06
9.98, 0.0348929, 0.00154781, 4.75563e-06
9.99, 0.0347769, 0.00154251, 4.78887e-06
9.985, 0.034762, 0.00154228, 4.78837e-06
