10, 32
10, 32
9.9, 32
9.8, 32
9.7, 32
9.6, 33
9.5, 33
9.4, 32
9.3, 32
9.2, 32
9.1, 33
9, 33
8.9, 33
8.8, 34
8.7, 33
8.6, 33
8.5, 33
8.4, 33
8.3, 33
8.2, 33
8.1, 33
8, 33
7.9, 33
7.8, 34
7.7, 34
7.6, 34
7.5, 34
7.4, 34
7.3, 34
7.2, 34
7.1, 34
7, 34
6.9, 34
6.8, 34
6.7, 34
6.6, 35
6.5, 35
6.4, 35
6.3, 35
6.2, 35
6.1, 35
6, 36
5.9, 36
5.8, 36
5.7, 36
5.6, 37
5.5, 37
5.4, 37
5.3, 37
5.2, 38
5.1, 38
5, 38
4.9, 39
4.8, 39
4.7, 39
4.6, 40
4.5, 40
4.4, 41
4.3, 41
4.2, 42
4.1, 43
4, 44
3.9, 45
3.8, 46
3.7, 47
3.6, 48
3.5, 50
3.4, 51
3.3, 55
3.2, 56
3.1, 60
3, 64
2.9, 68
2.8, 78
2.7, 88
2.6, 96
2.5, 115
2.4, 145
2.3, 190
2.2, 275
2.1, 440
10, 34
9.9, 34
9.8, 36
9.7, 32
9.6, 32
9.5, 34
9.4, 41
9.3, 38
9.2, 37
9.1, 32
9, 33
8.9, 33
8.8, 33
8.7, 33
8.6, 33
8.5, 33
8.4, 33
8.3, 33
8.2, 33
8.1, 33
8, 34
7.9, 33
7.8, 34
7.7, 33
7.6, 34
7.5, 34
7.4, 37
7.3, 36
7.2, 35
7.1, 35
7, 36
6.9, 38
6.8, 35
6.7, 34
6.6, 34
6.5, 35
6.4, 35
6.3, 35
6.2, 35
6.1, 35
6, 35
5.9, 36
5.8, 36
5.7, 36
5.6, 36
5.5, 37
5.4, 37
5.3, 37
5.2, 37
5.1, 38
5, 38
4.9, 38
4.8, 39
4.7, 39
4.6, 40
4.5, 42
4.4, 42
4.3, 42
4.2, 43
4.1, 44
4, 44
3.9, 46
3.8, 48
3.7, 49
3.6, 49
3.5, 50
3.4, 53
3.3, 56
3.2, 58
3.1, 61
3, 65
2.9, 71
2.8, 97
2.79, 85
2.78, 86
2.77, 81
2.76, 79
2.75, 82
2.74, 89
2.73, 91
2.72, 92
2.71, 94
2.7, 94
2.69, 95
2.68, 97
2.67, 99
2.66, 99
2.65, 101
2.64, 93
2.63, 93
2.62, 95
2.61, 96
2.6, 98
2.59, 99
2.58, 101
2.57, 102
2.56, 104
2.55, 106
2.54, 108
2.53, 110
2.52, 111
2.51, 114
2.5, 117
2.49, 118
2.48, 121
2.47, 124
2.46, 126
2.45, 130
2.44, 133
2.43, 134
2.42, 139
2.41, 142
2.4, 145
2.39, 149
2.38, 152
2.37, 158
2.36, 162
2.35, 166
2.34, 171
2.33, 175
2.32, 181
2.31, 187
2.3, 193
2.29, 200
2.28, 208
2.27, 217
2.26, 218
2.25, 226
2.24, 233
2.23, 242
2.22, 253
2.21, 262
2.2, 274
2.19, 286
2.18, 299
2.17, 309
2.16, 325
2.15, 338
2.14, 355
2.13, 374
2.12, 389
2.11, 408
2.1, 424
2.09, 446
2.08, 465
2.07, 488
2.06, 512
2.05, 536
2.04, 565
2.03, 592
2.02, 616
2.01, 645
2, 668
1.99, 704
1.98, 729
1.97, 764
1.96, 793
1.95, 820
1.94, 853
1.93, 887
1.92, 915
1.91, 946
1.9, 971
1.89, 1004
1.88, 1035
1.87, 1064
1.86, 1093
1.85, 1122
1.84, 1149
1.83, 1166
1.82, 1189
1.81, 1214
1.8, 1242
1.79, 1269
1.78, 1289
1.77, 1309
1.76, 1329
1.75, 1353
1.74, 1372
1.73, 1393
1.72, 1424
1.71, 1562
1.7, 1633
1.69, 1832
1.68, 1954
1.67, 1517
1.66, 1528
1.65, 1540
1.64, 1560
1.63, 1580
1.62, 1591
1.61, 1610
1.6, 1628
1.59, 1647
1.58, 1650
1.57, 1670
1.56, 1684
1.55, 1713
1.54, 1731
1.53, 1733
1.52, 1740
1.51, 1762
1.5, 1772
1.49, 1787
1.48, 1799
1.47, 1810
1.46, 1828
1.45, 1848
1.44, 1850
1.43, 1869
1.42, 1878
1.41, 1890
1.4, 1905
1.39, 1918
1.38, 1937
1.37, 1940
1.36, 1952
1.35, 1970
1.34, 1991
1.33, 2032
1.32, 2008
1.31, 2060
1.3, 2055
1.29, 2073
1.28, 2075
1.27, 2064
1.26, 2080
1.25, 2092
1.24, 2095
1.23, 2091
1.22, 2114
1.21, 2103
1.2, 2098
1.19, 2131
1.18, 2137
1.17, 2150
1.16, 2168
1.15, 2178
1.14, 2258
1.13, 2439
1.12, 2559
1.11, 2977
1.1, 3292
1.09, 2580
1.08, 2539
1.07, 2320
1.06, 2244
1.05, 2251
1.04, 2259
1.03, 2268
1.02, 2271
1.01, 2270
1, 2276
0.99, 2273
0.98, 2290
0.97, 2294
0.96, 2307
0.95, 2315
0.94, 2323
0.93, 2350
0.92, 2359
0.91, 2385
0.9, 2465
0.89, 2471
0.88, 2475
0.87, 2431
0.86, 2393
0.85, 2397
0.84, 2425
0.83, 2417
0.82, 2427
0.81, 2434
0.8, 2443
0.79, 2476
0.78, 2466
0.77, 2524
0.76, 2592
0.75, 2499
0.74, 2473
0.73, 2485
0.72, 2495
0.71, 2510
0.7, 2530
0.69, 2553
0.68, 2558
0.67, 2575
0.66, 2591
0.65, 2610
0.64, 2625
0.63, 2648
0.62, 2686
0.61, 2746
0.6, 2753
0.59, 2772
0.58, 2795
0.57, 2813
0.56, 2830
0.55, 2853
0.54, 2867
0.53, 2960
0.52, 2987
0.51, 3030
0.5, 3283
0.49, 3068
0.48, 2928
0.47, 2947
0.46, 3004
0.45, 2974
0.44, 2977
0.43, 2978
0.42, 2978
0.41, 2983
0.4, 2986
0.39, 2994
0.38, 2983
0.37, 2982
0.36, 2992
0.35, 2999
0.34, 2994
0.33, 2992
0.32, 2990
0.31, 2996
0.3, 2987
0.29, 2992
0.28, 3029
0.27, 3006
0.26, 3217
0.25, 3130
0.24, 3047
0.23, 3052
0.22, 3050
0.21, 3027
0.2, 3028
0.19, 3034
0.18, 3028
0.17, 3311
0.16, 5262
0.15, 4191
0.149, 3061
0.148, 3046
0.147, 3046
0.146, 3043
0.145, 3047
0.144, 3044
0.143, 3046
0.142, 3045
0.141, 3064
0.14, 3044
0.139, 3049
0.138, 3064
0.137, 3045
0.136, 3053
0.135, 3049
0.134, 3055
0.133, 3050
0.132, 3132
0.131, 3062
0.13, 3105
0.129, 3042
0.128, 3041
0.127, 3043
0.126, 3049
0.125, 3079
0.124, 3065
0.123, 3059
0.122, 3056
0.121, 3057
0.12, 3058
0.119, 3056
0.118, 3069
0.117, 3058
0.116, 3057
0.115, 3058
0.114, 3061
0.113, 3067
0.112, 3123
0.111, 3307
0.11, 3135
0.109, 3067
0.108, 3150
0.107, 3178
0.106, 3041
0.105, 3036
0.104, 3069
0.103, 3116
0.102, 3049
0.101, 3042
0.1, 3027
0.099, 3021
0.098, 3022
0.097, 3031
0.096, 3026
0.095, 3040
0.094, 3036
0.093, 3035
0.092, 3033
0.091, 3035
0.09, 3126
0.089, 3035
0.088, 3032
0.087, 3035
0.086, 3036
0.085, 3039
0.084, 3036
0.083, 3036
0.082, 3035
0.081, 3034
0.08, 3033
0.079, 3030
0.078, 3033
0.077, 3031
0.076, 3034
0.075, 3032
0.074, 3041
0.073, 3040
0.072, 3038
0.071, 3035
0.07, 3037
0.069, 3048
0.068, 3043
0.067, 3056
0.066, 3045
0.065, 3045
0.064, 3044
0.063, 3045
0.062, 3053
0.061, 3047
0.06, 3045
0.059, 3044
0.058, 3044
0.057, 3044
0.056, 3045
0.055, 3055
0.054, 3046
0.053, 3045
0.052, 3043
0.051, 3051
0.05, 3366
0.049, 3233
0.048, 3282
0.047, 3296
0.046, 3367
0.045, 3036
0.044, 3004
0.043, 3237
0.042, 3045
0.041, 3072
0.04, 3362
0.039, 3258
0.038, 3111
0.037, 3100
0.036, 3041
0.035, 3034
0.034, 3035
0.033, 3043
0.032, 3031
0.031, 3032
0.03, 3032
0.029, 3031
0.028, 3034
0.027, 3033
0.026, 3047
0.025, 3044
