0.015, 0.666667
0.02, 0.666667
0.05, 0.666667
0.025, 0.666667
0.01, 0.666667
0.03, 0.666667
0.055, 0.666667
0.06, 0.660376
0.07, 0.666667
0.065, 0.666595
0.125, 0.664822
0.135, 0.666524
0.14, 0.666667
0.005, 0.666667
0.12, 0.665234
0.13, 0.666667
0.115, 0.31167
0.095, 0.666667
0.1, 0.664409
0.18, 0.666667
0.175, 0.666667
0.185, 0.666667
0.19, 0.666667
0.22, 0.666667
0.08, 0.666667
0.195, 0.318261
0.075, 0.666667
0.11, 0.659908
0.105, 0.666667
0.2, 0.666667
0.225, 0.666667
0.24, 0.666667
0.21, 0.666667
0.15, 0.666278
0.25, 0.666667
0.46, 0.666659
0.265, 0.666667
0.27, 0.666667
0.085, 0.653543
0.17, 0.666667
0.145, 0.666547
0.245, 0.666667
0.215, 0.666667
0.23, 0.666667
0.165, 0.666667
0.205, 0.666667
0.235, 0.666667
0.29, 0.666667
0.26, 0.666667
0.09, 0.655769
0.16, 0.666642
0.155, 0.666667
0.255, 0.666667
0.295, 0.666667
0.3, 0.666666
0.285, 0.666667
0.475, 0.666657
0.445, 0.666661
0.44, 0.666661
0.45, 0.66666
0.435, 0.666662
0.275, 0.666667
0.28, 0.666667
0.345, 0.666666
0.35, 0.666666
0.42, 0.666663
0.415, 0.666663
0.425, 0.666662
0.365, 0.666665
0.37, 0.666665
0.385, 0.666665
0.4, 0.666664
0.375, 0.666665
0.395, 0.666664
0.38, 0.666665
0.47, 0.666658
0.39, 0.666664
0.325, 0.666666
0.355, 0.666666
0.33, 0.666666
0.315, 0.666666
0.335, 0.666666
0.32, 0.666666
0.36, 0.666666
0.34, 0.312249
0.505, 0.666652
0.305, 0.666666
0.31, 0.666666
0.43, 0.666662
0.405, 0.666664
0.41, 0.666663
0.59, 0.666628
0.595, 0.666625
0.495, 0.666654
0.5, 0.666653
0.48, 0.666656
0.49, 0.666655
0.485, 0.666656
0.455, 0.66666
0.585, 0.666629
0.465, 0.666658
0.545, 0.666643
0.53, 0.666647
0.54, 0.666644
0.535, 0.666646
0.55, 0.666642
0.525, 0.666648
0.51, 0.666651
0.52, 0.666649
0.515, 0.66665
0.6, 0.666623
0.64, 0.666602
0.65, 0.666597
0.645, 0.6666
0.635, 0.666606
0.56, 0.666639
0.57, 0.666635
0.565, 0.666637
0.58, 0.666632
0.575, 0.666634
0.555, 0.66664
0.625, 0.666611
0.62, 0.666614
0.63, 0.666608
0.605, 0.666621
0.615, 0.666617
0.61, 0.666619
0.655, 0.666593
0.665, 0.666586
0.66, 0.666591
0.675, 0.666579
0.68, 0.666574
0.67, 0.666582
0.685, 0.666571
0.695, 0.666561
0.69, 0.666567
0.705, 0.666554
0.715, 0.666542
0.72, 0.666537
0.725, 0.666532
0.7, 0.666557
0.71, 0.666547
0.73, 0.666528
0.76, 0.666488
0.825, 0.666372
0.835, 0.666346
0.83, 0.666356
0.77, 0.666474
0.765, 0.666479
0.815, 0.666391
0.785, 0.666448
0.795, 0.666429
0.82, 0.666378
0.81, 0.666404
0.78, 0.666456
0.775, 0.666465
0.79, 0.66644
1.035, 0.665265
1.04, 0.665235
1.05, 0.66516
1.045, 0.665199
0.75, 0.666503
0.745, 0.666509
0.93, 0.665981
0.755, 0.666495
0.74, 0.666514
0.735, 0.666521
0.85, 0.666307
0.855, 0.666289
0.98, 0.665687
0.805, 0.666413
0.845, 0.666321
0.8, 0.666423
0.84, 0.666331
0.94, 0.665946
0.95, 0.665889
0.925, 0.666022
0.92, 0.666038
0.885, 0.666195
0.895, 0.666151
0.89, 0.66618
0.905, 0.666106
0.865, 0.666263
0.86, 0.666276
0.9, 0.666127
0.875, 0.666214
0.87, 0.66624
0.88, 0.666205
0.955, 0.665852
0.97, 0.665745
0.975, 0.66572
1.145, 0.66447
0.91, 0.666095
0.96, 0.665818
0.965, 0.665787
0.915, 0.666066
1.065, 0.665037
1.07, 0.664995
0.945, 0.665915
1.025, 0.665351
1.03, 0.665313
1.075, 0.664978
0.985, 0.665648
0.995, 0.665586
1.01, 0.665479
1.005, 0.665507
1.02, 0.665377
1.015, 0.665419
1, 0.665534
0.935, 0.665981
1.06, 0.66505
1.055, 0.665096
1.08, 0.664936
0.99, 0.665641
1.13, 0.664598
1.115, 0.664686
1.105, 0.664776
1.11, 0.664733
1.12, 0.66464
1.125, 0.66463
1.09, 0.664841
1.1, 0.664804
1.14, 0.66455
1.095, 0.664843
1.135, 0.664567
1.085, 0.664895
1.15, 0.664471
1.155, 0.664467
1.16, 0.664429
1.165, 0.66441
1.17, 0.664396
1.22, 0.664193
1.215, 0.664188
1.175, 0.664377
1.205, 0.664244
1.2, 0.664263
1.21, 0.664188
1.19, 0.664285
1.195, 0.664282
1.28, 0.663921
1.18, 0.664329
1.185, 0.664328
1.245, 0.664068
1.255, 0.664031
1.23, 0.664142
1.27, 0.663977
1.235, 0.664098
1.265, 0.66401
1.25, 0.664065
1.24, 0.664083
1.26, 0.663988
1.225, 0.66418
1.275, 0.663932
1.29, 0.663915
1.295, 0.663832
1.3, 0.663821
1.32, 0.663709
1.305, 0.663766
1.315, 0.663778
1.31, 0.663757
1.285, 0.663902
1.335, 0.663634
1.33, 0.663636
1.325, 0.663732
1.34, 0.663632
1.355, 0.663482
1.345, 0.663605
1.35, 0.663534
1.365, 0.663472
1.36, 0.663479
1.37, 0.663406
1.375, 0.663382
1.385, 0.663309
1.38, 0.663331
1.4, 0.663206
1.395, 0.663197
1.405, 0.66316
1.39, 0.663246
1.425, 0.662971
1.415, 0.663031
1.41, 0.66305
1.42, 0.663031
1.43, 0.662931
1.445, 0.662751
1.435, 0.662785
1.59, 0.660533
1.585, 0.660648
1.595, 0.660491
1.44, 0.662783
1.52, 0.661853
1.46, 0.662681
1.465, 0.662561
1.665, 0.658546
1.515, 0.661902
1.455, 0.662661
1.48, 0.66234
1.57, 0.660878
1.45, 0.662674
1.47, 0.662511
1.475, 0.662397
1.525, 0.661697
1.62, 0.659825
1.535, 0.661602
1.54, 0.661499
1.67, 0.658397
1.555, 0.661209
1.56, 0.661202
1.565, 0.661113
1.51, 0.661968
1.505, 0.662077
1.61, 0.660154
1.615, 0.659968
0.045, 0.666667
1.49, 0.662284
0.035, 0.666667
1.715, 0.656729
1.5, 0.662112
1.485, 0.662255
1.495, 0.66216
0.04, 0.663986
1.545, 0.661434
1.55, 0.661325
1.65, 0.658924
1.575, 0.660902
1.655, 0.658961
1.6, 0.660267
1.66, 0.658666
1.58, 0.660784
1.53, 0.661706
1.72, 0.656509
1.71, 0.656828
1.695, 0.657572
1.685, 0.657813
1.705, 0.657102
1.675, 0.658106
1.7, 0.657114
1.64, 0.659238
1.635, 0.659443
1.625, 0.659712
1.75, 0.654872
1.73, 0.655931
1.755, 0.654434
1.735, 0.655821
1.74, 0.655401
1.745, 0.655175
1.69, 0.657726
1.63, 0.659589
1.815, 0.650198
1.68, 0.658031
1.78, 0.653185
1.79, 0.652181
1.795, 0.651725
1.805, 0.651205
1.8, 0.651412
1.785, 0.652541
1.76, 0.654159
1.775, 0.65345
1.765, 0.653787
1.77, 0.653776
1.725, 0.656116
1.81, 0.650872
1.82, 0.650004
1.83, 0.648954
1.825, 0.649418
1.835, 0.64847
1.85, 0.646912
1.855, 0.646147
1.845, 0.647293
1.84, 0.647888
1.885, 0.642237
1.905, 0.639723
1.89, 0.641722
1.865, 0.644995
1.88, 0.643486
1.95, 0.631756
1.86, 0.645887
1.955, 0.630501
1.875, 0.6437
1.87, 0.644443
1.915, 0.638094
1.895, 0.641528
1.9, 0.640398
1.94, 0.633509
1.945, 0.632662
1.975, 0.626169
1.91, 0.638847
1.92, 0.637969
1.925, 0.635792
1.93, 0.635342
1.935, 0.634292
1.96, 0.628947
1.965, 0.628885
1.97, 0.62735
2.01, 0.616844
2.025, 0.613168
2.015, 0.615444
2.005, 0.618937
1.99, 0.622042
1.985, 0.623374
1.995, 0.621554
2.02, 0.61399
1.98, 0.624868
2, 0.61963
2.035, 0.608996
2.03, 0.611625
2.06, 0.601923
2.045, 0.607852
2.04, 0.607709
2.055, 0.603542
2.05, 0.605411
2.07, 0.598888
2.065, 0.600381
2.075, 0.596527
2.085, 0.59292
2.08, 0.595741
2.095, 0.588406
2.11, 0.583822
2.1, 0.58848
2.09, 0.591871
2.105, 0.586043
2.115, 0.582136
2.15, 0.567343
2.2, 0.547152
2.205, 0.544215
2.21, 0.541292
2.12, 0.580625
2.125, 0.57808
2.13, 0.576856
2.145, 0.569178
2.165, 0.561409
2.14, 0.571177
2.135, 0.573767
2.155, 0.566271
2.16, 0.562314
2.265, 0.520096
2.195, 0.548392
2.19, 0.550287
2.18, 0.554282
2.185, 0.551483
2.17, 0.55935
2.175, 0.55718
2.255, 0.523829
2.26, 0.521388
2.215, 0.539588
2.245, 0.526832
2.24, 0.530092
2.235, 0.530805
2.28, 0.514513
2.27, 0.517405
2.25, 0.52398
2.22, 0.538176
2.23, 0.534576
2.225, 0.534578
2.275, 0.514609
2.29, 0.508574
2.295, 0.505631
2.315, 0.499037
2.32, 0.496844
2.31, 0.501548
2.37, 0.480282
2.365, 0.479615
2.305, 0.500864
2.3, 0.504213
2.285, 0.509579
2.385, 0.473194
2.405, 0.466948
2.395, 0.470187
2.41, 0.467192
2.325, 0.495192
2.39, 0.473042
2.335, 0.491431
2.345, 0.488107
2.34, 0.488719
2.33, 0.492097
2.38, 0.47544
2.375, 0.47687
2.45, 0.452956
2.415, 0.463143
2.4, 0.466433
2.485, 0.445606
2.5, 0.439962
2.47, 0.447341
2.505, 0.435927
2.48, 0.442957
2.475, 0.446603
2.465, 0.448137
2.46, 0.449664
2.495, 0.439606
2.44, 0.456206
2.445, 0.454086
2.435, 0.456747
2.43, 0.456925
2.455, 0.453453
2.515, 0.436165
2.51, 0.436111
2.52, 0.435562
2.535, 0.425931
2.42, 0.460933
2.525, 0.433273
2.545, 0.427817
2.55, 0.426834
2.425, 0.459224
2.54, 0.429064
2.555, 0.426838
2.605, 0.417681
2.61, 0.417643
2.56, 0.427209
2.585, 0.418493
2.58, 0.422287
2.57, 0.42226
2.575, 0.42083
2.565, 0.423536
2.685, 0.404081
2.59, 0.420831
2.64, 0.408635
2.595, 0.418273
2.6, 0.418032
2.675, 0.402632
2.68, 0.40118
2.66, 0.409675
2.655, 0.406555
2.63, 0.412186
2.62, 0.413486
2.615, 0.413635
2.635, 0.41328
2.665, 0.403771
2.625, 0.414841
2.67, 0.405784
2.65, 0.409481
2.645, 0.411365
2.69, 0.402968
2.705, 0.402522
2.695, 0.406851
2.7, 0.400319
2.73, 0.398675
2.735, 0.399372
2.74, 0.395373
2.725, 0.397344
2.72, 0.39916
2.715, 0.395325
2.71, 0.401488
2.745, 0.394118
2.75, 0.393634
2.76, 0.395784
2.765, 0.393223
2.755, 0.396681
2.78, 0.391604
2.785, 0.392041
2.775, 0.392536
2.79, 0.388871
2.77, 0.392491
2.795, 0.392233
2.805, 0.389527
2.9, 0.37909
2.825, 0.383068
2.83, 0.387201
2.82, 0.388357
2.835, 0.384804
2.895, 0.3792
2.81, 0.389175
2.91, 0.378272
2.815, 0.386144
2.87, 0.387448
2.885, 0.38331
2.875, 0.381709
2.865, 0.384686
2.88, 0.37882
2.8, 0.389909
2.85, 0.382621
2.855, 0.386168
2.845, 0.387105
2.84, 0.381857
2.96, 0.378519
2.905, 0.379613
2.89, 0.380738
2.86, 0.383712
2.92, 0.378678
2.915, 0.380751
2.925, 0.379455
2.95, 0.375661
2.955, 0.381307
2.94, 0.377104
2.945, 0.376273
2.935, 0.380542
2.93, 0.375949
3.005, 0.374783
2.995, 0.373466
2.99, 0.369007
2.965, 0.373297
2.97, 0.37708
2.975, 0.376667
2.985, 0.374011
3.025, 0.372438
2.98, 0.372908
3, 0.375109
3.015, 0.371559
3.01, 0.373988
3.03, 0.369526
3.05, 0.370855
3.045, 0.372369
3.02, 0.37018
3.035, 0.369378
3.04, 0.368819
3.065, 0.369953
3.06, 0.36957
3.085, 0.37498
3.055, 0.368816
3.08, 0.374145
3.09, 0.368865
3.075, 0.370918
3.07, 0.371492
3.105, 0.36604
3.1, 0.368702
3.095, 0.371196
3.145, 0.365637
3.135, 0.367651
3.11, 0.36656
3.13, 0.372527
3.125, 0.364196
3.195, 0.364536
3.115, 0.372563
3.175, 0.363434
3.17, 0.367566
3.185, 0.365048
3.12, 0.370302
3.19, 0.367968
3.18, 0.368161
3.165, 0.365499
3.14, 0.362552
3.3, 0.358746
3.305, 0.36371
3.23, 0.363769
3.245, 0.362288
3.235, 0.360827
3.24, 0.368315
3.15, 0.365598
3.155, 0.363592
3.16, 0.365883
3.26, 0.359467
3.275, 0.361481
3.255, 0.360189
3.27, 0.362114
3.2, 0.362198
3.265, 0.365935
3.25, 0.362626
3.28, 0.361925
3.285, 0.360435
3.29, 0.359739
3.345, 0.360887
3.225, 0.363575
3.215, 0.361546
3.22, 0.365582
3.21, 0.360899
3.205, 0.365102
3.295, 0.362493
1.645, 0.659216
3.32, 0.360785
3.315, 0.357947
3.31, 0.358377
3.45, 0.357417
3.41, 0.351715
3.415, 0.355548
3.405, 0.360741
3.365, 0.359921
3.375, 0.359483
3.355, 0.362366
3.34, 0.359448
3.36, 0.361835
3.335, 0.361791
3.33, 0.359419
3.395, 0.35604
3.39, 0.358287
3.38, 0.362494
3.385, 0.365148
3.35, 0.357167
3.37, 0.357529
3.325, 0.358316
3.42, 0.359676
3.4, 0.360876
3.455, 0.355988
3.44, 0.357818
3.43, 0.358801
3.435, 0.358515
3.425, 0.361266
3.495, 0.357145
3.505, 0.354333
3.5, 0.358049
3.445, 0.352251
3.47, 0.356579
3.475, 0.356777
3.465, 0.355598
3.46, 0.361329
3.52, 0.354099
3.49, 0.353668
3.485, 0.355924
3.48, 0.355698
3.525, 0.357944
3.53, 0.350613
3.535, 0.354286
3.51, 0.35912
3.56, 0.354991
3.57, 0.357021
3.565, 0.355486
3.555, 0.351328
3.515, 0.356477
3.54, 0.355493
3.545, 0.354401
3.585, 0.352069
3.63, 0.344596
3.575, 0.353436
3.69, 0.35241
3.615, 0.355777
3.61, 0.356902
3.605, 0.357695
3.62, 0.355023
3.625, 0.358789
3.55, 0.354953
3.595, 0.353671
3.58, 0.354825
3.59, 0.350224
3.645, 0.356709
3.655, 0.353791
3.66, 0.351464
3.64, 0.353721
3.65, 0.351769
3.685, 0.353726
3.6, 0.351796
3.635, 0.353159
3.68, 0.351457
3.695, 0.352359
3.665, 0.351446
3.67, 0.356054
3.7, 0.350977
3.705, 0.352915
3.71, 0.349158
3.675, 0.355911
3.715, 0.353316
3.755, 0.354547
3.74, 0.348529
3.75, 0.354264
3.72, 0.350447
3.735, 0.352175
3.77, 0.349732
3.73, 0.348115
3.725, 0.352153
3.775, 0.348759
3.745, 0.34881
3.765, 0.345067
3.76, 0.349602
3.795, 0.352116
3.8, 0.348466
3.78, 0.349136
3.785, 0.35027
3.79, 0.353845
3.81, 0.355855
3.805, 0.350771
3.825, 0.351598
3.82, 0.347422
3.83, 0.351065
3.815, 0.351676
3.835, 0.355696
3.845, 0.344511
3.85, 0.350759
3.84, 0.348024
3.895, 0.348175
3.885, 0.348005
3.875, 0.355665
3.88, 0.347737
3.855, 0.352758
3.86, 0.345381
3.87, 0.355519
3.865, 0.349416
3.91, 0.354706
3.89, 0.347816
3.905, 0.352387
3.9, 0.345211
3.915, 0.349585
4.01, 0.350719
4.005, 0.353869
3.92, 0.349996
3.935, 0.3543
3.93, 0.349965
3.925, 0.349611
3.99, 0.3485
4.08, 0.346771
3.955, 0.348107
3.96, 0.34691
3.94, 0.351313
3.995, 0.346673
3.95, 0.351043
4.18, 0.346257
4.04, 0.352112
3.945, 0.349169
4.055, 0.349793
4.045, 0.350787
4.05, 0.353577
4.03, 0.346082
4.035, 0.346885
4.06, 0.348195
4.015, 0.349133
3.965, 0.346645
4.235, 0.347644
4.23, 0.351056
4.075, 0.34644
3.985, 0.352246
4.065, 0.346347
3.975, 0.345547
3.98, 0.349319
4.07, 0.349462
3.97, 0.347436
4.105, 0.353343
4.095, 0.348377
4.09, 0.34623
4.11, 0.350259
4.17, 0.349132
4.1, 0.351461
4.085, 0.348029
4.02, 0.352616
4.025, 0.350459
4.14, 0.344559
4.13, 0.350407
4.155, 0.346654
4.15, 0.34705
4.135, 0.351279
4.145, 0.343468
2.355, 0.481689
4.165, 0.349219
2.35, 0.484276
4.16, 0.344346
2.36, 0.481195
4.115, 0.349462
4.24, 0.347001
4.12, 0.353456
4.19, 0.343464
4.185, 0.346761
4.125, 0.351228
4.195, 0.346514
4.22, 0.345997
4.21, 0.348809
4.215, 0.351109
4.27, 0.347118
4.265, 0.346699
4.255, 0.348133
4.25, 0.347119
4.225, 0.353028
4.2, 0.345257
4.245, 0.35009
4.205, 0.345265
4.26, 0.34715
4.275, 0.34598
4.28, 0.352042
4, 0.346733
4.29, 0.350346
4.295, 0.34442
4.285, 0.347969
4.325, 0.344053
4.305, 0.348469
4.38, 0.346152
4.315, 0.346167
4.375, 0.345553
4.32, 0.342303
4.31, 0.347626
4.35, 0.344605
4.355, 0.347597
4.39, 0.344431
4.3, 0.347361
4.335, 0.343006
4.33, 0.343666
4.385, 0.344946
4.34, 0.346259
4.405, 0.34844
4.345, 0.348975
4.395, 0.346442
4.41, 0.342565
4.4, 0.344439
4.37, 0.349133
4.36, 0.343371
4.425, 0.347277
4.42, 0.348872
4.365, 0.345981
4.415, 0.34638
4.43, 0.352645
4.445, 0.347685
4.44, 0.348008
4.435, 0.347278
4.455, 0.347521
4.49, 0.344152
4.46, 0.34716
4.53, 0.346401
4.51, 0.346691
4.505, 0.347836
4.515, 0.350529
4.52, 0.345098
4.525, 0.340359
4.485, 0.34609
4.45, 0.340457
4.48, 0.342766
4.465, 0.351486
4.475, 0.346181
4.54, 0.344212
4.535, 0.347619
4.495, 0.34388
4.545, 0.343871
4.5, 0.345218
4.47, 0.339771
4.575, 0.34648
4.55, 0.343496
4.555, 0.344777
4.56, 0.342855
4.57, 0.344212
4.615, 0.345279
4.565, 0.341696
4.58, 0.347759
4.59, 0.344899
4.585, 0.345145
4.605, 0.343854
4.61, 0.340194
4.65, 0.345478
4.655, 0.344088
4.74, 0.343574
4.6, 0.343241
4.63, 0.346189
4.635, 0.345118
4.625, 0.347154
4.645, 0.343167
4.62, 0.34271
4.64, 0.346797
4.66, 0.347304
4.665, 0.345068
4.75, 0.347389
4.595, 0.339164
4.67, 0.340907
4.685, 0.343109
4.68, 0.344667
4.695, 0.35129
4.7, 0.347977
4.69, 0.34221
4.675, 0.343767
4.745, 0.340898
4.73, 0.341945
4.735, 0.347757
4.71, 0.343097
4.715, 0.343138
4.705, 0.345633
4.72, 0.34312
4.755, 0.34024
4.835, 0.342165
4.725, 0.343825
4.84, 0.346033
4.845, 0.344369
4.785, 0.34281
4.775, 0.34544
4.765, 0.346024
4.805, 0.343522
4.77, 0.340628
4.76, 0.348395
4.78, 0.346894
4.82, 0.342623
4.79, 0.343129
4.795, 0.340485
4.825, 0.344937
4.81, 0.34026
4.83, 0.343734
4.88, 0.346049
4.815, 0.340997
4.8, 0.343139
4.85, 0.34576
4.875, 0.341786
4.935, 0.338543
4.86, 0.345172
4.855, 0.345263
4.9, 0.344153
4.91, 0.342092
4.89, 0.341106
4.87, 0.347489
4.865, 0.348252
4.895, 0.339406
4.93, 0.344053
4.975, 0.346003
4.92, 0.34089
4.925, 0.343206
4.885, 0.345782
4.945, 0.343847
4.98, 0.344945
4.915, 0.34395
4.905, 0.343142
5, 0.339884
4.95, 0.344971
5.025, 0.34257
4.985, 0.343101
5.015, 0.344504
5.005, 0.340886
5.03, 0.344101
5.02, 0.33838
5.01, 0.342113
4.94, 0.346905
4.97, 0.343549
4.96, 0.339796
5.06, 0.339502
4.965, 0.340206
5.065, 0.338739
5.07, 0.340717
5.04, 0.339258
5.075, 0.34914
5.08, 0.343923
4.955, 0.345225
5.05, 0.347677
5.11, 0.340062
5.055, 0.340976
4.995, 0.343025
4.99, 0.342348
5.115, 0.338149
5.1, 0.342683
5.12, 0.344745
5.16, 0.343076
5.155, 0.338194
5.125, 0.337567
5.105, 0.344216
5.045, 0.340259
5.035, 0.340878
5.13, 0.344923
5.135, 0.34078
5.14, 0.34278
5.145, 0.341657
5.15, 0.344234
5.09, 0.343378
5.085, 0.341028
5.165, 0.343739
5.095, 0.340515
5.21, 0.342552
5.215, 0.336535
5.17, 0.340351
5.185, 0.346172
5.18, 0.343952
5.175, 0.339808
5.19, 0.343429
5.2, 0.343694
5.195, 0.352983
5.23, 0.34463
5.25, 0.341208
5.235, 0.342515
5.245, 0.342442
5.24, 0.343022
5.225, 0.3448
5.27, 0.342558
5.22, 0.345388
5.265, 0.341049
5.255, 0.340095
5.275, 0.343493
5.26, 0.340922
5.205, 0.339865
5.285, 0.341431
5.29, 0.343313
5.33, 0.341744
5.32, 0.338897
5.375, 0.343969
5.38, 0.342103
5.315, 0.340896
5.28, 0.342719
5.325, 0.34261
5.39, 0.344284
5.34, 0.341312
5.335, 0.333238
5.365, 0.348334
5.345, 0.34575
5.435, 0.342123
5.31, 0.344826
5.3, 0.345673
5.295, 0.345463
5.42, 0.345688
5.415, 0.33922
5.425, 0.344345
5.43, 0.34277
5.305, 0.342951
5.37, 0.341126
5.405, 0.347526
5.41, 0.339794
5.355, 0.342825
5.36, 0.340736
5.385, 0.336334
5.35, 0.345866
5.465, 0.343585
5.47, 0.347819
5.4, 0.338344
5.395, 0.338897
5.455, 0.342549
5.46, 0.341761
5.45, 0.337734
5.49, 0.345846
5.44, 0.340898
5.445, 0.347594
5.535, 0.344948
5.485, 0.345464
5.48, 0.338849
5.475, 0.341967
5.495, 0.34278
5.505, 0.342977
5.555, 0.341224
5.51, 0.339882
5.515, 0.344069
5.525, 0.346738
5.53, 0.345742
5.52, 0.342957
5.57, 0.336157
5.65, 0.342407
5.61, 0.34383
5.56, 0.342596
5.59, 0.340282
5.5, 0.337279
5.54, 0.343963
5.6, 0.343518
5.595, 0.343446
5.565, 0.342885
5.575, 0.342766
5.55, 0.336145
5.545, 0.341952
5.615, 0.344754
5.62, 0.335661
5.585, 0.341707
5.58, 0.342043
5.605, 0.343896
5.66, 0.341104
5.635, 0.344426
5.665, 0.343861
5.75, 0.336755
5.67, 0.340238
5.655, 0.344449
5.645, 0.341561
5.64, 0.335145
5.755, 0.338612
5.625, 0.342873
5.63, 0.342737
5.69, 0.340323
5.7, 0.342418
5.705, 0.345313
5.695, 0.345411
5.685, 0.341647
5.715, 0.342747
5.77, 0.341973
5.765, 0.344499
5.72, 0.34375
5.71, 0.340428
5.68, 0.346775
5.76, 0.335001
5.675, 0.336244
5.735, 0.339667
5.725, 0.343318
5.74, 0.345287
5.84, 0.340527
5.73, 0.343527
5.815, 0.345286
5.805, 0.342872
5.8, 0.340366
5.775, 0.34134
5.78, 0.336603
5.785, 0.342483
5.81, 0.341877
5.845, 0.340633
5.795, 0.340134
5.79, 0.338336
5.82, 0.338596
5.86, 0.338888
5.83, 0.339696
5.825, 0.342623
5.87, 0.345901
5.85, 0.344837
5.745, 0.340434
5.835, 0.336628
5.855, 0.336876
5.9, 0.337594
5.865, 0.340409
5.895, 0.340671
5.89, 0.344211
5.92, 0.340505
5.93, 0.341306
5.925, 0.340977
5.945, 0.342415
5.935, 0.351123
5.875, 0.340116
5.88, 0.340406
5.885, 0.341103
5.95, 0.337745
5.975, 0.33735
5.91, 0.342515
5.905, 0.339068
5.915, 0.343992
6.045, 0.338852
5.97, 0.33806
5.965, 0.343573
5.98, 0.339715
6.005, 0.338323
5.96, 0.337655
5.955, 0.344002
5.995, 0.343672
5.94, 0.342441
5.985, 0.347452
5.99, 0.342957
6.065, 0.343577
6.06, 0.341691
6.08, 0.340606
6.01, 0.337579
6.085, 0.343156
6.055, 0.340255
6.05, 0.343963
6.155, 0.341104
6.15, 0.336212
6.075, 0.340067
6.04, 0.340528
6.07, 0.333719
6.105, 0.335929
6.11, 0.341751
6.035, 0.343408
6.1, 0.342072
6.03, 0.345529
6.02, 0.335793
6.015, 0.34105
6.025, 0.338122
6.125, 0.342394
6.135, 0.340219
6, 0.338947
6.13, 0.340662
6.195, 0.342133
6.18, 0.338478
6.165, 0.335451
6.185, 0.33679
6.12, 0.342809
6.09, 0.342174
6.115, 0.343857
6.17, 0.345228
6.175, 0.34278
6.095, 0.344296
6.205, 0.335708
6.32, 0.341744
6.325, 0.340001
6.21, 0.345787
6.35, 0.343022
6.16, 0.340549
6.14, 0.336323
6.2, 0.342308
6.215, 0.339267
6.145, 0.34244
6.225, 0.343931
6.22, 0.340458
6.23, 0.340041
6.19, 0.33745
6.25, 0.339642
6.265, 0.343869
6.26, 0.339951
6.255, 0.341329
6.245, 0.341418
6.24, 0.342031
6.235, 0.343597
6.385, 0.338274
6.285, 0.340007
6.29, 0.335541
6.28, 0.341226
6.275, 0.337778
6.27, 0.344835
6.295, 0.343618
6.315, 0.3385
6.31, 0.339882
6.3, 0.347144
6.305, 0.337828
6.46, 0.343766
6.455, 0.336467
4.175, 0.351071
6.355, 0.33798
6.36, 0.338929
6.365, 0.337581
6.345, 0.342617
6.335, 0.33759
6.34, 0.345264
6.445, 0.337961
6.45, 0.337737
6.44, 0.337737
6.395, 0.340507
6.33, 0.341205
6.37, 0.342339
6.375, 0.342709
6.38, 0.342537
6.42, 0.334972
6.4, 0.338082
6.39, 0.341421
6.48, 0.342479
6.49, 0.344129
6.47, 0.3418
6.465, 0.346866
6.485, 0.337181
6.41, 0.342194
6.405, 0.337122
6.415, 0.344352
6.545, 0.337688
6.5, 0.333227
6.435, 0.343766
6.43, 0.340699
6.505, 0.340073
6.425, 0.340741
6.525, 0.339149
6.475, 0.342128
6.495, 0.339746
6.52, 0.337466
6.51, 0.339541
6.515, 0.337761
6.535, 0.339456
6.57, 0.343199
6.53, 0.340041
6.54, 0.338867
6.56, 0.337813
6.55, 0.340328
6.585, 0.339028
6.605, 0.345981
6.555, 0.338167
6.565, 0.341926
6.625, 0.334819
6.615, 0.341752
6.595, 0.339726
6.58, 0.340322
6.64, 0.335899
6.59, 0.338548
6.665, 0.337324
6.67, 0.341872
6.62, 0.342631
6.575, 0.33856
6.61, 0.343579
6.645, 0.338003
6.66, 0.33988
6.655, 0.340869
6.7, 0.345696
6.695, 0.334512
6.69, 0.340348
6.65, 0.333366
6.635, 0.340219
6.63, 0.334932
6.685, 0.344726
6.745, 0.337832
6.74, 0.337312
6.77, 0.333622
6.6, 0.332046
6.675, 0.341529
6.715, 0.338909
6.72, 0.340953
6.68, 0.334489
6.705, 0.337449
6.725, 0.34447
6.71, 0.341346
6.795, 0.338426
6.73, 0.341578
6.735, 0.340295
6.755, 0.341337
6.76, 0.342059
6.765, 0.340464
6.785, 0.339461
6.775, 0.339487
6.815, 0.337213
6.75, 0.341405
6.79, 0.33913
6.835, 0.336848
6.82, 0.338394
6.81, 0.339863
6.8, 0.34164
6.805, 0.337178
6.875, 0.342544
6.85, 0.335129
6.83, 0.340866
6.845, 0.333061
6.825, 0.335681
6.87, 0.335437
6.84, 0.340287
6.865, 0.335417
6.86, 0.335594
6.885, 0.340207
6.88, 0.340574
6.895, 0.335632
6.9, 0.34225
6.89, 0.341198
6.92, 0.343279
6.91, 0.339133
6.905, 0.343616
6.93, 0.33928
6.935, 0.340458
6.925, 0.335523
6.955, 0.340798
6.99, 0.336439
6.855, 0.340528
6.95, 0.343898
6.915, 0.33549
7.03, 0.338897
7.035, 0.340627
7.005, 0.343637
6.975, 0.342297
6.97, 0.341792
6.965, 0.337817
6.995, 0.338899
6.94, 0.340479
6.945, 0.340358
7, 0.342567
7.16, 0.342805
7.07, 0.343141
7.06, 0.34019
7.04, 0.339461
7.05, 0.339022
7.045, 0.340081
7.055, 0.339955
7.065, 0.339335
7.01, 0.344926
6.985, 0.348196
6.96, 0.3429
7.185, 0.341844
7.19, 0.341358
7.085, 0.340434
7.09, 0.344513
7.015, 0.340127
7.025, 0.344509
7.02, 0.340788
7.225, 0.335435
7.12, 0.336352
7.075, 0.339819
7.115, 0.334339
7.08, 0.344229
7.125, 0.332102
7.145, 0.340726
7.15, 0.337939
7.135, 0.339893
7.14, 0.336408
7.11, 0.339921
7.155, 0.340902
7.1, 0.33866
7.095, 0.339812
7.105, 0.338233
7.18, 0.340438
7.175, 0.341884
7.17, 0.338319
7.13, 0.341146
7.205, 0.34279
7.195, 0.345045
7.21, 0.341035
7.165, 0.338919
7.2, 0.344237
7.255, 0.331277
7.245, 0.33994
7.215, 0.340302
7.235, 0.341985
7.22, 0.343929
7.26, 0.335986
7.23, 0.341748
7.25, 0.340569
7.24, 0.340628
7.275, 0.342808
7.28, 0.33609
7.285, 0.34022
7.265, 0.339922
7.27, 0.338506
7.295, 0.344262
7.29, 0.339737
7.3, 0.337426
7.305, 0.339536
7.315, 0.338529
7.33, 0.340314
7.32, 0.338
7.325, 0.34093
7.31, 0.342871
7.4, 0.342547
7.405, 0.339747
7.44, 0.334661
7.335, 0.34196
7.435, 0.341778
7.375, 0.343525
7.38, 0.340225
7.36, 0.339241
7.345, 0.33609
7.365, 0.335284
7.35, 0.340128
7.355, 0.340495
7.37, 0.337297
7.385, 0.347136
7.45, 0.336884
7.34, 0.339906
7.415, 0.338186
7.43, 0.334414
7.41, 0.336175
7.42, 0.337754
7.425, 0.34115
7.395, 0.337657
7.39, 0.342481
7.445, 0.341222
7.46, 0.337267
7.455, 0.341417
7.465, 0.3391
7.49, 0.337753
7.485, 0.33981
7.48, 0.339656
7.47, 0.336098
7.475, 0.33178
7.495, 0.341464
7.5, 0.34516
7.575, 0.339099
7.57, 0.341507
7.505, 0.337662
7.655, 0.339551
7.525, 0.342959
7.54, 0.341491
7.545, 0.337276
7.55, 0.335162
7.53, 0.341733
7.535, 0.341246
7.52, 0.342608
7.51, 0.339665
7.555, 0.345468
7.515, 0.343121
7.565, 0.341382
7.585, 0.345334
7.595, 0.340994
7.59, 0.337057
7.56, 0.342287
7.605, 0.339993
7.6, 0.342713
7.58, 0.337036
7.66, 0.342666
7.665, 0.333751
7.67, 0.337606
7.615, 0.332584
7.62, 0.337736
7.61, 0.338987
7.625, 0.334668
7.695, 0.344233
7.69, 0.336402
7.7, 0.337127
7.705, 0.333423
7.68, 0.344298
7.685, 0.341749
7.675, 0.339617
7.715, 0.338148
7.72, 0.336705
7.71, 0.336915
7.735, 0.337364
7.73, 0.343823
7.725, 0.341723
7.775, 0.336161
7.77, 0.338755
7.78, 0.338036
7.745, 0.345129
7.755, 0.337064
7.74, 0.343692
7.75, 0.341015
7.765, 0.340237
7.76, 0.337217
7.785, 0.336943
7.85, 0.340197
7.815, 0.341838
7.8, 0.340645
7.805, 0.3399
7.79, 0.33939
7.795, 0.333008
7.81, 0.336873
7.82, 0.339462
7.825, 0.339
7.845, 0.338768
7.84, 0.34032
7.835, 0.340101
7.83, 0.336872
7.895, 0.340002
7.89, 0.336213
7.855, 0.333291
7.865, 0.344097
7.875, 0.338743
7.88, 0.341324
7.885, 0.338112
7.87, 0.334611
7.86, 0.338177
7.9, 0.34468
7.91, 0.338933
7.905, 0.341232
7.925, 0.338738
7.92, 0.340455
7.915, 0.338338
7.95, 0.337113
7.945, 0.343367
7.94, 0.335328
7.935, 0.335355
7.93, 0.339616
7.96, 0.33323
7.955, 0.334415
7.965, 0.332989
7.99, 0.339642
7.97, 0.340888
7.975, 0.340686
7.98, 0.334952
8.005, 0.337719
8.025, 0.336165
7.995, 0.343924
8.015, 0.341036
8.01, 0.333833
8.02, 0.340137
7.985, 0.335857
8.03, 0.340301
8.035, 0.334212
8.045, 0.3398
8.04, 0.340355
8.11, 0.335822
8.105, 0.339156
8.085, 0.338712
8.08, 0.337699
8.05, 0.33793
8.075, 0.341877
8.07, 0.338094
8.065, 0.340611
8.06, 0.340119
8.095, 0.339596
8.09, 0.337576
8.055, 0.340509
8, 0.342646
8.13, 0.339003
8.125, 0.345966
8.14, 0.340419
8.145, 0.335183
8.135, 0.33705
8.1, 0.333334
8.15, 0.346929
8.115, 0.341799
8.12, 0.339022
8.18, 0.342485
8.16, 0.339044
8.235, 0.336761
8.23, 0.331376
8.2, 0.339023
8.205, 0.336469
8.22, 0.33878
8.215, 0.337741
8.21, 0.337935
8.17, 0.341783
8.165, 0.336938
8.175, 0.336922
8.225, 0.338803
8.195, 0.337462
8.185, 0.336058
8.19, 0.342222
8.155, 0.338132
8.245, 0.33769
8.24, 0.339136
8.335, 0.34055
8.275, 0.343579
8.27, 0.337667
8.255, 0.339758
8.25, 0.3392
8.26, 0.338906
8.365, 0.339451
8.29, 0.337261
8.3, 0.336173
8.295, 0.334976
8.28, 0.336642
8.285, 0.340441
8.265, 0.338908
8.305, 0.344638
8.325, 0.340274
8.33, 0.338542
8.32, 0.341668
8.345, 0.336543
8.315, 0.336376
8.39, 0.335822
8.31, 0.340955
8.355, 0.339112
8.36, 0.336188
8.395, 0.340942
8.34, 0.337423
8.35, 0.336051
8.375, 0.338398
8.38, 0.335291
8.37, 0.336379
8.405, 0.339894
8.385, 0.336269
8.415, 0.342717
8.41, 0.340176
8.425, 0.335774
8.4, 0.339354
8.42, 0.333077
8.435, 0.339851
8.47, 0.341622
8.45, 0.338651
8.46, 0.339099
8.445, 0.340222
8.455, 0.344044
8.465, 0.342266
8.44, 0.340123
8.43, 0.343511
8.485, 0.333194
8.48, 0.339169
8.505, 0.337344
8.5, 0.339792
8.495, 0.339906
8.49, 0.33332
8.52, 0.338297
8.475, 0.338649
8.555, 0.340799
8.575, 0.34691
8.55, 0.337094
8.57, 0.338774
8.51, 0.33995
8.515, 0.334578
8.59, 0.338581
8.585, 0.334226
8.545, 0.338111
8.535, 0.336645
8.53, 0.333276
8.54, 0.340002
8.58, 0.342622
8.525, 0.335601
8.635, 0.337923
8.565, 0.338893
8.63, 0.33988
8.56, 0.335989
8.605, 0.339542
8.6, 0.33834
8.65, 0.340898
8.645, 0.338554
8.595, 0.337893
8.61, 0.333782
8.625, 0.336093
8.62, 0.338888
8.615, 0.340019
8.64, 0.337779
8.655, 0.340769
8.66, 0.339563
8.785, 0.3402
8.78, 0.332015
7.645, 0.335329
7.65, 0.342348
8.665, 0.332741
7.64, 0.340616
7.635, 0.337864
8.75, 0.338118
8.815, 0.332007
8.825, 0.341028
8.74, 0.34349
8.82, 0.340561
7.63, 0.338321
8.7, 0.334641
8.71, 0.3416
8.705, 0.341207
8.695, 0.340683
8.68, 0.337792
8.67, 0.338296
8.69, 0.338495
8.685, 0.335704
8.675, 0.337326
8.735, 0.338725
8.72, 0.335139
8.745, 0.33996
8.81, 0.337399
8.765, 0.337385
8.805, 0.336707
8.77, 0.337128
8.8, 0.336875
8.755, 0.336862
8.76, 0.344313
8.795, 0.340168
8.725, 0.338542
8.945, 0.336563
8.87, 0.337279
8.85, 0.340682
8.83, 0.341447
8.855, 0.335695
8.845, 0.334455
8.84, 0.335206
8.835, 0.342817
8.79, 0.33536
8.96, 0.335897
8.97, 0.340121
8.775, 0.337184
8.86, 0.338508
8.73, 0.3379
8.95, 0.336912
9.02, 0.339663
9.035, 0.335697
8.915, 0.338984
8.885, 0.33326
8.91, 0.340008
8.875, 0.34529
8.905, 0.337778
8.89, 0.34299
8.865, 0.336773
8.88, 0.335334
8.9, 0.339677
8.895, 0.340729
8.935, 0.335628
8.93, 0.3363
8.92, 0.33651
9.005, 0.33797
8.965, 0.338471
8.985, 0.339491
8.98, 0.33797
8.99, 0.339791
8.955, 0.336158
8.975, 0.337141
8.94, 0.341295
8.925, 0.338737
8.995, 0.332582
9.025, 0.339433
9.17, 0.338231
9.06, 0.339525
9.015, 0.340667
9.01, 0.340937
9, 0.337877
9.185, 0.337077
9.055, 0.339931
9.07, 0.336638
9.03, 0.338548
9.065, 0.342244
9.075, 0.335224
9.095, 0.33903
9.09, 0.336346
9.08, 0.336181
9.05, 0.333224
9.04, 0.336482
9.045, 0.337415
9.115, 0.338818
9.085, 0.339238
9.12, 0.337668
9.1, 0.33578
9.105, 0.336821
9.15, 0.332881
9.16, 0.34018
9.165, 0.338905
9.11, 0.343795
9.125, 0.337589
9.135, 0.339771
9.19, 0.341004
9.345, 0.330986
9.21, 0.341385
9.195, 0.340902
9.2, 0.335076
9.155, 0.3379
9.205, 0.338741
9.13, 0.336458
9.14, 0.337956
9.145, 0.342839
9.25, 0.333457
9.255, 0.333176
9.235, 0.33567
9.24, 0.337829
9.375, 0.342539
9.38, 0.333705
9.285, 0.337172
9.18, 0.337307
9.245, 0.337619
9.22, 0.334068
9.215, 0.335753
9.275, 0.339974
9.28, 0.3357
9.26, 0.339644
9.225, 0.336321
9.265, 0.341048
9.23, 0.338082
9.27, 0.337358
9.33, 0.340218
9.34, 0.335552
9.29, 0.33838
9.31, 0.337423
9.3, 0.340279
9.305, 0.339396
9.355, 0.34259
9.325, 0.337506
9.32, 0.335715
9.315, 0.339316
9.335, 0.334581
9.295, 0.33591
9.365, 0.338064
9.41, 0.335681
9.36, 0.335614
9.405, 0.336761
9.415, 0.340267
9.39, 0.343855
9.385, 0.337857
9.395, 0.335904
9.4, 0.337185
9.42, 0.331888
9.35, 0.342944
9.37, 0.340333
9.46, 0.337499
9.45, 0.337962
9.455, 0.333448
9.48, 0.34312
9.51, 0.344711
9.515, 0.336651
9.53, 0.334866
9.52, 0.34028
9.485, 0.334486
9.525, 0.332712
9.505, 0.340984
9.475, 0.334676
9.445, 0.338103
9.44, 0.334773
9.435, 0.339628
9.43, 0.338194
9.425, 0.337985
9.47, 0.332819
9.465, 0.337304
9.495, 0.340761
9.49, 0.333613
9.5, 0.338992
9.535, 0.334741
9.545, 0.339035
9.58, 0.337177
9.55, 0.340206
9.555, 0.336348
9.59, 0.335162
9.565, 0.339868
9.585, 0.336382
9.56, 0.335259
9.54, 0.33153
9.63, 0.340378
9.575, 0.328662
9.57, 0.334425
9.595, 0.338102
9.625, 0.334195
9.62, 0.336524
9.615, 0.337909
9.61, 0.335155
9.64, 0.339966
9.635, 0.335265
9.605, 0.344173
9.67, 0.338751
9.655, 0.339197
9.66, 0.33808
9.74, 0.338466
9.665, 0.339872
9.735, 0.33946
9.675, 0.334422
9.68, 0.340572
9.65, 0.340963
9.7, 0.33834
9.6, 0.336714
9.695, 0.330097
9.75, 0.339293
9.645, 0.340487
9.755, 0.335791
9.725, 0.330557
9.685, 0.34017
9.69, 0.338007
9.73, 0.333289
9.745, 0.339814
9.71, 0.332301
9.715, 0.33838
9.875, 0.338999
9.87, 0.341
9.72, 0.337459
9.865, 0.339252
9.76, 0.337302
9.765, 0.335035
9.785, 0.33793
9.78, 0.336059
9.905, 0.337015
9.8, 0.334934
9.825, 0.33661
9.815, 0.341363
9.81, 0.338114
9.82, 0.33471
9.795, 0.339097
9.705, 0.340411
9.805, 0.342032
9.77, 0.337759
9.775, 0.336068
9.79, 0.33533
9.895, 0.338369
9.85, 0.341846
9.84, 0.338742
9.845, 0.339293
9.94, 0.337479
9.965, 0.337431
9.855, 0.329822
9.9, 0.342028
9.91, 0.335236
9.93, 0.33253
9.86, 0.340354
9.945, 0.340389
9.915, 0.336792
9.95, 0.333077
9.92, 0.342496
9.925, 0.336942
9.955, 0.336321
9.97, 0.340239
9.96, 0.33913
9.98, 0.339203
9.935, 0.33537
9.985, 0.340012
9.975, 0.340549
9.99, 0.340923
9.995, 0.33895
10, 0.335903
8.715, 0.339577
9.175, 0.335415
9.83, 0.335289
9.835, 0.341176
9.89, 0.34162
9.885, 0.334861
9.88, 0.337916
