0.02, 0.0591526
0.015, 0.0590766
0.05, 0.0588923
0.075, 0.0592687
0.065, 0.0593718
0.43, 0.059209
0.45, 0.0592082
0.07, 0.0589385
0.185, 0.0589328
0.085, 0.0591556
0.14, 0.0589815
0.135, 0.058892
0.055, 0.0594428
0.51, 0.0590495
0.08, 0.0591995
0.52, 0.059177
0.435, 0.059052
0.525, 0.05907
0.3, 0.05909
0.145, 0.0589944
0.515, 0.0591872
0.06, 0.0591884
0.445, 0.0589813
0.44, 0.0589009
0.13, 0.0590058
0.295, 0.0589901
0.12, 0.0590534
0.125, 0.0591859
0.26, 0.0590425
0.405, 0.059059
0.265, 0.0590104
0.4, 0.0592077
0.395, 0.0592694
0.38, 0.0590576
0.29, 0.0591884
0.305, 0.0592969
0.475, 0.0591221
0.48, 0.058914
0.39, 0.0590424
0.275, 0.0590316
0.385, 0.059031
0.28, 0.0590483
0.415, 0.0592141
0.42, 0.0590758
0.27, 0.0591651
0.425, 0.059199
0.285, 0.0589112
0.41, 0.0592175
0.89, 0.0588467
0.605, 0.059018
0.635, 0.0589611
0.685, 0.059365
0.61, 0.0592559
0.195, 0.059292
0.19, 0.0588389
0.68, 0.0588564
0.645, 0.0591955
0.69, 0.0591094
0.21, 0.0589938
0.64, 0.0590626
0.675, 0.0592039
0.63, 0.0594055
0.945, 0.0590886
0.885, 0.0591839
1.005, 0.0591638
0.2, 0.059327
0.975, 0.0594301
1, 0.0590666
0.99, 0.0590137
0.98, 0.0590504
0.985, 0.0590931
0.205, 0.0589231
1.01, 0.0589883
0.94, 0.0590281
0.615, 0.0592088
0.505, 0.059066
0.485, 0.0590466
0.625, 0.0590415
0.935, 0.0593277
0.175, 0.0591201
0.5, 0.0593335
0.62, 0.0591122
0.865, 0.0590796
0.67, 0.059194
0.495, 0.059334
0.875, 0.0590985
0.88, 0.059002
0.165, 0.0592446
0.155, 0.0592921
0.49, 0.0590405
1.075, 0.0591194
0.995, 0.0592029
0.655, 0.0591298
1.07, 0.058974
0.665, 0.0591621
0.66, 0.0590013
1.08, 0.0591448
0.16, 0.0590618
0.65, 0.0591599
0.15, 0.0591935
0.96, 0.0590799
0.955, 0.0591703
1.125, 0.0592437
0.97, 0.059205
1.06, 0.0592083
0.04, 0.0591521
0.045, 0.0589524
1.055, 0.0588797
0.95, 0.0589782
0.035, 0.0588344
0.17, 0.0590209
1.045, 0.059026
0.965, 0.0590926
1.065, 0.0589521
1.05, 0.0590471
0.92, 0.0589036
0.925, 0.0589828
0.915, 0.0590377
1.13, 0.0590634
1.135, 0.0591182
0.93, 0.0590014
1.14, 0.0591525
0.18, 0.059112
0.03, 0.0594281
1.18, 0.0592496
0.025, 0.0591537
1.195, 0.0590804
1.2, 0.0593447
1.23, 0.0587758
1.025, 0.0590299
1.115, 0.0593703
1.11, 0.0590175
1.02, 0.0593284
0.465, 0.0592232
1.235, 0.0590599
1.015, 0.0592012
0.46, 0.0595114
0.47, 0.058976
1.21, 0.0590776
1.215, 0.0592586
1.12, 0.059094
1.22, 0.0591642
1.205, 0.0591873
1.225, 0.0592444
0.895, 0.0591017
0.01, 0.0591296
0.905, 0.059036
0.9, 0.0589205
0.25, 0.0589988
0.36, 0.0590026
0.355, 0.0591459
0.235, 0.0592557
0.24, 0.0591044
0.225, 0.0591959
0.255, 0.059042
0.35, 0.0589703
0.34, 0.0590708
0.365, 0.0594251
0.23, 0.058941
0.345, 0.0592349
0.375, 0.0590493
0.1, 0.0591544
0.37, 0.0593192
0.32, 0.0590547
0.85, 0.0590944
0.315, 0.0588715
0.22, 0.0589208
0.11, 0.0590492
0.86, 0.0592935
0.31, 0.0592106
0.245, 0.0592354
0.855, 0.0589631
0.105, 0.0590497
0.325, 0.0592959
0.215, 0.0591373
0.335, 0.0591255
0.115, 0.0591946
0.33, 0.059008
0.54, 0.0590995
0.535, 0.0589753
0.91, 0.0591848
0.585, 0.059132
0.555, 0.0590702
0.53, 0.0589696
0.56, 0.059141
0.55, 0.059571
0.59, 0.0590878
0.545, 0.059161
0.575, 0.0589828
0.76, 0.0588055
0.75, 0.0591595
0.82, 0.0590615
0.57, 0.0592008
0.755, 0.0589849
0.565, 0.059191
0.825, 0.0589102
0.58, 0.0592168
0.745, 0.0589698
0.815, 0.0589658
0.74, 0.0592321
0.455, 0.0588753
0.81, 0.0592599
0.595, 0.0590324
0.6, 0.0591486
0.765, 0.0593202
0.78, 0.059005
0.77, 0.0589791
0.8, 0.0592982
0.775, 0.0590569
0.725, 0.0591041
0.72, 0.0592853
0.73, 0.0590919
0.09, 0.0588161
0.715, 0.0591461
0.095, 0.0590957
0.835, 0.0590158
1.19, 0.0589353
0.71, 0.0588835
0.84, 0.0590981
0.7, 0.0590769
0.845, 0.0590657
0.705, 0.0590864
0.79, 0.0590634
0.795, 0.0588434
1.185, 0.0591176
1.04, 0.0591534
0.805, 0.0592436
1.24, 0.0590914
1.035, 0.0590811
1.03, 0.0591579
1.25, 0.0589864
1.245, 0.0591618
0.735, 0.058947
0.785, 0.0592991
0.695, 0.0592363
0.005, 0.0592524
1.26, 0.0590689
1.265, 0.0590721
1.27, 0.0589608
1.275, 0.0593318
1.375, 0.0592114
1.305, 0.0590426
1.315, 0.0592544
1.295, 0.0590634
1.285, 0.0588672
1.31, 0.0590385
1.3, 0.0592527
1.32, 0.0590601
1.29, 0.0592071
1.28, 0.0592451
1.325, 0.0588811
1.365, 0.0590945
1.335, 0.0593474
1.37, 0.0591559
1.35, 0.0590211
1.345, 0.0593713
1.34, 0.0594533
1.355, 0.0588692
1.36, 0.0592694
1.33, 0.0591328
1.385, 0.0591233
1.38, 0.0591472
1.43, 0.0592826
1.42, 0.0591594
1.39, 0.0592818
1.425, 0.0590718
1.415, 0.0591381
1.475, 0.0587343
1.52, 0.059083
1.525, 0.0591091
1.445, 0.0592052
1.44, 0.0590457
1.255, 0.0591921
1.55, 0.0592608
1.555, 0.0594019
1.56, 0.0589792
1.495, 0.0591546
1.565, 0.0589715
1.545, 0.0591565
1.41, 0.0592154
1.505, 0.0590522
1.5, 0.0590807
1.515, 0.0589426
1.405, 0.0589361
1.51, 0.0592869
1.395, 0.0590577
1.4, 0.0592622
1.46, 0.0589629
1.465, 0.0590945
1.45, 0.0592941
1.47, 0.0588029
1.455, 0.0590468
1.645, 0.0593042
1.655, 0.0590885
1.61, 0.0594954
1.62, 0.0590266
1.615, 0.0592169
1.695, 0.0590788
1.69, 0.0591534
2.015, 0.0588031
2, 0.0592119
1.7, 0.0590726
1.435, 0.0591034
2.005, 0.0589254
1.625, 0.0589641
2.01, 0.0589798
1.65, 0.0589563
1.965, 0.0590942
1.795, 0.0594683
1.93, 0.0588741
1.935, 0.0593462
1.785, 0.0588854
1.75, 0.058951
1.755, 0.0589501
1.945, 0.0589669
1.94, 0.0591466
1.97, 0.0590718
1.49, 0.0591927
1.79, 0.0590086
1.96, 0.05911
1.955, 0.0592068
1.895, 0.0589498
1.95, 0.0592574
1.89, 0.0590648
1.9, 0.0591466
1.485, 0.0590586
1.535, 0.0588894
1.57, 0.0591768
1.575, 0.0591571
1.48, 0.0591174
1.635, 0.0591126
2.31, 0.0590679
2.265, 0.0590327
2.295, 0.0590467
2.345, 0.0590779
2.34, 0.0590158
2.26, 0.0591838
2.3, 0.0589405
2.27, 0.0590846
2.305, 0.0594088
2.315, 0.0590288
1.64, 0.0589327
1.605, 0.0592749
1.585, 0.059213
1.905, 0.059091
1.58, 0.0591252
1.91, 0.0589513
2.29, 0.0591672
1.66, 0.0592297
1.665, 0.0590438
1.78, 0.0592139
1.915, 0.0590283
1.67, 0.0590504
1.925, 0.0588758
2.28, 0.058913
2.275, 0.0591767
2.285, 0.0591951
1.88, 0.0591664
1.875, 0.05917
1.675, 0.0590113
1.92, 0.0589453
1.76, 0.0592058
1.77, 0.0593957
1.775, 0.0591304
1.765, 0.0589769
1.685, 0.0591041
1.54, 0.0590607
1.98, 0.0590632
1.99, 0.0589528
1.985, 0.0592259
1.885, 0.0593789
1.975, 0.0589503
2.215, 0.059134
2.21, 0.0590969
1.995, 0.0590804
2.205, 0.0591573
1.53, 0.0592544
2.255, 0.0589064
2.32, 0.0589457
1.595, 0.0592855
1.59, 0.0593144
1.745, 0.0592002
1.85, 0.0591627
2.15, 0.0590942
1.6, 0.0591425
1.735, 0.0590546
1.73, 0.0588942
2.165, 0.0591986
1.865, 0.0594232
2.2, 0.0592465
1.74, 0.0591185
2.195, 0.0590747
2.14, 0.0591758
2.19, 0.0592091
2.185, 0.0587438
1.855, 0.0588965
2.13, 0.0591672
2.145, 0.0590813
2.135, 0.0589474
1.725, 0.0591505
1.86, 0.0590519
1.825, 0.0594105
2.17, 0.059008
1.815, 0.0592737
2.18, 0.0589073
2.175, 0.059151
2.09, 0.0591078
1.82, 0.0589973
2.08, 0.0591592
1.81, 0.0591606
1.84, 0.0590705
1.835, 0.0588459
2.075, 0.0592029
2.085, 0.0590464
1.715, 0.0593169
1.845, 0.0591512
1.805, 0.059091
1.8, 0.059246
1.705, 0.0591155
1.71, 0.0591172
2.105, 0.0591005
2.065, 0.0590587
2.095, 0.0589541
1.63, 0.0589358
1.72, 0.0591351
2.07, 0.0591724
2.06, 0.0589756
2.1, 0.0588811
2.055, 0.0592667
1.83, 0.0592634
2.115, 0.0589397
2.12, 0.0588944
2.11, 0.0591901
2.125, 0.0591335
2.05, 0.0589766
2.35, 0.0591854
2.36, 0.0591384
2.04, 0.0590359
2.045, 0.0591279
2.155, 0.0590531
2.355, 0.059072
2.33, 0.0590508
2.365, 0.0589877
2.16, 0.0589583
2.335, 0.0588926
2.235, 0.0592218
2.23, 0.059164
2.02, 0.0591598
2.035, 0.0588908
2.03, 0.0590395
2.025, 0.0592207
1.68, 0.0591416
2.37, 0.0591238
2.225, 0.0591342
2.25, 0.0590927
2.22, 0.0591877
2.425, 0.0590485
2.385, 0.0592096
2.415, 0.0592106
2.41, 0.0590836
2.42, 0.0590085
2.405, 0.0588581
2.325, 0.0590928
2.24, 0.0588386
2.375, 0.0587761
2.245, 0.0590389
2.38, 0.0591705
2.39, 0.05941
2.4, 0.0588821
2.395, 0.0592423
2.43, 0.058929
2.435, 0.0590206
2.44, 0.0589476
2.51, 0.0589909
2.515, 0.0588065
2.445, 0.059023
2.485, 0.0592857
2.495, 0.0589799
2.5, 0.0592061
2.455, 0.0589624
2.48, 0.0589928
2.47, 0.0592204
2.475, 0.0592579
2.49, 0.0591915
2.56, 0.0592115
2.465, 0.0590394
2.46, 0.0590968
2.52, 0.0588639
2.53, 0.0592519
2.525, 0.0589836
2.54, 0.0591654
2.535, 0.0591785
2.45, 0.0590458
2.545, 0.0590526
2.555, 0.059036
2.55, 0.0591741
2.565, 0.0591016
2.57, 0.0592004
2.575, 0.0588805
2.585, 0.0589496
2.605, 0.0589585
2.61, 0.058933
2.6, 0.0589882
2.595, 0.0590374
2.59, 0.0594544
2.62, 0.0591036
2.625, 0.0593471
2.63, 0.0590515
2.645, 0.0589729
2.635, 0.059272
2.655, 0.0589008
2.65, 0.0592383
2.675, 0.059178
2.69, 0.0589972
2.64, 0.0590718
2.68, 0.0589829
2.505, 0.0589455
2.685, 0.0588512
2.67, 0.0591956
2.58, 0.0592202
2.665, 0.0594744
2.66, 0.0592262
2.695, 0.0592277
2.7, 0.0593042
2.705, 0.0592436
2.71, 0.0591334
2.715, 0.0589445
2.615, 0.0590367
3.175, 0.0591489
2.74, 0.059115
2.735, 0.0589927
2.72, 0.0591533
2.775, 0.059067
3.08, 0.0591286
3.24, 0.0589514
2.94, 0.0591716
3.09, 0.0591365
3.25, 0.0590696
3.085, 0.0589982
3.21, 0.0589007
2.945, 0.0590915
2.95, 0.0589508
3.095, 0.0591574
3.245, 0.0589176
3.205, 0.0590908
3.2, 0.0592592
8
2.9, 0.0590319
3.05, 0.0592076
3.04, 0.0589982
2.925, 0.0593321
2.845, 0.0589885
2.915, 0.0590683
2.835, 0.0587121
2.84, 0.0589255
2.935, 0.0590956
3.305, 0.0589768
2.92, 0.0591803
2.93, 0.0593106
3.03, 0.0594006
3.025, 0.0589447
3.195, 0.0590141
3.035, 0.0589288
3.295, 0.059138
3.3, 0.0592906
3.185, 0.059277
3.19, 0.0590811
3.18, 0.0589591
3.435, 0.0593493
3.34, 0.0590099
3.45, 0.0592457
3.405, 0.0590277
3.44, 0.0592277
3.335, 0.0588838
3.345, 0.0592206
3.445, 0.0593384
3.395, 0.0594204
3.4, 0.0589621
2.755, 0.0590492
3.33, 0.0590934
2.76, 0.0588585
2.765, 0.0591292
3.065, 0.0593274
2.73, 0.0588418
3.055, 0.0593131
3.06, 0.0588973
3.07, 0.0589832
3.075, 0.0590596
3.255, 0.0593267
3.235, 0.0590826
3.23, 0.0591107
3.265, 0.0591075
3.27, 0.0591307
3.215, 0.0590499
3.225, 0.0591855
3.26, 0.059121
3.29, 0.0591543
3.285, 0.059145
3.22, 0.059076
3.275, 0.0592129
3.28, 0.0592366
3.375, 0.059146
3.39, 0.0592414
3.38, 0.0591017
3.385, 0.0588263
3.415, 0.0591284
3.42, 0.0592454
3.43, 0.0590684
3.41, 0.0590791
2.78, 0.0593552
3.425, 0.0590802
2.905, 0.0591476
2.785, 0.0592025
2.745, 0.0591405
2.75, 0.059399
3.045, 0.0592931
2.91, 0.0589508
2.725, 0.059002
3.37, 0.0592651
2.82, 0.0589459
2.825, 0.0590822
2.83, 0.0589713
3.315, 0.0592478
3.31, 0.0589552
3.325, 0.0591366
3.32, 0.0591677
2.885, 0.0592034
2.88, 0.0592256
3, 0.0590603
2.87, 0.0591066
2.89, 0.0593113
3.12, 0.0588336
3.02, 0.0591203
2.99, 0.0591362
2.985, 0.0594225
3.13, 0.059049
3.115, 0.0591762
2.995, 0.0590763
2.865, 0.0592563
3.005, 0.0587789
2.875, 0.059007
3.15, 0.0590757
2.97, 0.0591789
3.105, 0.0589433
3.01, 0.0589642
3.355, 0.0592126
2.85, 0.0592464
3.36, 0.0593922
2.855, 0.0592266
3.11, 0.0591236
3.14, 0.0590722
3.1, 0.0590564
3.365, 0.0591172
2.96, 0.0591078
3.125, 0.0589497
3.015, 0.0592988
2.955, 0.0591011
3.145, 0.0590371
3.165, 0.0591573
3.135, 0.058757
3.16, 0.0588174
2.965, 0.0593158
2.86, 0.0591843
3.155, 0.0591243
2.975, 0.0592094
3.17, 0.0590133
2.98, 0.0589405
3.525, 0.0591387
3.53, 0.059204
3.545, 0.0589791
3.555, 0.0590275
3.55, 0.0590475
3.56, 0.0589344
3.565, 0.0589857
3.52, 0.0589674
3.535, 0.0589703
3.515, 0.0592683
2.81, 0.0590626
3.54, 0.0589026
3.57, 0.0589558
2.815, 0.059098
2.805, 0.0589864
3.465, 0.0589741
2.77, 0.059036
2.8, 0.0590982
3.46, 0.0590834
3.475, 0.0592222
3.48, 0.0590934
3.455, 0.0592385
3.485, 0.0591833
3.47, 0.0592946
3.495, 0.0593601
3.505, 0.0590408
3.5, 0.0594118
2.795, 0.0592215
2.79, 0.0591282
3.51, 0.0588761
3.35, 0.0590293
3.575, 0.0592368
3.49, 0.0591459
3.585, 0.0590881
3.58, 0.0590114
3.59, 0.0588703
3.605, 0.0590485
3.595, 0.0588694
3.6, 0.0588946
3.62, 0.0590012
3.615, 0.05898
3.61, 0.0591488
3.625, 0.0589137
3.63, 0.0588299
1.085, 0.0590574
1.09, 0.0591626
1.095, 0.0593084
1.175, 0.0589796
1.145, 0.0592476
1.155, 0.0590401
1.165, 0.0592028
1.16, 0.0589863
1.15, 0.0592191
1.17, 0.0590851
1.105, 0.0590268
1.1, 0.0593917
3.64, 0.0591079
3.685, 0.0590288
3.665, 0.0590615
3.68, 0.05919
3.65, 0.0590268
3.67, 0.0592372
3.655, 0.0592147
3.66, 0.0592269
3.675, 0.0591801
3.645, 0.0592732
3.71, 0.05912
3.695, 0.0592041
3.7, 0.0592465
3.705, 0.0590452
3.765, 0.0590485
3.725, 0.0591112
3.72, 0.0590678
3.735, 0.0593367
3.75, 0.0591374
3.745, 0.0589074
3.74, 0.0592045
3.715, 0.0590839
3.755, 0.0588413
3.77, 0.0592059
3.76, 0.0589422
3.635, 0.059273
3.78, 0.0591169
3.775, 0.0590585
3.795, 0.0590618
3.69, 0.0590438
3.79, 0.0591098
3.8, 0.0591052
3.81, 0.0589176
3.82, 0.0591613
3.815, 0.0589132
3.805, 0.0592673
3.785, 0.0589599
3.86, 0.059186
3.845, 0.0592277
3.85, 0.0591891
3.855, 0.0592446
3.835, 0.0591188
3.84, 0.0591813
3.73, 0.0589936
3.83, 0.0592664
3.865, 0.0591274
3.87, 0.0590376
3.88, 0.0591634
3.875, 0.0590513
3.895, 0.0591931
3.885, 0.0591626
3.825, 0.0589664
3.9, 0.0593018
3.905, 0.0589808
3.915, 0.0594469
3.92, 0.0590878
3.91, 0.0590671
3.89, 0.0592077
3.925, 0.0591962
3.94, 0.0590696
3.975, 0.0590591
3.955, 0.0591043
3.945, 0.0590723
3.935, 0.0589258
3.95, 0.0590368
3.96, 0.0591787
3.965, 0.0591683
3.97, 0.0591866
4.08, 0.0590389
4.07, 0.0591454
4.065, 0.0590657
4.075, 0.0591267
4.06, 0.0591734
4.055, 0.0589533
4.05, 0.0592232
4.035, 0.0592437
4.045, 0.0590665
3.985, 0.0591845
4.1, 0.0591008
4.105, 0.0586432
4.03, 0.0590477
3.99, 0.0592766
4.005, 0.0591618
3.93, 0.0591368
4, 0.0590401
3.995, 0.0591935
4.095, 0.0593211
3.98, 0.0589575
4.04, 0.0591954
4.085, 0.0592547
4.01, 0.0591215
4.09, 0.0591397
4.02, 0.0591318
4.025, 0.0591014
4.15, 0.0590587
4.21, 0.0591058
4.185, 0.0591928
4.19, 0.0592838
4.015, 0.059123
4.145, 0.059075
4.195, 0.0589656
4.18, 0.0591573
4.205, 0.0591903
4.13, 0.0591172
4.2, 0.0589149
4.135, 0.0592807
4.17, 0.0591246
4.175, 0.0589643
4.165, 0.0589403
4.155, 0.0591176
4.16, 0.0590271
4.14, 0.0589656
4.24, 0.0589354
4.235, 0.0590455
4.23, 0.0592059
4.11, 0.0590726
4.28, 0.0590632
4.285, 0.0588118
4.275, 0.0591952
4.31, 0.0591056
4.29, 0.0591741
4.25, 0.0591488
4.295, 0.0590679
4.27, 0.0590564
4.3, 0.0588861
4.26, 0.0592823
4.305, 0.0590837
4.265, 0.0590071
4.12, 0.0590048
4.115, 0.0591431
4.255, 0.0589222
4.355, 0.0592342
4.125, 0.0591127
4.22, 0.0589738
4.215, 0.0589361
4.225, 0.0588639
4.365, 0.0591158
4.245, 0.0591984
4.36, 0.0591509
4.345, 0.059299
4.34, 0.0591659
4.35, 0.0591655
4.32, 0.0591079
4.33, 0.0590393
4.325, 0.0589337
4.335, 0.0589457
4.315, 0.0592002
4.645, 0.058803
4.63, 0.0590355
4.41, 0.0590683
4.42, 0.0592658
4.415, 0.0591904
4.37, 0.0592281
4.375, 0.0588438
4.405, 0.0588094
4.38, 0.0591185
4.395, 0.0591292
4.435, 0.0589016
4.45, 0.058962
4.465, 0.059181
4.55, 0.0590856
4.475, 0.0591828
4.44, 0.0589388
4.455, 0.0591266
4.43, 0.0588498
4.425, 0.0591122
4.49, 0.0589826
4.485, 0.0590461
4.47, 0.0592391
4.535, 0.0590735
4.64, 0.0588992
4.53, 0.0587759
4.575, 0.0591764
4.565, 0.0591328
4.5, 0.0592708
4.555, 0.0591652
4.495, 0.0591082
4.525, 0.0589497
4.46, 0.0591526
4.54, 0.0591441
4.48, 0.0590607
4.57, 0.0590235
4.545, 0.0591741
4.51, 0.0590032
4.585, 0.0589739
4.4, 0.0589807
4.605, 0.0589724
4.59, 0.0590135
4.6, 0.0590042
4.62, 0.0590586
4.595, 0.059383
4.58, 0.0591053
4.675, 0.0590729
4.505, 0.0593663
4.61, 0.0592378
4.625, 0.0589683
4.685, 0.0590174
4.68, 0.0590768
4.515, 0.0589762
4.52, 0.0591559
4.615, 0.0588271
4.695, 0.0591053
4.385, 0.0592011
4.69, 0.0589621
4.67, 0.0590643
4.665, 0.0588572
4.39, 0.0591655
4.66, 0.0592354
4.655, 0.0591164
4.74, 0.0589795
4.445, 0.0590244
4.745, 0.0591866
4.73, 0.0590201
4.735, 0.0591187
4.65, 0.0589372
4.755, 0.059028
4.71, 0.0589374
4.715, 0.0588159
4.725, 0.0588186
4.72, 0.0590254
4.7, 0.0590505
4.705, 0.0588742
4.75, 0.0591932
4.765, 0.0592847
4.77, 0.0591799
4.78, 0.0592826
4.775, 0.0591851
4.785, 0.0592801
4.79, 0.0591456
4.76, 0.0592526
4.795, 0.0590534
4.81, 0.0592056
4.805, 0.0590683
4.8, 0.0589857
4.815, 0.0590969
4.635, 0.059019
4.825, 0.0590895
4.82, 0.0590839
4.83, 0.0589915
4.835, 0.0590147
4.875, 0.0590603
4.865, 0.0591713
4.87, 0.0592411
4.86, 0.0591409
4.98, 0.059161
4.93, 0.0590472
4.89, 0.0591959
4.92, 0.0591114
4.91, 0.0592433
4.925, 0.0590445
4.915, 0.0590464
4.94, 0.0589258
4.935, 0.0589648
4.945, 0.0590704
4.95, 0.0589237
4.985, 0.0591373
4.99, 0.0588035
4.955, 0.059165
4.96, 0.059286
4.965, 0.0591487
4.97, 0.0589523
4.975, 0.0592251
4.995, 0.0590395
5.005, 0.0589514
5.01, 0.0591698
5.02, 0.0590971
5.015, 0.0591918
4.895, 0.0590911
4.905, 0.0590102
5.035, 0.0592026
5.055, 0.0592315
5.06, 0.0589925
5.065, 0.0590902
5.05, 0.0592647
5.04, 0.0588963
5.025, 0.0589384
5.03, 0.0592717
4.9, 0.0591168
5.045, 0.0591372
5.09, 0.0590101
5.085, 0.0588381
5.095, 0.0590979
5.08, 0.0593531
5.075, 0.0589662
5.07, 0.0589983
5.105, 0.0587427
5.13, 0.059013
5.12, 0.0588275
5.125, 0.0592825
5.115, 0.0590986
5.135, 0.0592759
5.11, 0.0592069
5.1, 0.0590292
5.15, 0.0590259
5.16, 0.059034
5.145, 0.0593192
5.175, 0.0590874
5.14, 0.0591699
5.2, 0.0590982
5.235, 0.0589502
5.215, 0.0590919
5.195, 0.0592252
5.18, 0.059232
5.19, 0.0589108
5.185, 0.0593692
5.205, 0.05896
5.225, 0.0590481
5.22, 0.0590478
5.25, 0.0590539
5.23, 0.0589063
5.245, 0.0591797
5.24, 0.0591596
5.21, 0.0591138
5.155, 0.0591012
5.255, 0.0589942
5.3, 0.0591404
5.295, 0.0591682
5.265, 0.0590389
5.29, 0.0591828
5.165, 0.0590783
5.27, 0.0591667
5.26, 0.0590904
5.285, 0.0592089
5.35, 0.0589626
5.33, 0.0589667
5.32, 0.059213
5.325, 0.0590897
5.28, 0.0591516
5.335, 0.0592636
5.275, 0.0590215
5.345, 0.0589645
5.315, 0.0590418
5.34, 0.0592143
5.375, 0.0592403
5.395, 0.0589167
5.36, 0.0589717
5.365, 0.0591076
5.39, 0.059044
5.38, 0.0592565
5.405, 0.0589717
5.37, 0.0589738
5.385, 0.0591076
5.355, 0.0591496
5.45, 0.0591195
5.4, 0.0592314
5.305, 0.0592314
5.455, 0.0591903
5.435, 0.058939
5.43, 0.0588585
5.42, 0.0592321
5.445, 0.0588927
5.41, 0.0589842
5.44, 0.0589885
5.425, 0.0591577
5.415, 0.0591105
5.46, 0.059165
5.17, 0.0591769
5.505, 0.0591159
5.51, 0.0593269
5.495, 0.0588896
5.5, 0.0591082
5.49, 0.0590468
5.485, 0.0591171
5.465, 0.0590085
5.56, 0.0592075
5.555, 0.0590826
5.55, 0.0590565
5.53, 0.0591077
5.475, 0.0592029
5.48, 0.0590317
5.47, 0.0592706
5.545, 0.0592438
5.54, 0.059177
5.31, 0.0593128
5.535, 0.0590525
5.585, 0.0593241
5.58, 0.0590886
5.575, 0.0590312
5.52, 0.0590473
5.515, 0.0593232
5.525, 0.0590487
5.565, 0.059372
5.57, 0.0590641
5.59, 0.0591511
5.6, 0.0590219
5.595, 0.0590168
5.61, 0.0591125
5.66, 0.0590258
5.605, 0.0593319
5.92, 0.059111
5.64, 0.0590379
5.63, 0.0592552
5.635, 0.0592195
5.625, 0.0591397
5.615, 0.0592436
5.62, 0.0593395
5.645, 0.0591917
5.65, 0.0592411
5.655, 0.0591893
5.67, 0.0589787
5.705, 0.0591964
5.685, 0.0589825
5.69, 0.0592262
5.68, 0.0591563
5.7, 0.059172
5.675, 0.0592532
5.665, 0.0588753
5.695, 0.0592725
5.74, 0.0590255
5.75, 0.0591243
5.83, 0.0591262
5.735, 0.0591931
5.815, 0.0592942
5.73, 0.059098
5.755, 0.0590247
5.77, 0.0590043
5.805, 0.0589655
5.81, 0.0589098
5.82, 0.0592331
5.825, 0.0590747
5.85, 0.0591254
5.845, 0.0589465
5.835, 0.0590972
5.765, 0.0591786
5.84, 0.0589029
5.76, 0.059192
5.88, 0.0591928
5.855, 0.0590813
5.745, 0.0590355
5.885, 0.0590501
5.905, 0.0588607
5.865, 0.0592358
5.9, 0.0590799
5.87, 0.0591654
5.91, 0.0589348
5.89, 0.0591323
5.875, 0.058982
5.86, 0.0589917
5.8, 0.0588235
5.795, 0.0590099
5.895, 0.0593013
5.915, 0.0587193
5.95, 0.0590165
5.71, 0.0587349
5.79, 0.059189
5.785, 0.0592193
5.945, 0.0591775
5.78, 0.0590903
5.775, 0.0591533
5.96, 0.0589605
5.725, 0.0591301
5.955, 0.059106
5.72, 0.059065
5.93, 0.0589682
5.715, 0.0591967
5.965, 0.059158
5.94, 0.0593272
5.935, 0.0590107
5.925, 0.0590283
5.975, 0.0588362
5.97, 0.0590838
5.995, 0.0590955
5.98, 0.0591926
5.985, 0.0593335
5.99, 0.0592217
6, 0.0591141
6.055, 0.0591384
6.01, 0.0590172
6.005, 0.0589504
6.015, 0.059478
6.02, 0.0591997
6.025, 0.0590398
6.04, 0.0590674
6.035, 0.0591167
6.05, 0.0588991
6.03, 0.0586815
6.045, 0.0591069
6.06, 0.0592692
6.065, 0.0590584
6.08, 0.0591366
6.09, 0.0591644
6.085, 0.0589569
6.07, 0.0590107
6.095, 0.0590624
6.1, 0.0589827
6.105, 0.0593149
6.075, 0.0591422
6.125, 0.0590392
6.15, 0.059079
6.11, 0.058815
6.145, 0.0589853
6.155, 0.0590608
6.14, 0.059088
6.115, 0.0590467
6.16, 0.0590261
6.17, 0.0590144
6.175, 0.0591862
6.165, 0.0589116
6.19, 0.0591267
6.185, 0.0592476
6.18, 0.0592846
6.195, 0.058935
6.205, 0.0589677
6.2, 0.0589238
6.135, 0.059276
6.225, 0.0593689
6.245, 0.0592928
6.25, 0.0591139
6.235, 0.0589681
6.13, 0.0591754
6.255, 0.0590978
6.26, 0.05912
6.24, 0.0593153
6.265, 0.0587724
6.295, 0.059177
6.3, 0.059376
6.29, 0.0590502
6.285, 0.0588892
6.275, 0.0589313
6.21, 0.0591922
6.28, 0.0591793
6.22, 0.0591246
6.31, 0.0591797
6.215, 0.0592215
6.325, 0.0591459
6.32, 0.0587946
6.23, 0.0591509
6.33, 0.0592157
6.335, 0.0591252
6.315, 0.0592043
6.27, 0.0591694
6.305, 0.0591931
6.345, 0.0591115
6.35, 0.059113
6.355, 0.0592366
6.34, 0.0590414
6.36, 0.0592011
6.365, 0.0590416
6.39, 0.0591949
6.41, 0.0591873
6.38, 0.0590089
6.405, 0.0590858
6.385, 0.0591129
6.4, 0.05921
6.415, 0.0590423
6.395, 0.0589076
6.42, 0.0592332
6.425, 0.0589772
6.44, 0.0592567
6.43, 0.0590569
6.455, 0.0591815
6.45, 0.0591994
6.445, 0.059177
6.465, 0.0590023
6.37, 0.0591025
6.51, 0.0588471
6.5, 0.0590971
6.49, 0.058902
6.505, 0.0590732
6.485, 0.0592302
6.535, 0.0589989
6.495, 0.0590947
6.53, 0.0591696
6.525, 0.0591721
6.48, 0.0591218
6.375, 0.0593449
6.585, 0.0589419
6.565, 0.059141
6.545, 0.0591572
6.58, 0.0593483
6.46, 0.0589404
6.55, 0.0590256
6.54, 0.0590511
6.56, 0.0592134
6.47, 0.0593031
6.57, 0.0589027
6.555, 0.0589669
6.515, 0.0589111
6.575, 0.0591924
6.52, 0.059012
6.615, 0.0590382
6.6, 0.0591494
6.605, 0.0592446
6.61, 0.0591612
6.595, 0.0591675
6.645, 0.0589904
6.435, 0.0593144
6.66, 0.0590171
6.655, 0.0592226
6.65, 0.059279
6.635, 0.059181
6.62, 0.0592283
6.64, 0.0590706
6.625, 0.0588032
6.63, 0.0590365
6.59, 0.0590695
6.475, 0.0589726
6.665, 0.0590839
6.675, 0.0592491
6.705, 0.0590201
6.71, 0.059244
6.735, 0.0587664
6.74, 0.0589861
6.685, 0.0590494
6.69, 0.0589612
6.68, 0.0589654
6.695, 0.0590866
6.73, 0.0590902
6.7, 0.0590813
6.755, 0.0589826
6.75, 0.0590465
6.77, 0.0590369
6.76, 0.0592417
6.765, 0.0590919
6.725, 0.0589293
6.72, 0.0594087
6.78, 0.0592273
6.745, 0.0589158
6.775, 0.0593621
6.67, 0.0590998
6.79, 0.0592848
6.795, 0.0591691
6.715, 0.059374
6.785, 0.0588652
6.82, 0.0593459
6.8, 0.059303
6.81, 0.0590921
6.805, 0.0590567
6.815, 0.0595258
6.87, 0.0591011
6.83, 0.0590326
6.845, 0.0593144
6.825, 0.0591917
6.85, 0.0589456
6.855, 0.0590501
6.86, 0.0590194
6.84, 0.0590143
6.865, 0.0591348
6.875, 0.0592095
6.88, 0.0592116
6.905, 0.0589978
6.915, 0.0590639
6.925, 0.0591769
6.92, 0.0593316
6.89, 0.0590914
6.885, 0.0592655
6.91, 0.0593763
6.895, 0.0587541
6.9, 0.0590741
6.965, 0.0590097
6.975, 0.059166
6.95, 0.0590387
6.94, 0.0588347
6.97, 0.0591994
6.93, 0.0590919
6.945, 0.059299
6.955, 0.0591558
6.96, 0.0589561
6.935, 0.0592981
7.065, 0.0589472
6.835, 0.0589478
7.045, 0.058971
7.055, 0.0593353
7.08, 0.0592317
7.075, 0.0590998
7.12, 0.0589538
7.11, 0.0590536
7.085, 0.0590345
7.09, 0.0590832
7.025, 0.0590899
7.115, 0.0589624
7.07, 0.0592955
7.06, 0.0589543
7.05, 0.0590021
7, 0.0589164
6.995, 0.058917
6.98, 0.0588573
7.135, 0.0589952
7.02, 0.0591533
7.04, 0.0591461
7.13, 0.0591197
7.125, 0.0591949
7.015, 0.0591546
7.145, 0.0587808
7.14, 0.0589248
7.005, 0.0590073
7.01, 0.059289
7.035, 0.0591529
7.03, 0.0589306
7.15, 0.0592344
7.095, 0.0588132
7.165, 0.0590189
7.16, 0.0588903
7.105, 0.0589369
7.18, 0.0591312
7.1, 0.0591886
7.155, 0.0592723
6.985, 0.0589397
7.17, 0.059039
7.175, 0.0591051
6.99, 0.0591865
7.195, 0.0589449
7.2, 0.0591706
7.185, 0.0589468
7.19, 0.0592849
7.21, 0.0591095
7.22, 0.0590826
7.215, 0.058922
7.23, 0.05905
7.205, 0.0591945
7.225, 0.0590292
7.24, 0.0589771
7.245, 0.0588496
7.27, 0.0589775
7.25, 0.059228
7.255, 0.0591331
7.265, 0.0588898
7.26, 0.0589902
7.29, 0.0590696
7.285, 0.0591554
7.295, 0.059161
7.28, 0.0592145
7.275, 0.0589426
7.3, 0.0590039
7.31, 0.0588854
7.315, 0.0590404
7.235, 0.0592202
7.32, 0.0590847
7.325, 0.0590663
7.345, 0.0593594
7.35, 0.0592463
7.33, 0.0589055
7.385, 0.0590254
7.38, 0.0590039
7.39, 0.0592943
7.36, 0.0593225
7.375, 0.0592761
7.4, 0.0590251
7.41, 0.0591515
7.335, 0.059121
7.425, 0.0591182
7.43, 0.0590049
7.355, 0.0591553
7.46, 0.0589426
7.34, 0.0588744
7.485, 0.0590638
7.49, 0.0591506
7.415, 0.0590383
7.505, 0.0590707
7.395, 0.0588509
7.53, 0.0589161
7.535, 0.0588691
7.45, 0.0587782
7.475, 0.058928
7.445, 0.059311
7.545, 0.0591463
7.47, 0.059073
7.48, 0.0591402
7.405, 0.059377
7.54, 0.0589338
7.62, 0.058943
7.495, 0.0589899
7.515, 0.0591783
7.55, 0.0591237
7.56, 0.0589468
7.42, 0.0593079
7.555, 0.0589826
7.57, 0.0590844
7.455, 0.0591117
7.5, 0.0588673
7.51, 0.0591884
7.565, 0.0591132
7.44, 0.0589191
7.525, 0.0590879
7.52, 0.0592668
7.465, 0.0591584
7.615, 0.0589064
7.63, 0.0593413
7.655, 0.0591129
7.61, 0.0589771
7.67, 0.0591171
7.675, 0.059229
7.435, 0.0592767
7.705, 0.0590356
7.72, 0.0588352
7.71, 0.0590261
7.725, 0.0590748
7.7, 0.0591965
7.695, 0.0590246
7.715, 0.0592116
7.625, 0.0591677
7.68, 0.0593606
7.685, 0.0592357
7.575, 0.0591773
7.745, 0.0592011
7.76, 0.0591771
7.735, 0.0592324
7.765, 0.0590771
7.77, 0.0590431
7.645, 0.0589896
4.85, 0.0593778
7.69, 0.0591043
7.64, 0.0590446
4.84, 0.0590068
7.635, 0.0592132
7.65, 0.0591584
4.855, 0.0589422
7.795, 0.0592432
4.845, 0.0589952
7.805, 0.0591046
7.73, 0.0591176
7.815, 0.0590213
7.58, 0.0590681
7.81, 0.0590912
7.585, 0.0587903
7.66, 0.0590435
7.82, 0.0589961
7.75, 0.0590106
7.59, 0.0588998
7.595, 0.0590288
7.775, 0.0591249
7.8, 0.0591524
7.785, 0.0592092
7.665, 0.0592637
7.83, 0.0591989
7.825, 0.0591059
7.835, 0.0589002
7.84, 0.0592673
7.74, 0.0589151
7.79, 0.0589776
7.855, 0.0590807
7.85, 0.0591406
7.755, 0.0589946
4.88, 0.0592214
7.78, 0.0590143
7.86, 0.05911
7.875, 0.0590701
7.87, 0.059206
7.845, 0.0591126
7.915, 0.0589479
7.88, 0.0592986
7.865, 0.0593292
7.95, 0.0589367
7.89, 0.0588648
7.895, 0.0588133
7.92, 0.0592061
7.885, 0.0589721
7.9, 0.0590089
7.91, 0.0590472
7.905, 0.0590915
7.935, 0.0594351
7.945, 0.0593444
7.94, 0.0590335
7.955, 0.0592858
7.965, 0.0592771
7.96, 0.0592771
7.97, 0.0592282
7.975, 0.0592142
7.93, 0.0593348
7.925, 0.0592004
7.98, 0.0590713
7.605, 0.0589088
7.99, 0.0591798
7.995, 0.0590941
8.015, 0.0589625
8.01, 0.0592524
7.985, 0.0591438
8.005, 0.058996
8.035, 0.0588805
7.6, 0.059063
8.045, 0.0591254
8.04, 0.0591339
8.03, 0.0589431
8.09, 0.0594219
8.05, 0.0591457
8.085, 0.0588951
8.055, 0.0589257
8.06, 0.0589369
8.095, 0.0591043
8.07, 0.0592584
8.08, 0.0589649
8.195, 0.0591527
8.075, 0.0589194
8.065, 0.0591141
8.175, 0.0589556
8.14, 0.0589895
8.12, 0.0591471
8.11, 0.0592077
8.13, 0.0593298
8.135, 0.0591118
8.125, 0.0590271
8.145, 0.0590945
8.115, 0.059032
8.1, 0.0590718
8.16, 0.0592673
8.265, 0.0592323
8.27, 0.0591684
8.26, 0.0592297
8, 0.0591466
8.165, 0.0591038
8.17, 0.0588474
8.255, 0.059214
8.15, 0.059167
8.25, 0.0591789
8.105, 0.0588809
8.295, 0.0590439
8.155, 0.059093
8.215, 0.0590872
8.245, 0.0591003
8.24, 0.0591726
8.02, 0.0591794
8.225, 0.0589348
8.22, 0.0589688
8.23, 0.0590201
8.235, 0.0589276
8.18, 0.0590499
8.19, 0.0590132
8.2, 0.0589788
8.185, 0.0588531
8.205, 0.0590361
8.21, 0.0590533
8.34, 0.0592726
8.345, 0.0592049
8.325, 0.0589932
8.33, 0.0590552
8.29, 0.0592007
4.885, 0.0590321
8.32, 0.0593821
8.025, 0.0590733
8.285, 0.0592561
8.435, 0.0589501
8.445, 0.0591363
8.44, 0.0591862
8.28, 0.0588792
8.275, 0.0591265
8.35, 0.0588776
8.355, 0.0588964
8.36, 0.0589483
8.315, 0.058975
8.31, 0.0590095
8.305, 0.0591123
5, 0.0590178
8.42, 0.0592592
8.3, 0.0589281
8.425, 0.0590528
8.365, 0.0590888
8.43, 0.0591171
8.335, 0.0588668
8.39, 0.0592105
8.395, 0.0589019
8.4, 0.0591649
8.37, 0.0592194
8.375, 0.0592796
8.475, 0.0591134
8.38, 0.0589814
8.385, 0.0594799
8.405, 0.0591618
8.415, 0.0591139
8.41, 0.059102
8.485, 0.0592733
8.495, 0.0592837
8.48, 0.0590304
8.49, 0.0589298
8.45, 0.059072
8.455, 0.0590207
8.47, 0.0594596
8.465, 0.0589324
8.51, 0.059199
8.515, 0.0588713
8.5, 0.0591322
8.46, 0.059294
8.505, 0.0590307
8.52, 0.0591858
8.54, 0.0589026
8.535, 0.0590233
8.545, 0.0589586
8.555, 0.0590925
8.57, 0.0590873
8.56, 0.0591484
8.565, 0.0593224
8.55, 0.059031
8.575, 0.0590918
8.58, 0.0590873
8.53, 0.0591613
8.59, 0.0593159
8.6, 0.0588476
8.595, 0.0590987
8.61, 0.05921
8.585, 0.0593539
8.615, 0.0589842
8.63, 0.0590892
8.62, 0.0591653
8.625, 0.0590437
8.67, 0.0590482
8.525, 0.0590523
8.64, 0.0590963
8.665, 0.0591388
8.695, 0.0593763
8.69, 0.0590763
8.65, 0.0592099
8.645, 0.0589575
8.685, 0.0591511
8.605, 0.0593183
8.71, 0.0591904
8.715, 0.0591909
8.675, 0.0590661
8.725, 0.0591333
8.72, 0.0593183
8.735, 0.0590551
8.745, 0.0589595
8.75, 0.0591351
8.635, 0.0590555
8.66, 0.0591939
8.655, 0.0589153
8.7, 0.0588647
8.68, 0.0591868
8.74, 0.0589225
8.765, 0.0590478
8.705, 0.0591985
8.78, 0.059209
8.775, 0.0590857
8.835, 0.0591045
8.81, 0.0591636
8.84, 0.0591106
8.825, 0.0594367
8.815, 0.0590253
8.73, 0.0592169
8.83, 0.059354
8.82, 0.0590495
8.845, 0.0591916
8.805, 0.0591767
8.88, 0.0590053
8.875, 0.0593212
8.87, 0.0592424
8.865, 0.0592683
8.85, 0.0591766
8.8, 0.0590223
8.86, 0.0593097
8.855, 0.0591323
8.885, 0.0591379
8.9, 0.0593508
8.895, 0.0592044
8.93, 0.0588392
8.935, 0.0593817
8.76, 0.059269
8.755, 0.0591483
8.96, 0.0590309
8.955, 0.0591604
8.965, 0.0591906
8.94, 0.0589484
8.91, 0.059062
8.975, 0.0592291
8.795, 0.0589899
8.79, 0.0589076
8.785, 0.059084
9, 0.0590792
8.98, 0.0591908
8.89, 0.0589798
8.99, 0.0590676
8.995, 0.0590302
9.02, 0.0592795
9.035, 0.0588643
9.015, 0.0590845
8.945, 0.0590803
8.95, 0.0589893
8.97, 0.0590757
9.025, 0.0590569
9.03, 0.0589353
8.985, 0.0592714
9.01, 0.0591233
9.045, 0.0589638
9.04, 0.0591307
8.77, 0.0592197
9.065, 0.0590881
9.05, 0.0589129
9.075, 0.0591299
9.08, 0.0590348
9.055, 0.0592057
9.005, 0.0588579
9.06, 0.0588821
9.09, 0.0588789
9.085, 0.0592713
9.12, 0.0592177
9.1, 0.059158
9.125, 0.0593001
9.095, 0.0591928
9.115, 0.0589322
9.105, 0.0590844
9.11, 0.0589026
9.14, 0.0589238
9.135, 0.0591669
9.15, 0.059104
9.145, 0.0590106
9.165, 0.05893
9.155, 0.0591475
9.13, 0.059198
9.16, 0.0593878
9.17, 0.0590723
9.175, 0.0590609
9.18, 0.0590755
9.19, 0.0590818
9.185, 0.0589664
9.22, 0.0589856
9.245, 0.0593259
9.24, 0.0590475
9.23, 0.0592053
9.235, 0.0590295
9.25, 0.0590882
9.195, 0.0590087
9.21, 0.0591888
9.2, 0.0591612
9.205, 0.0592768
9.385, 0.0592323
9.215, 0.0588385
9.47, 0.0592261
9.225, 0.059077
9.485, 0.0592108
9.5, 0.0591611
9.48, 0.0589978
9.26, 0.0592635
9.265, 0.0588886
9.27, 0.0591996
9.255, 0.0589456
9.275, 0.0591605
9.46, 0.0591557
9.52, 0.0589482
9.53, 0.0590515
9.525, 0.0593177
9.3, 0.0593279
9.295, 0.0589866
9.29, 0.0593436
9.285, 0.0589969
9.28, 0.0591008
9.325, 0.0589632
9.315, 0.0591545
9.32, 0.0591163
9.31, 0.0590939
9.305, 0.0592151
9.37, 0.0591885
9.345, 0.0591917
9.365, 0.0589603
9.36, 0.0591276
9.35, 0.0591854
9.34, 0.0591427
9.33, 0.0592274
9.455, 0.0590761
9.355, 0.0592426
9.39, 0.0589958
9.375, 0.0589722
9.395, 0.0590054
9.405, 0.059055
9.4, 0.0592252
9.41, 0.0590906
9.425, 0.0589561
9.56, 0.058895
9.555, 0.0590523
9.43, 0.0591945
9.335, 0.058977
9.445, 0.0590962
9.44, 0.0591284
9.435, 0.0589563
9.465, 0.0589779
9.38, 0.0590736
9.45, 0.0593423
9.475, 0.0591654
6.12, 0.0592867
9.6, 0.0592826
9.595, 0.0590049
9.505, 0.0591641
9.625, 0.0591646
9.65, 0.0591397
9.42, 0.0593143
9.535, 0.0591835
9.565, 0.0588929
9.415, 0.0588898
9.49, 0.0589638
9.69, 0.0591206
9.495, 0.0589477
9.545, 0.0591387
9.55, 0.058852
9.61, 0.0591293
9.605, 0.0589886
9.54, 0.0590619
9.515, 0.0592126
9.685, 0.0590841
9.64, 0.0591119
9.615, 0.0590462
9.67, 0.0588324
9.645, 0.0590412
9.59, 0.0591428
9.695, 0.0591594
9.585, 0.0590399
9.58, 0.0591468
9.575, 0.0590408
9.655, 0.0592621
9.635, 0.0592255
9.62, 0.0588155
9.675, 0.0589941
9.66, 0.0593685
9.665, 0.0591151
9.63, 0.0590632
9.7, 0.0591561
9.68, 0.0591157
9.705, 0.0589162
9.71, 0.058917
9.73, 0.0592997
9.735, 0.0590918
9.715, 0.0593578
9.72, 0.0593626
9.725, 0.0589687
9.745, 0.0589633
9.74, 0.0590825
9.765, 0.0593915
9.755, 0.0592147
9.75, 0.0591093
9.77, 0.0590775
9.78, 0.0590733
9.775, 0.0590888
9.8, 0.0592377
9.785, 0.0590826
9.79, 0.0589134
9.76, 0.0590979
9.795, 0.059233
9.81, 0.0591518
9.82, 0.059104
9.815, 0.0592119
9.825, 0.0590383
9.84, 0.0592107
9.805, 0.0590118
9.835, 0.0589029
9.845, 0.0593618
9.83, 0.0588351
9.88, 0.0591558
9.85, 0.0592999
9.86, 0.0590209
9.865, 0.0589678
9.9, 0.0591195
9.87, 0.05894
9.91, 0.0590979
9.905, 0.0592171
9.89, 0.058891
9.875, 0.0588754
9.895, 0.0592138
9.885, 0.0589796
9.92, 0.0592202
9.915, 0.0591464
9.93, 0.0590111
9.925, 0.0591682
9.935, 0.0589991
9.94, 0.0590721
9.95, 0.0590701
9.985, 0.0590307
9.98, 0.059091
9.99, 0.0592116
10, 0.0592295
9.995, 0.0590024
9.975, 0.059116
9.945, 0.05927
9.955, 0.05904
9.965, 0.0591033
9.96, 0.0591893
9.97, 0.0590843
9.855, 0.0591388
7.305, 0.0592875
7.365, 0.0589122
7.37, 0.0591168
8.905, 0.0590803
8.925, 0.0591056
8.92, 0.0591523
8.915, 0.0590916
9.07, 0.0591802
9.51, 0.0591646
9.57, 0.0590663
