0, inf
0.005, 0.00170306
0.01, 0.000915877
0.015, 0.000580808
0.02, 0.000434712
0.025, 0.00031387
0.03, 0.000247265
0.035, 0.000192261
0.04, 0.00020087
0.045, 0.000177511
0.05, 0.000156255
0.055, 0.000122109
0.06, 0.000137841
0.065, 0.000113794
0.07, 0.000105428
0.075, 0.000100513
0.08, 8.71391e-05
0.085, 8.52249e-05
0.09, 8.72793e-05
0.095, 8.37231e-05
0.1, 8.34767e-05
0.15, 4.87689e-05
0.2, 3.6107e-05
0.25, 2.59689e-05
0.3, 2.78063e-05
0.35, 2.4227e-05
0.4, 2.19465e-05
0.45, 1.82673e-05
0.5, 1.57598e-05
0.55, 1.7256e-05
0.6, 1.50567e-05
0.65, 1.52757e-05
0.7, 1.37795e-05
0.75, 1.40819e-05
0.8, 1.22576e-05
0.85, 1.32948e-05
0.9, 1.33819e-05
0.95, 1.13607e-05
1, 1.2727e-05
1.25, 1.01602e-05
1.5, 1.3827e-05
1.75, 1.09718e-05
2, 1.14972e-05
2.25, 1.11757e-05
2.5, 1.13118e-05
2.75, 1.03319e-05
3, 9.20759e-06
3.25, 7.99818e-06
3.5, 9.39017e-06
3.75, 8.58531e-06
4, 8.21765e-06
