0, -0.0168694
0.005, 0.030957
0.01, 0.0320377
0.015, 0.0270463
0.02, 0.020971
0.025, 0.0148414
0.03, 0.0010471
0.035, -0.00532376
0.04, -0.0142237
0.045, -0.0204726
0.05, -0.0291345
0.055, -0.0424809
0.06, -0.0462684
0.065, -0.0543253
0.07, -0.0616689
0.075, -0.0651201
0.08, -0.0713829
0.085, -0.0756129
0.09, -0.105233
0.095, -0.156628
0.1, -0.167552
0.15, -0.190253
0.2, -0.260875
0.25, -0.284282
0.3, -0.307401
0.35, -0.320734
0.4, -0.336653
0.45, -0.351738
0.5, -0.369892
0.55, -0.388572
0.6, -0.40684
0.65, -0.425029
0.7, -0.443744
0.75, -0.460561
0.8, -0.475848
0.85, -0.488493
0.9, -0.497418
0.95, -0.503858
1, -0.503617
1.25, -0.204414
1.5, -0.161458
1.75, -0.137715
2, -0.122727
2.25, -0.110971
2.5, -0.103709
2.75, -0.0972958
3, -0.0913392
3.25, -0.0871052
3.5, -0.0845525
3.75, -0.0806713
4, -0.0765393
