0, -inf
0.005, 422.155
0.01, 51.7406
0.015, 16.9035
0.02, 30.1811
0.025, 24.9355
0.03, 79.1918
0.035, 1.16017
0.04, 12.2585
0.045, 17.4518
0.05, 6.60694
0.055, 38.732
0.06, 0.253564
0.065, 23.2667
0.07, 1.64362
0.075, 0.491977
0.08, 0.474548
0.085, 16.7812
0.09, 27.9964
0.095, 20.994
0.1, 2.90712
0.15, 31.7915
0.2, 1.04719
0.25, 6.175
0.3, 0.207281
0.35, 0.327346
0.4, 0.328928
0.45, 0.362639
0.5, 0.388352
0.55, 0.379254
0.6, 0.441673
0.65, 0.415057
0.7, 0.424309
0.75, 0.439002
0.8, 0.460574
0.85, 0.522762
0.9, 0.562289
0.95, 0.690926
1, 0.69351
1.25, 0.666506
1.5, 0.551353
1.75, 0.489639
2, 0.336279
2.25, 0.316489
2.5, 0.277536
2.75, 0.213531
3, 0.177596
3.25, 0.178465
3.5, 0.158475
3.75, 0.135913
4, 0.114346
