0, 0.00222222
0.005, 0.00204333
0.01, 0.00259333
0.015, 0.000828889
0.02, 0.00199667
0.025, 0.00351778
0.03, 0.00244111
0.035, 0.00113444
0.04, 0.00177778
0.045, 0.00159889
0.05, 0.00119778
0.055, 0.00130222
0.06, 0.00140667
0.065, 0.00131333
0.07, 0.00129
0.075, 0.00103889
0.08, 0.00115444
0.085, 0.000937778
0.09, 0.00132889
0.095, 0.00132222
0.1, 0.00098
0.15, 0.000145556
0.2, 0.000105556
0.25, 0.000423333
0.3, 0.00091
0.35, 0.00140111
0.4, 0.00186222
0.45, 0.00310667
0.5, 0.00431444
0.55, 0.00431556
0.6, 0.00447111
0.65, 0.00470889
0.7, 0.00466
0.75, 0.00519222
0.8, 0.00516778
0.85, 0.00578556
0.9, 0.00563222
0.95, 0.00517333
1, 0.00571111
1.25, 0.00607667
1.5, 0.00648444
1.75, 0.00684111
2, 0.00764444
2.25, 0.00797444
2.5, 0.00827333
2.75, 0.00848
3, 0.00892556
3.25, 0.00877667
3.5, 0.00925444
3.75, 0.00920222
4, 0.00966333
