0, 0, 1, -1
1, 0, 1, -1
2, 0, 1, -1
3, 0, 1, -1
4, 0, 1, -1
5, 0, 1, -1
6, 0, 1, -1
7, 0, 1, -1
8, 0, 1, -1
9, 0, 1, -1
10, 0, 1, -1
11, 0, 1, -1
12, 0, 1, -1
13, 0, 0, 1
14, 0, 1, -1
15, 0, 1, -1
16, 0, 1, -1
17, 0, 2, 1
18, 0, 2, 1
19, 0, 2, 1
20, 0, 1, -1
21, 0, 1, -1
22, 0, 2, 1
23, 0, 2, 1
24, 0, 2, 1
25, 0, 1, -1
26, 0, 1, -1
27, 0, 1, -1
28, 0, 1, -1
29, 0, 1, -1
30, 0, 1, -1
31, 0, 1, -1
32, 0, 1, -1
33, 0, 1, -1
34, 0, 1, -1
35, 0, 1, -1
0.5, 0.866025, 2, 1
1.5, 0.866025, 1, -1
2.5, 0.866025, 1, -1
3.5, 0.866025, 1, -1
4.5, 0.866025, 2, 1
5.5, 0.866025, 2, 1
6.5, 0.866025, 2, 1
7.5, 0.866025, 1, -1
8.5, 0.866025, 1, -1
9.5, 0.866025, 1, -1
10.5, 0.866025, 0, 1
11.5, 0.866025, 0, 1
12.5, 0.866025, 0, 1
13.5, 0.866025, 1, -1
14.5, 0.866025, 1, -1
15.5, 0.866025, 1, -1
16.5, 0.866025, 2, 1
17.5, 0.866025, 2, 1
18.5, 0.866025, 2, 1
19.5, 0.866025, 2, 1
20.5, 0.866025, 1, -1
21.5, 0.866025, 1, -1
22.5, 0.866025, 1, -1
23.5, 0.866025, 1, -1
24.5, 0.866025, 1, -1
25.5, 0.866025, 1, -1
26.5, 0.866025, 2, 1
27.5, 0.866025, 1, -1
28.5, 0.866025, 1, -1
29.5, 0.866025, 1, -1
30.5, 0.866025, 1, -1
31.5, 0.866025, 1, -1
32.5, 0.866025, 1, -1
33.5, 0.866025, 1, -1
34.5, 0.866025, 1, -1
35.5, 0.866025, 1, -1
1, 1.73205, 1, -1
2, 1.73205, 1, -1
3, 1.73205, 1, -1
4, 1.73205, 2, 1
5, 1.73205, 2, 1
6, 1.73205, 2, 1
7, 1.73205, 2, 1
8, 1.73205, 1, -1
9, 1.73205, 1, -1
10, 1.73205, 1, -1
11, 1.73205, 0, 1
12, 1.73205, 0, 1
13, 1.73205, 0, 1
14, 1.73205, 1, -1
15, 1.73205, 2, 1
16, 1.73205, 2, 1
17, 1.73205, 2, 1
18, 1.73205, 2, 1
19, 1.73205, 1, -1
20, 1.73205, 1, -1
21, 1.73205, 2, 1
22, 1.73205, 1, -1
23, 1.73205, 1, -1
24, 1.73205, 1, -1
25, 1.73205, 1, -1
26, 1.73205, 1, -1
27, 1.73205, 1, -1
28, 1.73205, 0, 1
29, 1.73205, 1, -1
30, 1.73205, 1, -1
31, 1.73205, 1, -1
32, 1.73205, 1, -1
33, 1.73205, 1, -1
34, 1.73205, 1, -1
35, 1.73205, 1, -1
36, 1.73205, 2, 1
1.5, 2.59808, 1, -1
2.5, 2.59808, 2, 1
3.5, 2.59808, 1, -1
4.5, 2.59808, 1, -1
5.5, 2.59808, 2, 1
6.5, 2.59808, 2, 1
7.5, 2.59808, 2, 1
8.5, 2.59808, 1, -1
9.5, 2.59808, 1, -1
10.5, 2.59808, 1, -1
11.5, 2.59808, 0, 1
12.5, 2.59808, 0, 1
13.5, 2.59808, 1, -1
14.5, 2.59808, 1, -1
15.5, 2.59808, 1, -1
16.5, 2.59808, 2, 1
17.5, 2.59808, 1, -1
18.5, 2.59808, 0, 1
19.5, 2.59808, 1, -1
20.5, 2.59808, 1, -1
21.5, 2.59808, 1, -1
22.5, 2.59808, 1, -1
23.5, 2.59808, 1, -1
24.5, 2.59808, 1, -1
25.5, 2.59808, 1, -1
26.5, 2.59808, 1, -1
27.5, 2.59808, 0, 1
28.5, 2.59808, 0, 1
29.5, 2.59808, 1, -1
30.5, 2.59808, 1, -1
31.5, 2.59808, 1, -1
32.5, 2.59808, 1, -1
33.5, 2.59808, 2, 1
34.5, 2.59808, 1, -1
35.5, 2.59808, 1, -1
36.5, 2.59808, 1, -1
2, 3.4641, 1, -1
3, 3.4641, 2, 1
4, 3.4641, 2, 1
5, 3.4641, 2, 1
6, 3.4641, 2, 1
7, 3.4641, 2, 1
8, 3.4641, 1, -1
9, 3.4641, 1, -1
10, 3.4641, 1, -1
11, 3.4641, 1, -1
12, 3.4641, 1, -1
13, 3.4641, 1, -1
14, 3.4641, 1, -1
15, 3.4641, 1, -1
16, 3.4641, 2, 1
17, 3.4641, 2, 1
18, 3.4641, 1, -1
19, 3.4641, 0, 1
20, 3.4641, 1, -1
21, 3.4641, 1, -1
22, 3.4641, 1, -1
23, 3.4641, 1, -1
24, 3.4641, 1, -1
25, 3.4641, 1, -1
26, 3.4641, 1, -1
27, 3.4641, 1, -1
28, 3.4641, 0, 1
29, 3.4641, 1, -1
30, 3.4641, 0, 1
31, 3.4641, 1, -1
32, 3.4641, 1, -1
33, 3.4641, 1, -1
34, 3.4641, 1, -1
35, 3.4641, 1, -1
36, 3.4641, 1, -1
37, 3.4641, 1, -1
2.5, 4.33013, 2, 1
3.5, 4.33013, 2, 1
4.5, 4.33013, 2, 1
5.5, 4.33013, 1, -1
6.5, 4.33013, 1, -1
7.5, 4.33013, 1, -1
8.5, 4.33013, 1, -1
9.5, 4.33013, 1, -1
10.5, 4.33013, 1, -1
11.5, 4.33013, 0, 1
12.5, 4.33013, 1, -1
13.5, 4.33013, 1, -1
14.5, 4.33013, 1, -1
15.5, 4.33013, 1, -1
16.5, 4.33013, 2, 1
17.5, 4.33013, 1, -1
18.5, 4.33013, 1, -1
19.5, 4.33013, 1, -1
20.5, 4.33013, 1, -1
21.5, 4.33013, 1, -1
22.5, 4.33013, 1, -1
23.5, 4.33013, 1, -1
24.5, 4.33013, 1, -1
25.5, 4.33013, 1, -1
26.5, 4.33013, 1, -1
27.5, 4.33013, 0, 1
28.5, 4.33013, 1, -1
29.5, 4.33013, 0, 1
30.5, 4.33013, 0, 1
31.5, 4.33013, 1, -1
32.5, 4.33013, 0, 1
33.5, 4.33013, 1, -1
34.5, 4.33013, 1, -1
35.5, 4.33013, 1, -1
36.5, 4.33013, 2, 1
37.5, 4.33013, 1, -1
3, 5.19615, 2, 1
4, 5.19615, 2, 1
5, 5.19615, 1, -1
6, 5.19615, 2, 1
7, 5.19615, 2, 1
8, 5.19615, 2, 1
9, 5.19615, 1, -1
10, 5.19615, 1, -1
11, 5.19615, 0, 1
12, 5.19615, 1, -1
13, 5.19615, 1, -1
14, 5.19615, 1, -1
15, 5.19615, 1, -1
16, 5.19615, 1, -1
17, 5.19615, 0, 1
18, 5.19615, 1, -1
19, 5.19615, 1, -1
20, 5.19615, 1, -1
21, 5.19615, 1, -1
22, 5.19615, 1, -1
23, 5.19615, 1, -1
24, 5.19615, 1, -1
25, 5.19615, 1, -1
26, 5.19615, 2, 1
27, 5.19615, 1, -1
28, 5.19615, 1, -1
29, 5.19615, 1, -1
30, 5.19615, 1, -1
31, 5.19615, 1, -1
32, 5.19615, 1, -1
33, 5.19615, 1, -1
34, 5.19615, 1, -1
35, 5.19615, 1, -1
36, 5.19615, 2, 1
37, 5.19615, 2, 1
38, 5.19615, 2, 1
3.5, 6.06218, 2, 1
4.5, 6.06218, 1, -1
5.5, 6.06218, 1, -1
6.5, 6.06218, 2, 1
7.5, 6.06218, 1, -1
8.5, 6.06218, 1, -1
9.5, 6.06218, 1, -1
10.5, 6.06218, 1, -1
11.5, 6.06218, 1, -1
12.5, 6.06218, 2, 1
13.5, 6.06218, 1, -1
14.5, 6.06218, 1, -1
15.5, 6.06218, 1, -1
16.5, 6.06218, 1, -1
17.5, 6.06218, 1, -1
18.5, 6.06218, 1, -1
19.5, 6.06218, 1, -1
20.5, 6.06218, 1, -1
21.5, 6.06218, 1, -1
22.5, 6.06218, 0, 1
23.5, 6.06218, 0, 1
24.5, 6.06218, 1, -1
25.5, 6.06218, 2, 1
26.5, 6.06218, 1, -1
27.5, 6.06218, 2, 1
28.5, 6.06218, 1, -1
29.5, 6.06218, 1, -1
30.5, 6.06218, 1, -1
31.5, 6.06218, 1, -1
32.5, 6.06218, 1, -1
33.5, 6.06218, 1, -1
34.5, 6.06218, 1, -1
35.5, 6.06218, 1, -1
36.5, 6.06218, 2, 1
37.5, 6.06218, 1, -1
38.5, 6.06218, 2, 1
4, 6.9282, 2, 1
5, 6.9282, 2, 1
6, 6.9282, 1, -1
7, 6.9282, 2, 1
8, 6.9282, 2, 1
9, 6.9282, 1, -1
10, 6.9282, 1, -1
11, 6.9282, 1, -1
12, 6.9282, 1, -1
13, 6.9282, 1, -1
14, 6.9282, 1, -1
15, 6.9282, 1, -1
16, 6.9282, 1, -1
17, 6.9282, 1, -1
18, 6.9282, 1, -1
19, 6.9282, 1, -1
20, 6.9282, 1, -1
21, 6.9282, 1, -1
22, 6.9282, 1, -1
23, 6.9282, 1, -1
24, 6.9282, 1, -1
25, 6.9282, 1, -1
26, 6.9282, 1, -1
27, 6.9282, 1, -1
28, 6.9282, 1, -1
29, 6.9282, 1, -1
30, 6.9282, 1, -1
31, 6.9282, 1, -1
32, 6.9282, 1, -1
33, 6.9282, 2, 1
34, 6.9282, 2, 1
35, 6.9282, 1, -1
36, 6.9282, 1, -1
37, 6.9282, 2, 1
38, 6.9282, 1, -1
39, 6.9282, 2, 1
4.5, 7.79423, 2, 1
5.5, 7.79423, 2, 1
6.5, 7.79423, 1, -1
7.5, 7.79423, 2, 1
8.5, 7.79423, 1, -1
9.5, 7.79423, 1, -1
10.5, 7.79423, 1, -1
11.5, 7.79423, 1, -1
12.5, 7.79423, 1, -1
13.5, 7.79423, 1, -1
14.5, 7.79423, 2, 1
15.5, 7.79423, 1, -1
16.5, 7.79423, 2, 1
17.5, 7.79423, 2, 1
18.5, 7.79423, 0, 1
19.5, 7.79423, 2, 1
20.5, 7.79423, 1, -1
21.5, 7.79423, 2, 1
22.5, 7.79423, 2, 1
23.5, 7.79423, 2, 1
24.5, 7.79423, 1, -1
25.5, 7.79423, 1, -1
26.5, 7.79423, 1, -1
27.5, 7.79423, 1, -1
28.5, 7.79423, 1, -1
29.5, 7.79423, 1, -1
30.5, 7.79423, 1, -1
31.5, 7.79423, 1, -1
32.5, 7.79423, 2, 1
33.5, 7.79423, 2, 1
34.5, 7.79423, 2, 1
35.5, 7.79423, 1, -1
36.5, 7.79423, 2, 1
37.5, 7.79423, 2, 1
38.5, 7.79423, 1, -1
39.5, 7.79423, 1, -1
5, 8.66025, 2, 1
6, 8.66025, 2, 1
7, 8.66025, 2, 1
8, 8.66025, 2, 1
9, 8.66025, 2, 1
10, 8.66025, 2, 1
11, 8.66025, 1, -1
12, 8.66025, 1, -1
13, 8.66025, 1, -1
14, 8.66025, 2, 1
15, 8.66025, 1, -1
16, 8.66025, 1, -1
17, 8.66025, 2, 1
18, 8.66025, 2, 1
19, 8.66025, 3, -1
20, 8.66025, 2, 1
21, 8.66025, 2, 1
22, 8.66025, 2, 1
23, 8.66025, 2, 1
24, 8.66025, 2, 1
25, 8.66025, 1, -1
26, 8.66025, 1, -1
27, 8.66025, 1, -1
28, 8.66025, 1, -1
29, 8.66025, 1, -1
30, 8.66025, 1, -1
31, 8.66025, 1, -1
32, 8.66025, 1, -1
33, 8.66025, 1, -1
34, 8.66025, 2, 1
35, 8.66025, 2, 1
36, 8.66025, 2, 1
37, 8.66025, 2, 1
38, 8.66025, 2, 1
39, 8.66025, 1, -1
40, 8.66025, 2, 1
5.5, 9.52628, 2, 1
6.5, 9.52628, 2, 1
7.5, 9.52628, 1, -1
8.5, 9.52628, 2, 1
9.5, 9.52628, 2, 1
10.5, 9.52628, 2, 1
11.5, 9.52628, 1, -1
12.5, 9.52628, 2, 1
13.5, 9.52628, 2, 1
14.5, 9.52628, 2, 1
15.5, 9.52628, 2, 1
16.5, 9.52628, 2, 1
17.5, 9.52628, 1, -1
18.5, 9.52628, 2, 1
19.5, 9.52628, 3, -1
20.5, 9.52628, 2, 1
21.5, 9.52628, 2, 1
22.5, 9.52628, 2, 1
23.5, 9.52628, 2, 1
24.5, 9.52628, 2, 1
25.5, 9.52628, 1, -1
26.5, 9.52628, 2, 1
27.5, 9.52628, 1, -1
28.5, 9.52628, 1, -1
29.5, 9.52628, 1, -1
30.5, 9.52628, 1, -1
31.5, 9.52628, 2, 1
32.5, 9.52628, 2, 1
33.5, 9.52628, 1, -1
34.5, 9.52628, 2, 1
35.5, 9.52628, 2, 1
36.5, 9.52628, 3, -1
37.5, 9.52628, 2, 1
38.5, 9.52628, 2, 1
39.5, 9.52628, 2, 1
40.5, 9.52628, 2, 1
6, 10.3923, 2, 1
7, 10.3923, 2, 1
8, 10.3923, 1, -1
9, 10.3923, 1, -1
10, 10.3923, 1, -1
11, 10.3923, 2, 1
12, 10.3923, 1, -1
13, 10.3923, 2, 1
14, 10.3923, 3, -1
15, 10.3923, 2, 1
16, 10.3923, 2, 1
17, 10.3923, 2, 1
18, 10.3923, 1, -1
19, 10.3923, 3, -1
20, 10.3923, 3, -1
21, 10.3923, 2, 1
22, 10.3923, 2, 1
23, 10.3923, 2, 1
24, 10.3923, 2, 1
25, 10.3923, 2, 1
26, 10.3923, 2, 1
27, 10.3923, 2, 1
28, 10.3923, 2, 1
29, 10.3923, 2, 1
30, 10.3923, 1, -1
31, 10.3923, 2, 1
32, 10.3923, 1, -1
33, 10.3923, 1, -1
34, 10.3923, 2, 1
35, 10.3923, 2, 1
36, 10.3923, 3, -1
37, 10.3923, 2, 1
38, 10.3923, 2, 1
39, 10.3923, 2, 1
40, 10.3923, 2, 1
41, 10.3923, 2, 1
6.5, 11.2583, 2, 1
7.5, 11.2583, 1, -1
8.5, 11.2583, 1, -1
9.5, 11.2583, 2, 1
10.5, 11.2583, 1, -1
11.5, 11.2583, 1, -1
12.5, 11.2583, 1, -1
13.5, 11.2583, 2, 1
14.5, 11.2583, 2, 1
15.5, 11.2583, 2, 1
16.5, 11.2583, 2, 1
17.5, 11.2583, 1, -1
18.5, 11.2583, 1, -1
19.5, 11.2583, 2, 1
20.5, 11.2583, 2, 1
21.5, 11.2583, 2, 1
22.5, 11.2583, 2, 1
23.5, 11.2583, 2, 1
24.5, 11.2583, 2, 1
25.5, 11.2583, 2, 1
26.5, 11.2583, 2, 1
27.5, 11.2583, 2, 1
28.5, 11.2583, 2, 1
29.5, 11.2583, 2, 1
30.5, 11.2583, 1, -1
31.5, 11.2583, 0, 1
32.5, 11.2583, 1, -1
33.5, 11.2583, 2, 1
34.5, 11.2583, 2, 1
35.5, 11.2583, 3, -1
36.5, 11.2583, 3, -1
37.5, 11.2583, 2, 1
38.5, 11.2583, 2, 1
39.5, 11.2583, 2, 1
40.5, 11.2583, 2, 1
41.5, 11.2583, 2, 1
7, 12.1244, 2, 1
8, 12.1244, 1, -1
9, 12.1244, 2, 1
10, 12.1244, 1, -1
11, 12.1244, 1, -1
12, 12.1244, 1, -1
13, 12.1244, 1, -1
14, 12.1244, 2, 1
15, 12.1244, 2, 1
16, 12.1244, 1, -1
17, 12.1244, 1, -1
18, 12.1244, 2, 1
19, 12.1244, 1, -1
20, 12.1244, 1, -1
21, 12.1244, 1, -1
22, 12.1244, 2, 1
23, 12.1244, 2, 1
24, 12.1244, 2, 1
25, 12.1244, 2, 1
26, 12.1244, 3, -1
27, 12.1244, 2, 1
28, 12.1244, 2, 1
29, 12.1244, 2, 1
30, 12.1244, 2, 1
31, 12.1244, 2, 1
32, 12.1244, 1, -1
33, 12.1244, 2, 1
34, 12.1244, 2, 1
35, 12.1244, 2, 1
36, 12.1244, 2, 1
37, 12.1244, 2, 1
38, 12.1244, 2, 1
39, 12.1244, 2, 1
40, 12.1244, 2, 1
41, 12.1244, 1, -1
42, 12.1244, 2, 1
7.5, 12.9904, 1, -1
8.5, 12.9904, 2, 1
9.5, 12.9904, 1, -1
10.5, 12.9904, 1, -1
11.5, 12.9904, 1, -1
12.5, 12.9904, 2, 1
13.5, 12.9904, 3, -1
14.5, 12.9904, 2, 1
15.5, 12.9904, 1, -1
16.5, 12.9904, 1, -1
17.5, 12.9904, 1, -1
18.5, 12.9904, 1, -1
19.5, 12.9904, 1, -1
20.5, 12.9904, 1, -1
21.5, 12.9904, 2, 1
22.5, 12.9904, 2, 1
23.5, 12.9904, 2, 1
24.5, 12.9904, 2, 1
25.5, 12.9904, 1, -1
26.5, 12.9904, 2, 1
27.5, 12.9904, 2, 1
28.5, 12.9904, 2, 1
29.5, 12.9904, 3, -1
30.5, 12.9904, 2, 1
31.5, 12.9904, 2, 1
32.5, 12.9904, 2, 1
33.5, 12.9904, 3, -1
34.5, 12.9904, 3, -1
35.5, 12.9904, 2, 1
36.5, 12.9904, 2, 1
37.5, 12.9904, 2, 1
38.5, 12.9904, 2, 1
39.5, 12.9904, 3, -1
40.5, 12.9904, 2, 1
41.5, 12.9904, 1, -1
42.5, 12.9904, 2, 1
8, 13.8564, 1, -1
9, 13.8564, 1, -1
10, 13.8564, 1, -1
11, 13.8564, 1, -1
12, 13.8564, 1, -1
13, 13.8564, 2, 1
14, 13.8564, 2, 1
15, 13.8564, 2, 1
16, 13.8564, 1, -1
17, 13.8564, 1, -1
18, 13.8564, 1, -1
19, 13.8564, 1, -1
20, 13.8564, 1, -1
21, 13.8564, 2, 1
22, 13.8564, 2, 1
23, 13.8564, 3, -1
24, 13.8564, 2, 1
25, 13.8564, 2, 1
26, 13.8564, 1, -1
27, 13.8564, 2, 1
28, 13.8564, 1, -1
29, 13.8564, 2, 1
30, 13.8564, 3, -1
31, 13.8564, 3, -1
32, 13.8564, 2, 1
33, 13.8564, 2, 1
34, 13.8564, 3, -1
35, 13.8564, 2, 1
36, 13.8564, 3, -1
37, 13.8564, 2, 1
38, 13.8564, 2, 1
39, 13.8564, 3, -1
40, 13.8564, 2, 1
41, 13.8564, 2, 1
42, 13.8564, 2, 1
43, 13.8564, 2, 1
8.5, 14.7224, 1, -1
9.5, 14.7224, 2, 1
10.5, 14.7224, 2, 1
11.5, 14.7224, 1, -1
12.5, 14.7224, 1, -1
13.5, 14.7224, 2, 1
14.5, 14.7224, 2, 1
15.5, 14.7224, 2, 1
16.5, 14.7224, 2, 1
17.5, 14.7224, 2, 1
18.5, 14.7224, 1, -1
19.5, 14.7224, 2, 1
20.5, 14.7224, 2, 1
21.5, 14.7224, 2, 1
22.5, 14.7224, 2, 1
23.5, 14.7224, 3, -1
24.5, 14.7224, 2, 1
25.5, 14.7224, 2, 1
26.5, 14.7224, 1, -1
27.5, 14.7224, 1, -1
28.5, 14.7224, 2, 1
29.5, 14.7224, 2, 1
30.5, 14.7224, 3, -1
31.5, 14.7224, 3, -1
32.5, 14.7224, 3, -1
33.5, 14.7224, 2, 1
34.5, 14.7224, 2, 1
35.5, 14.7224, 2, 1
36.5, 14.7224, 3, -1
37.5, 14.7224, 3, -1
38.5, 14.7224, 3, -1
39.5, 14.7224, 3, -1
40.5, 14.7224, 3, -1
41.5, 14.7224, 2, 1
42.5, 14.7224, 3, -1
43.5, 14.7224, 1, -1
9, 15.5885, 2, 1
10, 15.5885, 1, -1
11, 15.5885, 2, 1
12, 15.5885, 2, 1
13, 15.5885, 2, 1
14, 15.5885, 2, 1
15, 15.5885, 2, 1
16, 15.5885, 2, 1
17, 15.5885, 2, 1
18, 15.5885, 2, 1
19, 15.5885, 2, 1
20, 15.5885, 2, 1
21, 15.5885, 2, 1
22, 15.5885, 2, 1
23, 15.5885, 2, 1
24, 15.5885, 2, 1
25, 15.5885, 2, 1
26, 15.5885, 2, 1
27, 15.5885, 2, 1
28, 15.5885, 2, 1
29, 15.5885, 2, 1
30, 15.5885, 2, 1
31, 15.5885, 3, -1
32, 15.5885, 2, 1
33, 15.5885, 2, 1
34, 15.5885, 2, 1
35, 15.5885, 2, 1
36, 15.5885, 2, 1
37, 15.5885, 2, 1
38, 15.5885, 3, -1
39, 15.5885, 3, -1
40, 15.5885, 2, 1
41, 15.5885, 3, -1
42, 15.5885, 2, 1
43, 15.5885, 3, -1
44, 15.5885, 1, -1
9.5, 16.4545, 2, 1
10.5, 16.4545, 1, -1
11.5, 16.4545, 1, -1
12.5, 16.4545, 1, -1
13.5, 16.4545, 2, 1
14.5, 16.4545, 3, -1
15.5, 16.4545, 2, 1
16.5, 16.4545, 2, 1
17.5, 16.4545, 1, -1
18.5, 16.4545, 2, 1
19.5, 16.4545, 2, 1
20.5, 16.4545, 2, 1
21.5, 16.4545, 2, 1
22.5, 16.4545, 1, -1
23.5, 16.4545, 1, -1
24.5, 16.4545, 1, -1
25.5, 16.4545, 2, 1
26.5, 16.4545, 2, 1
27.5, 16.4545, 2, 1
28.5, 16.4545, 1, -1
29.5, 16.4545, 1, -1
30.5, 16.4545, 2, 1
31.5, 16.4545, 2, 1
32.5, 16.4545, 2, 1
33.5, 16.4545, 2, 1
34.5, 16.4545, 2, 1
35.5, 16.4545, 2, 1
36.5, 16.4545, 2, 1
37.5, 16.4545, 3, -1
38.5, 16.4545, 3, -1
39.5, 16.4545, 3, -1
40.5, 16.4545, 3, -1
41.5, 16.4545, 2, 1
42.5, 16.4545, 2, 1
43.5, 16.4545, 2, 1
44.5, 16.4545, 2, 1
10, 17.3205, 1, -1
11, 17.3205, 1, -1
12, 17.3205, 1, -1
13, 17.3205, 1, -1
14, 17.3205, 2, 1
15, 17.3205, 3, -1
16, 17.3205, 2, 1
17, 17.3205, 2, 1
18, 17.3205, 2, 1
19, 17.3205, 1, -1
20, 17.3205, 1, -1
21, 17.3205, 2, 1
22, 17.3205, 2, 1
23, 17.3205, 1, -1
24, 17.3205, 1, -1
25, 17.3205, 1, -1
26, 17.3205, 2, 1
27, 17.3205, 1, -1
28, 17.3205, 2, 1
29, 17.3205, 1, -1
30, 17.3205, 1, -1
31, 17.3205, 1, -1
32, 17.3205, 1, -1
33, 17.3205, 1, -1
34, 17.3205, 1, -1
35, 17.3205, 2, 1
36, 17.3205, 2, 1
37, 17.3205, 2, 1
38, 17.3205, 3, -1
39, 17.3205, 3, -1
40, 17.3205, 3, -1
41, 17.3205, 3, -1
42, 17.3205, 2, 1
43, 17.3205, 2, 1
44, 17.3205, 2, 1
45, 17.3205, 2, 1
10.5, 18.1865, 2, 1
11.5, 18.1865, 1, -1
12.5, 18.1865, 1, -1
13.5, 18.1865, 1, -1
14.5, 18.1865, 2, 1
15.5, 18.1865, 2, 1
16.5, 18.1865, 2, 1
17.5, 18.1865, 3, -1
18.5, 18.1865, 2, 1
19.5, 18.1865, 1, -1
20.5, 18.1865, 2, 1
21.5, 18.1865, 2, 1
22.5, 18.1865, 2, 1
23.5, 18.1865, 2, 1
24.5, 18.1865, 2, 1
25.5, 18.1865, 2, 1
26.5, 18.1865, 2, 1
27.5, 18.1865, 2, 1
28.5, 18.1865, 1, -1
29.5, 18.1865, 1, -1
30.5, 18.1865, 2, 1
31.5, 18.1865, 1, -1
32.5, 18.1865, 1, -1
33.5, 18.1865, 1, -1
34.5, 18.1865, 2, 1
35.5, 18.1865, 3, -1
36.5, 18.1865, 3, -1
37.5, 18.1865, 2, 1
38.5, 18.1865, 3, -1
39.5, 18.1865, 3, -1
40.5, 18.1865, 3, -1
41.5, 18.1865, 2, 1
42.5, 18.1865, 2, 1
43.5, 18.1865, 2, 1
44.5, 18.1865, 2, 1
45.5, 18.1865, 2, 1
11, 19.0526, 2, 1
12, 19.0526, 2, 1
13, 19.0526, 1, -1
14, 19.0526, 1, -1
15, 19.0526, 2, 1
16, 19.0526, 2, 1
17, 19.0526, 2, 1
18, 19.0526, 2, 1
19, 19.0526, 2, 1
20, 19.0526, 1, -1
21, 19.0526, 2, 1
22, 19.0526, 2, 1
23, 19.0526, 2, 1
24, 19.0526, 2, 1
25, 19.0526, 2, 1
26, 19.0526, 1, -1
27, 19.0526, 2, 1
28, 19.0526, 2, 1
29, 19.0526, 2, 1
30, 19.0526, 2, 1
31, 19.0526, 1, -1
32, 19.0526, 1, -1
33, 19.0526, 2, 1
34, 19.0526, 2, 1
35, 19.0526, 2, 1
36, 19.0526, 2, 1
37, 19.0526, 2, 1
38, 19.0526, 3, -1
39, 19.0526, 3, -1
40, 19.0526, 3, -1
41, 19.0526, 3, -1
42, 19.0526, 2, 1
43, 19.0526, 1, -1
44, 19.0526, 2, 1
45, 19.0526, 2, 1
46, 19.0526, 2, 1
11.5, 19.9186, 3, -1
12.5, 19.9186, 2, 1
13.5, 19.9186, 1, -1
14.5, 19.9186, 2, 1
15.5, 19.9186, 2, 1
16.5, 19.9186, 2, 1
17.5, 19.9186, 2, 1
18.5, 19.9186, 2, 1
19.5, 19.9186, 2, 1
20.5, 19.9186, 2, 1
21.5, 19.9186, 1, -1
22.5, 19.9186, 3, -1
23.5, 19.9186, 2, 1
24.5, 19.9186, 1, -1
25.5, 19.9186, 2, 1
26.5, 19.9186, 2, 1
27.5, 19.9186, 3, -1
28.5, 19.9186, 2, 1
29.5, 19.9186, 3, -1
30.5, 19.9186, 1, -1
31.5, 19.9186, 1, -1
32.5, 19.9186, 0, 1
33.5, 19.9186, 1, -1
34.5, 19.9186, 1, -1
35.5, 19.9186, 2, 1
36.5, 19.9186, 2, 1
37.5, 19.9186, 2, 1
38.5, 19.9186, 3, -1
39.5, 19.9186, 3, -1
40.5, 19.9186, 3, -1
41.5, 19.9186, 3, -1
42.5, 19.9186, 2, 1
43.5, 19.9186, 2, 1
44.5, 19.9186, 2, 1
45.5, 19.9186, 2, 1
46.5, 19.9186, 2, 1
12, 20.7846, 3, -1
13, 20.7846, 2, 1
14, 20.7846, 2, 1
15, 20.7846, 2, 1
16, 20.7846, 1, -1
17, 20.7846, 2, 1
18, 20.7846, 1, -1
19, 20.7846, 3, -1
20, 20.7846, 2, 1
21, 20.7846, 2, 1
22, 20.7846, 2, 1
23, 20.7846, 2, 1
24, 20.7846, 2, 1
25, 20.7846, 1, -1
26, 20.7846, 2, 1
27, 20.7846, 2, 1
28, 20.7846, 2, 1
29, 20.7846, 2, 1
30, 20.7846, 1, -1
31, 20.7846, 1, -1
32, 20.7846, 1, -1
33, 20.7846, 1, -1
34, 20.7846, 1, -1
35, 20.7846, 1, -1
36, 20.7846, 2, 1
37, 20.7846, 1, -1
38, 20.7846, 2, 1
39, 20.7846, 3, -1
40, 20.7846, 3, -1
41, 20.7846, 3, -1
42, 20.7846, 2, 1
43, 20.7846, 1, -1
44, 20.7846, 2, 1
45, 20.7846, 2, 1
46, 20.7846, 2, 1
47, 20.7846, 3, -1
12.5, 21.6506, 3, -1
13.5, 21.6506, 3, -1
14.5, 21.6506, 2, 1
15.5, 21.6506, 2, 1
16.5, 21.6506, 2, 1
17.5, 21.6506, 2, 1
18.5, 21.6506, 1, -1
19.5, 21.6506, 2, 1
20.5, 21.6506, 2, 1
21.5, 21.6506, 2, 1
22.5, 21.6506, 3, -1
23.5, 21.6506, 2, 1
24.5, 21.6506, 2, 1
25.5, 21.6506, 2, 1
26.5, 21.6506, 2, 1
27.5, 21.6506, 2, 1
28.5, 21.6506, 2, 1
29.5, 21.6506, 1, -1
30.5, 21.6506, 1, -1
31.5, 21.6506, 1, -1
32.5, 21.6506, 2, 1
33.5, 21.6506, 2, 1
34.5, 21.6506, 2, 1
35.5, 21.6506, 2, 1
36.5, 21.6506, 2, 1
37.5, 21.6506, 2, 1
38.5, 21.6506, 2, 1
39.5, 21.6506, 3, -1
40.5, 21.6506, 3, -1
41.5, 21.6506, 3, -1
42.5, 21.6506, 2, 1
43.5, 21.6506, 1, -1
44.5, 21.6506, 3, -1
45.5, 21.6506, 2, 1
46.5, 21.6506, 3, -1
47.5, 21.6506, 3, -1
13, 22.5167, 3, -1
14, 22.5167, 2, 1
15, 22.5167, 2, 1
16, 22.5167, 2, 1
17, 22.5167, 2, 1
18, 22.5167, 1, -1
19, 22.5167, 1, -1
20, 22.5167, 2, 1
21, 22.5167, 2, 1
22, 22.5167, 2, 1
23, 22.5167, 3, -1
24, 22.5167, 2, 1
25, 22.5167, 2, 1
26, 22.5167, 2, 1
27, 22.5167, 2, 1
28, 22.5167, 2, 1
29, 22.5167, 2, 1
30, 22.5167, 2, 1
31, 22.5167, 2, 1
32, 22.5167, 1, -1
33, 22.5167, 1, -1
34, 22.5167, 2, 1
35, 22.5167, 2, 1
36, 22.5167, 2, 1
37, 22.5167, 2, 1
38, 22.5167, 2, 1
39, 22.5167, 3, -1
40, 22.5167, 3, -1
41, 22.5167, 3, -1
42, 22.5167, 3, -1
43, 22.5167, 3, -1
44, 22.5167, 2, 1
45, 22.5167, 2, 1
46, 22.5167, 3, -1
47, 22.5167, 3, -1
48, 22.5167, 3, -1
13.5, 23.3827, 2, 1
14.5, 23.3827, 2, 1
15.5, 23.3827, 2, 1
16.5, 23.3827, 3, -1
17.5, 23.3827, 2, 1
18.5, 23.3827, 2, 1
19.5, 23.3827, 1, -1
20.5, 23.3827, 1, -1
21.5, 23.3827, 2, 1
22.5, 23.3827, 1, -1
23.5, 23.3827, 2, 1
24.5, 23.3827, 2, 1
25.5, 23.3827, 2, 1
26.5, 23.3827, 1, -1
27.5, 23.3827, 2, 1
28.5, 23.3827, 2, 1
29.5, 23.3827, 2, 1
30.5, 23.3827, 2, 1
31.5, 23.3827, 1, -1
32.5, 23.3827, 1, -1
33.5, 23.3827, 1, -1
34.5, 23.3827, 1, -1
35.5, 23.3827, 2, 1
36.5, 23.3827, 2, 1
37.5, 23.3827, 2, 1
38.5, 23.3827, 2, 1
39.5, 23.3827, 3, -1
40.5, 23.3827, 3, -1
41.5, 23.3827, 3, -1
42.5, 23.3827, 2, 1
43.5, 23.3827, 3, -1
44.5, 23.3827, 1, -1
45.5, 23.3827, 3, -1
46.5, 23.3827, 3, -1
47.5, 23.3827, 2, 1
48.5, 23.3827, 2, 1
14, 24.2487, 2, 1
15, 24.2487, 2, 1
16, 24.2487, 2, 1
17, 24.2487, 2, 1
18, 24.2487, 2, 1
19, 24.2487, 1, -1
20, 24.2487, 1, -1
21, 24.2487, 1, -1
22, 24.2487, 1, -1
23, 24.2487, 1, -1
24, 24.2487, 1, -1
25, 24.2487, 2, 1
26, 24.2487, 2, 1
27, 24.2487, 1, -1
28, 24.2487, 2, 1
29, 24.2487, 2, 1
30, 24.2487, 2, 1
31, 24.2487, 2, 1
32, 24.2487, 2, 1
33, 24.2487, 1, -1
34, 24.2487, 1, -1
35, 24.2487, 1, -1
36, 24.2487, 2, 1
37, 24.2487, 2, 1
38, 24.2487, 3, -1
39, 24.2487, 3, -1
40, 24.2487, 3, -1
41, 24.2487, 3, -1
42, 24.2487, 2, 1
43, 24.2487, 2, 1
44, 24.2487, 2, 1
45, 24.2487, 2, 1
46, 24.2487, 2, 1
47, 24.2487, 2, 1
48, 24.2487, 2, 1
49, 24.2487, 2, 1
14.5, 25.1147, 2, 1
15.5, 25.1147, 2, 1
16.5, 25.1147, 2, 1
17.5, 25.1147, 2, 1
18.5, 25.1147, 2, 1
19.5, 25.1147, 1, -1
20.5, 25.1147, 2, 1
21.5, 25.1147, 1, -1
22.5, 25.1147, 1, -1
23.5, 25.1147, 2, 1
24.5, 25.1147, 2, 1
25.5, 25.1147, 2, 1
26.5, 25.1147, 2, 1
27.5, 25.1147, 2, 1
28.5, 25.1147, 2, 1
29.5, 25.1147, 1, -1
30.5, 25.1147, 1, -1
31.5, 25.1147, 2, 1
32.5, 25.1147, 2, 1
33.5, 25.1147, 1, -1
34.5, 25.1147, 0, 1
35.5, 25.1147, 1, -1
36.5, 25.1147, 2, 1
37.5, 25.1147, 3, -1
38.5, 25.1147, 3, -1
39.5, 25.1147, 3, -1
40.5, 25.1147, 3, -1
41.5, 25.1147, 3, -1
42.5, 25.1147, 2, 1
43.5, 25.1147, 2, 1
44.5, 25.1147, 2, 1
45.5, 25.1147, 2, 1
46.5, 25.1147, 2, 1
47.5, 25.1147, 2, 1
48.5, 25.1147, 2, 1
49.5, 25.1147, 1, -1
15, 25.9808, 2, 1
16, 25.9808, 3, -1
17, 25.9808, 2, 1
18, 25.9808, 2, 1
19, 25.9808, 1, -1
20, 25.9808, 2, 1
21, 25.9808, 2, 1
22, 25.9808, 1, -1
23, 25.9808, 2, 1
24, 25.9808, 2, 1
25, 25.9808, 3, -1
26, 25.9808, 2, 1
27, 25.9808, 2, 1
28, 25.9808, 1, -1
29, 25.9808, 1, -1
30, 25.9808, 1, -1
31, 25.9808, 1, -1
32, 25.9808, 2, 1
33, 25.9808, 1, -1
34, 25.9808, 0, 1
35, 25.9808, 2, 1
36, 25.9808, 2, 1
37, 25.9808, 2, 1
38, 25.9808, 3, -1
39, 25.9808, 3, -1
40, 25.9808, 3, -1
41, 25.9808, 3, -1
42, 25.9808, 2, 1
43, 25.9808, 2, 1
44, 25.9808, 2, 1
45, 25.9808, 2, 1
46, 25.9808, 2, 1
47, 25.9808, 2, 1
48, 25.9808, 3, -1
49, 25.9808, 2, 1
50, 25.9808, 2, 1
15.5, 26.8468, 2, 1
16.5, 26.8468, 2, 1
17.5, 26.8468, 3, -1
18.5, 26.8468, 2, 1
19.5, 26.8468, 2, 1
20.5, 26.8468, 2, 1
21.5, 26.8468, 1, -1
22.5, 26.8468, 1, -1
23.5, 26.8468, 2, 1
24.5, 26.8468, 2, 1
25.5, 26.8468, 2, 1
26.5, 26.8468, 2, 1
27.5, 26.8468, 1, -1
28.5, 26.8468, 1, -1
29.5, 26.8468, 1, -1
30.5, 26.8468, 1, -1
31.5, 26.8468, 1, -1
32.5, 26.8468, 1, -1
33.5, 26.8468, 1, -1
34.5, 26.8468, 1, -1
35.5, 26.8468, 2, 1
36.5, 26.8468, 2, 1
37.5, 26.8468, 2, 1
38.5, 26.8468, 3, -1
39.5, 26.8468, 3, -1
40.5, 26.8468, 2, 1
41.5, 26.8468, 2, 1
42.5, 26.8468, 3, -1
43.5, 26.8468, 2, 1
44.5, 26.8468, 3, -1
45.5, 26.8468, 2, 1
46.5, 26.8468, 2, 1
47.5, 26.8468, 2, 1
48.5, 26.8468, 2, 1
49.5, 26.8468, 2, 1
50.5, 26.8468, 2, 1
16, 27.7128, 2, 1
17, 27.7128, 2, 1
18, 27.7128, 2, 1
19, 27.7128, 2, 1
20, 27.7128, 2, 1
21, 27.7128, 2, 1
22, 27.7128, 1, -1
23, 27.7128, 1, -1
24, 27.7128, 1, -1
25, 27.7128, 1, -1
26, 27.7128, 1, -1
27, 27.7128, 1, -1
28, 27.7128, 1, -1
29, 27.7128, 1, -1
30, 27.7128, 1, -1
31, 27.7128, 1, -1
32, 27.7128, 1, -1
33, 27.7128, 1, -1
34, 27.7128, 1, -1
35, 27.7128, 1, -1
36, 27.7128, 2, 1
37, 27.7128, 2, 1
38, 27.7128, 3, -1
39, 27.7128, 2, 1
40, 27.7128, 2, 1
41, 27.7128, 2, 1
42, 27.7128, 2, 1
43, 27.7128, 2, 1
44, 27.7128, 2, 1
45, 27.7128, 3, -1
46, 27.7128, 2, 1
47, 27.7128, 2, 1
48, 27.7128, 1, -1
49, 27.7128, 1, -1
50, 27.7128, 2, 1
51, 27.7128, 2, 1
16.5, 28.5788, 2, 1
17.5, 28.5788, 2, 1
18.5, 28.5788, 1, -1
19.5, 28.5788, 2, 1
20.5, 28.5788, 2, 1
21.5, 28.5788, 1, -1
22.5, 28.5788, 1, -1
23.5, 28.5788, 1, -1
24.5, 28.5788, 0, 1
25.5, 28.5788, 1, -1
26.5, 28.5788, 1, -1
27.5, 28.5788, 1, -1
28.5, 28.5788, 1, -1
29.5, 28.5788, 1, -1
30.5, 28.5788, 1, -1
31.5, 28.5788, 1, -1
32.5, 28.5788, 1, -1
33.5, 28.5788, 1, -1
34.5, 28.5788, 2, 1
35.5, 28.5788, 2, 1
36.5, 28.5788, 2, 1
37.5, 28.5788, 2, 1
38.5, 28.5788, 3, -1
39.5, 28.5788, 2, 1
40.5, 28.5788, 2, 1
41.5, 28.5788, 2, 1
42.5, 28.5788, 2, 1
43.5, 28.5788, 2, 1
44.5, 28.5788, 2, 1
45.5, 28.5788, 2, 1
46.5, 28.5788, 2, 1
47.5, 28.5788, 2, 1
48.5, 28.5788, 1, -1
49.5, 28.5788, 2, 1
50.5, 28.5788, 2, 1
51.5, 28.5788, 2, 1
17, 29.4449, 2, 1
18, 29.4449, 1, -1
19, 29.4449, 1, -1
20, 29.4449, 1, -1
21, 29.4449, 1, -1
22, 29.4449, 1, -1
23, 29.4449, 1, -1
24, 29.4449, 0, 1
25, 29.4449, 1, -1
26, 29.4449, 1, -1
27, 29.4449, 1, -1
28, 29.4449, 1, -1
29, 29.4449, 1, -1
30, 29.4449, 1, -1
31, 29.4449, 1, -1
32, 29.4449, 1, -1
33, 29.4449, 1, -1
34, 29.4449, 1, -1
35, 29.4449, 2, 1
36, 29.4449, 1, -1
37, 29.4449, 2, 1
38, 29.4449, 2, 1
39, 29.4449, 2, 1
40, 29.4449, 2, 1
41, 29.4449, 2, 1
42, 29.4449, 2, 1
43, 29.4449, 2, 1
44, 29.4449, 1, -1
45, 29.4449, 2, 1
46, 29.4449, 2, 1
47, 29.4449, 1, -1
48, 29.4449, 1, -1
49, 29.4449, 1, -1
50, 29.4449, 2, 1
51, 29.4449, 2, 1
52, 29.4449, 1, -1
17.5, 30.3109, 1, -1
18.5, 30.3109, 1, -1
19.5, 30.3109, 1, -1
20.5, 30.3109, 1, -1
21.5, 30.3109, 1, -1
22.5, 30.3109, 1, -1
23.5, 30.3109, 0, 1
24.5, 30.3109, 1, -1
25.5, 30.3109, 2, 1
26.5, 30.3109, 2, 1
27.5, 30.3109, 1, -1
28.5, 30.3109, 1, -1
29.5, 30.3109, 1, -1
30.5, 30.3109, 0, 1
31.5, 30.3109, 1, -1
32.5, 30.3109, 2, 1
33.5, 30.3109, 1, -1
34.5, 30.3109, 1, -1
35.5, 30.3109, 2, 1
36.5, 30.3109, 1, -1
37.5, 30.3109, 2, 1
38.5, 30.3109, 2, 1
39.5, 30.3109, 2, 1
40.5, 30.3109, 2, 1
41.5, 30.3109, 3, -1
42.5, 30.3109, 2, 1
43.5, 30.3109, 1, -1
44.5, 30.3109, 1, -1
45.5, 30.3109, 2, 1
46.5, 30.3109, 1, -1
47.5, 30.3109, 1, -1
48.5, 30.3109, 0, 1
49.5, 30.3109, 1, -1
50.5, 30.3109, 1, -1
51.5, 30.3109, 1, -1
52.5, 30.3109, 1, -1
