0.005, -2.25299
0.03, -2.43189
0.025, -2.43374
0.09, -2.44053
0.095, -2.43857
0.05, -2.44526
0.035, -2.4317
0.01, -2.33978
0.045, -2.44529
0.065, -2.44483
0.055, -2.44414
0.17, -2.4103
0.18, -2.40772
0.185, -2.40645
0.165, -2.41153
0.04, -2.43546
0.175, -2.40905
0.02, -2.43008
0.135, -2.41902
0.13, -2.4202
0.1, -2.43565
0.015, -2.42283
0.22, -2.39682
0.08, -2.4431
0.075, -2.44387
0.085, -2.44198
0.11, -2.42964
0.145, -2.41665
0.14, -2.41788
0.15, -2.41544
0.115, -2.42493
0.07, -2.44446
0.2, -2.40253
0.195, -2.40382
0.215, -2.39826
0.16, -2.41274
0.155, -2.41405
0.105, -2.43249
0.33, -2.36395
0.25, -2.3879
0.245, -2.3894
0.335, -2.36242
0.19, -2.40524
0.275, -2.38041
0.06, -2.44496
0.24, -2.39096
0.235, -2.3925
0.35, -2.3581
0.29, -2.37584
0.21, -2.39975
0.205, -2.40105
0.345, -2.35951
0.34, -2.36098
0.36, -2.35527
0.225, -2.39531
0.23, -2.39396
0.395, -2.34563
0.4, -2.34451
0.375, -2.35122
0.27, -2.38194
0.28, -2.37889
0.285, -2.37732
0.26, -2.3849
0.425, -2.33795
0.415, -2.34053
0.41, -2.3418
0.32, -2.3668
0.42, -2.33912
0.43, -2.33657
0.44, -2.33415
0.325, -2.36547
0.435, -2.33521
0.445, -2.33281
0.315, -2.36835
0.365, -2.35377
0.37, -2.35256
0.39, -2.34712
0.385, -2.34843
0.355, -2.35677
0.31, -2.36975
0.305, -2.37147
0.265, -2.38339
0.38, -2.34987
0.45, -2.33151
0.505, -2.31812
0.295, -2.37424
0.255, -2.38637
0.3, -2.37281
0.405, -2.3432
0.47, -2.32653
0.475, -2.3254
0.46, -2.32915
0.49, -2.3218
0.485, -2.32297
0.48, -2.32409
0.5, -2.31934
0.495, -2.32033
0.54, -2.30864
0.515, -2.3156
0.535, -2.31081
0.465, -2.32774
0.52, -2.31427
0.525, -2.31325
0.585, -2.2989
0.455, -2.33029
0.61, -2.29289
0.605, -2.29373
0.595, -2.29645
0.6, -2.29492
0.57, -2.30245

0.55, -2.3073
0.58, -2.30007
0.575, -2.30131
0.565, -2.30355
0.56, -2.30473
0.51, -2.31677
0.555, -2.30607
0.615, -2.29174
0.62, -2.2903
0.59, -2.29763
0.625, -2.2891
0.63, -2.28788
0.64, -2.28549
0.65, -2.28282
0.645, -2.2841
0.655, -2.2817
0.635, -2.28635
0.665, -2.2791
0.66, -2.28049
0.67, -2.27784
0.685, -2.27373
0.68, -2.27541
0.675, -2.27652
0.695, -2.27107
0.69, -2.27275
0.7, -2.26998
0.705, -2.26878
0.72, -2.26464
0.71, -2.26737
0.715, -2.26601
0.73, -2.2617
0.74, -2.25946
0.735, -2.26081
0.725, -2.26324
0.745, -2.25808
0.755, -2.25531
0.75, -2.25656
0.84, -2.23056
0.81, -2.23952
0.815, -2.23818
0.825, -2.23499
0.82, -2.23661
0.83, -2.23355
0.765, -2.25253
0.79, -2.2457
0.76, -2.25358
0.77, -2.25118
0.88, -2.21834
0.87, -2.22123
0.875, -2.22029
0.775, -2.24949
0.785, -2.2471
0.975, -2.18631
0.98, -2.18445
0.845, -2.22918
0.795, -2.24402
0.8, -2.24255
0.96, -2.19183
0.78, -2.24818
0.955, -2.19303
0.805, -2.24098
0.91, -2.20878
0.855, -2.22586
1, -2.1773
1.015, -2.17182
0.85, -2.22777
1.01, -2.17341
0.835, -2.23236
0.965, -2.18998
0.905, -2.21043
0.915, -2.20688
0.93, -2.20213
1.005, -2.17527
0.9, -2.21212
0.895, -2.2137
0.925, -2.20349
0.89, -2.21487
0.92, -2.2054
0.885, -2.21643
1.035, -2.16404
0.995, -2.17897
1.05, -2.15835
1.045, -2.15958
1.03, -2.16601
1.025, -2.1674
0.86, -2.22441
0.865, -2.22313
0.95, -2.19493
0.945, -2.19693
1.04, -2.16209
0.97, -2.18796
0.985, -2.18298
0.94, -2.19828
1.1, -2.13746
1.095, -2.13978
1.075, -2.14787
1.09, -2.14149
0.935, -2.20031
1.12, -2.12881
1.02, -2.16942
1.115, -2.13101
1.15, -2.1155
1.16, -2.11128
1.2, -2.09168
1.13, -2.12458
1.135, -2.12219
1.08, -2.14611
1.085, -2.1439
1.165, -2.10811
1.06, -2.15423
1.055, -2.15624
1.07, -2.14956
1.19, -2.09656
1.065, -2.15222
1.195, -2.09443
1.145, -2.11751
1.185, -2.09825
1.14, -2.1207
1.11, -2.13238
1.125, -2.12633
1.105, -2.13566
0.99, -2.18079
1.17, -2.10615
1.22, -2.0816
1.215, -2.08378
1.155, -2.11374
1.23, -2.07595
1.205, -2.08944
1.27, -2.05571
1.275, -2.05253
1.305, -2.03574
1.31, -2.03254
1.315, -2.02908
1.175, -2.10409
1.18, -2.10166
1.21, -2.08661
1.25, -2.06647
1.24, -2.07116
1.235, -2.07504
1.26, -2.06039
1.325, -2.02261
1.245, -2.06932
1.265, -2.05751
1.225, -2.07933
1.32, -2.02615
1.285, -2.04695
1.28, -2.04928
1.29, -2.0443
1.3, -2.03843
1.33, -2.02078
1.295, -2.04085
1.255, -2.06248
1.37, -1.99494
1.35, -2.00791
1.355, -2.00457
1.34, -2.01424
1.365, -1.99881
1.36, -2.00137
1.335, -2.01712
1.345, -2.01067
1.375, -1.99161
1.415, -1.96415
1.425, -1.95774
1.42, -1.96008
1.395, -1.9776
1.39, -1.98222
1.4, -1.9752
1.41, -1.96795
1.385, -1.98547
1.405, -1.97121
1.44, -1.94557
1.43, -1.95374
1.435, -1.94973
1.445, -1.94266
1.46, -1.93176
1.47, -1.92258
1.465, -1.92726
1.475, -1.91935
1.455, -1.93457
1.38, -1.98848
1.45, -1.93966
1.5, -1.89989
1.53, -1.87364
1.48, -1.91513
1.525, -1.87787
1.485, -1.91051
1.495, -1.90383
1.51, -1.89016
1.505, -1.89493
1.49, -1.90715
1.545, -1.8599
1.52, -1.88217
1.515, -1.88581
1.535, -1.86941
1.54, -1.86409
1.55, -1.85617
1.56, -1.84726
1.575, -1.83266
1.555, -1.85149
1.57, -1.83654
1.58, -1.82791
1.565, -1.84125
1.61, -1.79828
1.605, -1.80245
1.59, -1.81796
1.595, -1.81295
1.625, -1.78335
1.65, -1.75567
1.645, -1.76123
1.62, -1.78768
1.585, -1.82256
1.665, -1.7396
1.615, -1.7929
1.6, -1.80744
1.705, -1.69525
1.75, -1.64177
1.63, -1.77749
1.755, -1.63477
1.745, -1.64591
1.74, -1.65358
1.735, -1.65848
1.795, -1.58531
1.635, -1.77166
1.64, -1.76781
1.77, -1.61683
1.695, -1.70553
1.79, -1.59184
1.7, -1.69924
1.69, -1.71096
1.685, -1.71784
1.655, -1.75085
1.68, -1.72393
1.78, -1.60415
1.66, -1.74565
1.785, -1.59738
1.67, -1.734
1.71, -1.68748
1.725, -1.66948
1.675, -1.72746
1.73, -1.66599
1.76, -1.62866
1.805, -1.57276
1.83, -1.54227
1.765, -1.62311
1.845, -1.52264
1.715, -1.68247
1.72, -1.67545
1.85, -1.51889
1.775, -1.60959
1.825, -1.54913
1.87, -1.49198
1.865, -1.50001
1.835, -1.53521
1.895, -1.46321
1.815, -1.56068
1.89, -1.46794
1.885, -1.47444
1.84, -1.53048
1.88, -1.4801
1.905, -1.45046
1.82, -1.55405
1.875, -1.48521
1.81, -1.56819
1.86, -1.50537
1.94, -1.40903
1.945, -1.40438
1.93, -1.41878
1.935, -1.41438
1.965, -1.37998
1.97, -1.37585
1.975, -1.37035
1.98, -1.36275
1.99, -1.35294
1.985, -1.35794
1.95, -1.39678
1.8, -1.57997
1.915, -1.43799
1.96, -1.38694
1.92, -1.43162
1.995, -1.34764
1.925, -1.42483
1.855, -1.51186
2.04, -1.30091
2.03, -1.31032
2.035, -1.30472
1.9, -1.45683
2.015, -1.32643
2.01, -1.33035
1.955, -1.39171
2.005, -1.33764
2.055, -1.28654
2.025, -1.31552
2.02, -1.3204
2.07, -1.2713
2.085, -1.25645
2.09, -1.25147
2.065, -1.27483
2.05, -1.28983
2.08, -1.26081
2.045, -1.2945
2, -1.34262
2.075, -1.26474
2.06, -1.28032
2.105, -1.23791
2.11, -1.23209
2.1, -1.24222
1.91, -1.44386
2.095, -1.24752
2.125, -1.21897
2.14, -1.20624
2.145, -1.19964
2.13, -1.21513
2.135, -1.21001
2.175, -1.17629
2.115, -1.22841
2.12, -1.22376
0.12, -2.42277
0.125, -2.42163
2.17, -1.17894
2.165, -1.18379
2.15, -1.19657
2.16, -1.18783
2.155, -1.19158
2.195, -1.1594
2.19, -1.16235
2.2, -1.15584
2.185, -1.16708
2.18, -1.16935
2.26, -1.10987
2.245, -1.11938
2.22, -1.14068
2.265, -1.10375
2.205, -1.15097
2.255, -1.11225
2.21, -1.1456
2.25, -1.11507
2.215, -1.14313
2.24, -1.12379
2.295, -1.08294
2.235, -1.12726
2.3, -1.07766
2.27, -1.10178
2.23, -1.13152
2.225, -1.13486
2.315, -1.06975
2.28, -1.09448
2.285, -1.09026
2.31, -1.07396
2.305, -1.0764
2.29, -1.08628
2.33, -1.06001
2.325, -1.06329
2.32, -1.06607
2.34, -1.05118
2.35, -1.04495
2.345, -1.04831
2.36, -1.03962
2.375, -1.02969
2.355, -1.04283
2.405, -1.0098
2.385, -1.02199
2.41, -1.00678
2.37, -1.03296
2.365, -1.0353
2.395, -1.01621
2.4, -1.0146
2.435, -0.992749
2.44, -0.989615
2.39, -1.02076
2.38, -1.0261
2.425, -0.997636
2.43, -0.996511
2.485, -0.963536
2.335, -1.05611
2.49, -0.96059
2.475, -0.969235
2.445, -0.986421
2.42, -1.00089
2.415, -1.00387
2.45, -0.983939
2.505, -0.950986
2.465, -0.974291
2.47, -0.971069
2.54, -0.934326
2.455, -0.981495
2.525, -0.941506
2.53, -0.937673
2.51, -0.949438
2.5, -0.955431
2.52, -0.943929
2.515, -0.946728
2.57, -0.918321
2.56, -0.922561
2.565, -0.919965
2.46, -0.977666

2.545, -0.930186
2.55, -0.92807
2.48, -0.965835
2.535, -0.934897
2.555, -0.924515
2.6, -0.900983
2.595, -0.905188
2.495, -0.958369
2.58, -0.913137
2.59, -0.907779
2.605, -0.899415
2.61, -0.897388
2.615, -0.895015
2.585, -0.909694
2.62, -0.892493
2.65, -0.878265
2.67, -0.868958
2.665, -0.871596
2.66, -0.874691
2.705, -0.853881
2.695, -0.856186
2.63, -0.886633
2.685, -0.861856
2.635, -0.884502
2.71, -0.850148
2.72, -0.847428
2.625, -0.889621
2.655, -0.875699
2.715, -0.847853
2.69, -0.860583
2.68, -0.864197
2.675, -0.865849
2.64, -0.883823
2.645, -0.879451
2.77, -0.824147
2.7, -0.853956
2.76, -0.829942
2.755, -0.830855
2.745, -0.836117
2.75, -0.833962
2.73, -0.84157
2.74, -0.836736
2.735, -0.83938
2.725, -0.844491
2.765, -0.827235
2.775, -0.823442
2.785, -0.81878
2.78, -0.820508
2.795, -0.8144
2.79, -0.816305
2.815, -0.806109
2.825, -0.802768
2.82, -0.804509
2.81, -0.807809
2.805, -0.810335
2.8, -0.81229
2.83, -0.801005
2.835, -0.798298
2.84, -0.796216
2.845, -0.794051
2.865, -0.786652
2.855, -0.790758
2.86, -0.787676
2.875, -0.782112
2.88, -0.78089
2.87, -0.786158
2.85, -0.791505
2.89, -0.777459
2.885, -0.779223
2.895, -0.775728
2.92, -0.765612
2.915, -0.767213
2.9, -0.772746
2.91, -0.769444
2.965, -0.750402
2.975, -0.746576
2.99, -0.742119
2.925, -0.765621
2.98, -0.744509
2.96, -0.752597
2.94, -0.758383
2.945, -0.75688
2.95, -0.754851
3.025, -0.72956
3.02, -0.731477
3.015, -0.734083
3.035, -0.72627
3.03, -0.728141
2.985, -0.744325
2.93, -0.762165
2.935, -0.760902
2.955, -0.754027
3.005, -0.735952
3.01, -0.735144
2.995, -0.739187
3, -0.738152
2.97, -0.747587
3.04, -0.725528
3.085, -0.709937
3.055, -0.720224
3.045, -0.72338
3.05, -0.722174
3.065, -0.717147
3.07, -0.715806
3.1, -0.705396
3.105, -0.704383
3.11, -0.702876
3.06, -0.718489
3.075, -0.713799
3.08, -0.712213
3.095, -0.707224
3.09, -0.708264
3.125, -0.698382
3.12, -0.698688
3.115, -0.702219
3.17, -0.685042
3.16, -0.687363
3.165, -0.687296
3.185, -0.679821
3.175, -0.682557
3.155, -0.689507
3.18, -0.681649
3.21, -0.673999
3.195, -0.678234
3.205, -0.675447
3.13, -0.697756
3.2, -0.675807
3.19, -0.678789
3.215, -0.672875
3.22, -0.670848
3.225, -0.669735
3.255, -0.660585
3.235, -0.66749
3.265, -0.657555
3.27, -0.657008
3.25, -0.662165
3.26, -0.658635
3.23, -0.66782
3.245, -0.663454
3.24, -0.664469
3.28, -0.654664
3.285, -0.652853
3.29, -0.650477
3.295, -0.650834
2.275, -1.09888
3.3, -0.649547
3.315, -0.644481
3.325, -0.643491
3.31, -0.645886
3.37, -0.630523
3.365, -0.632451
3.305, -0.64787
3.345, -0.636703
3.32, -0.644524
3.35, -0.636591
3.38, -0.629126
3.385, -0.62742
3.34, -0.639472
3.33, -0.640275
3.36, -0.633396
3.355, -0.63452
3.375, -0.62922
3.41, -0.621769
3.415, -0.620438
3.4, -0.623121
3.405, -0.622484
3.39, -0.62658
3.335, -0.640521
3.42, -0.618008
3.395, -0.624573
3.45, -0.612458
3.44, -0.613286
3.445, -0.612264
3.425, -0.617908
3.465, -0.608116
3.46, -0.608561
3.455, -0.610194
3.43, -0.617555
3.435, -0.61569
3.47, -0.606801
3.48, -0.60498
3.475, -0.605694
3.485, -0.603502
3.49, -0.601509
3.5, -0.600203
3.505, -0.597745
3.51, -0.598113
3.55, -0.588585
3.52, -0.59574
3.525, -0.594889
3.495, -0.600874
3.54, -0.590787
3.535, -0.592508
3.545, -0.590135
3.53, -0.59292
3.59, -0.581718
3.565, -0.585429
3.555, -0.587688
3.56, -0.588149
3.57, -0.584366
3.575, -0.584712
3.58, -0.582044
3.585, -0.581744
3.595, -0.580101
3.6, -0.578453
3.625, -0.573629
3.615, -0.575072
3.63, -0.572917
3.64, -0.569601
3.635, -0.570597
3.62, -0.573766
3.65, -0.567569
3.61, -0.576617
3.645, -0.569328
3.605, -0.577669
3.71, -0.556521
3.72, -0.554205
3.715, -0.555724
3.7, -0.557689
3.705, -0.55756
3.69, -0.560649
3.745, -0.549031
3.695, -0.559441
3.75, -0.54827
3.655, -0.567089
3.845, -0.530643
3.835, -0.532702
3.93, -0.517491
3.84, -0.530687
3.805, -0.538078
3.895, -0.523181
3.89, -0.523023
3.755, -0.547098
3.76, -0.546579
3.675, -0.562565
3.68, -0.56228
3.765, -0.54504
3.685, -0.561467
3.825, -0.534637
3.82, -0.535056
3.74, -0.550846
3.73, -0.553005
3.735, -0.552307
3.85, -0.529916
3.87, -0.526475
3.785, -0.542573
3.865, -0.526914
3.86, -0.528011
3.66, -0.566767
3.78, -0.543032
3.8, -0.538262
3.795, -0.53981
3.815, -0.536386
3.855, -0.528622
3.79, -0.5407
3.95, -0.512703
3.81, -0.537001
3.83, -0.534397
3.725, -0.554154
3.995, -0.505337
3.975, -0.508489
3.97, -0.508559
3.955, -0.511805
4.005, -0.504271
3.945, -0.51354
4.015, -0.502964
3.94, -0.51308
3.935, -0.515587
3.9, -0.521264
3.98, -0.507216
3.985, -0.506865
3.96, -0.511386
3.965, -0.511464
3.905, -0.521607
3.875, -0.525407
4.01, -0.503371
3.99, -0.506786
4.065, -0.494354
4.06, -0.495294
3.915, -0.519622
3.775, -0.54374
4.055, -0.496835
3.885, -0.52384
3.91, -0.520051
3.88, -0.524477
4.025, -0.500791
4.02, -0.502022
3.77, -0.544064
4.085, -0.492004
4.09, -0.49117
3.92, -0.517133
4.05, -0.496866
4.04, -0.49821
4.045, -0.497863
4.07, -0.493637
4.035, -0.499264
3.925, -0.518212
4.08, -0.492663
4.075, -0.493386
4, -0.504146
4.03, -0.499793
4.1, -0.488411
4.095, -0.489823
4.125, -0.485133
4.11, -0.487794
4.12, -0.485918
4.115, -0.488137
4.145, -0.482189
4.15, -0.481762
4.14, -0.482559
4.18, -0.47795
4.185, -0.478069
4.155, -0.480443
4.195, -0.475888
4.2, -0.475262
4.17, -0.479442
4.165, -0.480025
4.16, -0.479159
4.175, -0.478092
4.225, -0.471547
4.23, -0.471171
4.26, -0.465474
4.255, -0.466838
4.25, -0.467774
4.135, -0.483278
4.19, -0.47614
4.13, -0.485149
4.265, -0.465701
4.205, -0.473921
4.22, -0.471187
4.24, -0.468155
4.21, -0.473592
4.235, -0.468415
4.215, -0.472578
4.245, -0.468363
4.27, -0.465726
4.285, -0.462583
4.28, -0.46371
4.29, -0.462838
4.315, -0.458537
4.31, -0.459117
4.32, -0.458276
4.325, -0.455908
4.295, -0.461236
4.305, -0.46082
4.3, -0.460562
4.275, -0.463921
4.335, -0.45599
4.345, -0.455333
4.34, -0.455517
4.33, -0.456748
4.35, -0.454599
4.355, -0.453018
4.37, -0.450427
4.365, -0.451537
4.36, -0.452661
4.405, -0.447767
4.385, -0.450252
4.38, -0.450815
4.4, -0.446115
4.39, -0.448147
4.395, -0.448427
4.435, -0.443353
4.375, -0.451275
4.42, -0.445254
4.415, -0.445219
4.41, -0.44545
4.43, -0.44434
4.425, -0.443905
4.45, -0.44066
4.51, -0.434204
4.505, -0.434954
4.445, -0.441641
4.495, -0.436215
4.5, -0.434853
4.515, -0.433801
4.52, -0.433752
4.44, -0.441596
4.455, -0.440206
4.47, -0.439947
4.46, -0.440562
4.465, -0.439283
4.48, -0.438459
4.485, -0.437017
4.49, -0.435993
4.61, -0.421764
4.53, -0.431875
4.555, -0.429751
4.57, -0.427188
4.565, -0.427765
4.535, -0.432033
4.56, -0.428925
4.525, -0.43208
4.62, -0.420698
4.575, -0.425987
4.615, -0.421882
4.59, -0.425514
4.54, -0.429942
4.58, -0.425477
4.595, -0.424706
4.545, -0.430436
4.645, -0.418428
4.55, -0.429274
4.635, -0.420024
4.715, -0.412014
4.63, -0.420026
4.75, -0.407267
4.64, -0.419126
4.6, -0.423679
4.585, -0.42537
4.745, -0.407927
4.625, -0.42114
4.605, -0.423144
4.74, -0.40735
4.7, -0.413089
4.705, -0.412878
4.71, -0.413262
4.665, -0.416069
4.67, -0.416733
4.77, -0.404935
4.765, -0.406258
4.69, -0.413659
4.695, -0.413226
4.68, -0.414318

4.675, -0.414569
4.8, -0.402021
4.655, -0.416512
4.81, -0.402232
4.82, -0.39941
4.815, -0.399935
4.66, -0.416751
4.65, -0.41758
4.73, -0.408846
4.795, -0.401734
4.79, -0.403421
4.825, -0.399929
4.72, -0.410338
4.78, -0.403965
4.735, -0.408917
4.87, -0.395526
3.145, -0.691685
4.855, -0.395643
4.685, -0.413833
4.775, -0.405678
3.15, -0.690903
4.845, -0.397361
3.14, -0.693982
3.135, -0.695464
4.76, -0.406155
4.905, -0.390949
4.885, -0.39288
4.755, -0.407213
4.89, -0.392994
4.83, -0.39861
4.875, -0.394863
4.88, -0.395394
4.955, -0.386897
4.725, -0.409491
4.9, -0.392324
4.895, -0.393102
4.835, -0.397952
4.85, -0.396808
4.84, -0.39829
4.945, -0.386653
4.95, -0.387176
4.94, -0.386857
4.865, -0.395568
4.91, -0.392261
4.935, -0.388809
4.93, -0.38923
4.925, -0.389909
4.965, -0.385708
4.98, -0.384752
4.805, -0.401511
4.915, -0.391108
4.975, -0.383956
4.96, -0.386859
4.92, -0.390446
5.005, -0.382695
5, -0.382054
4.995, -0.383158
5.015, -0.38088
5.01, -0.381586
5.02, -0.381542
4.99, -0.382552
4.97, -0.385844
5.07, -0.376614
4.985, -0.384245
5.11, -0.372661
5.12, -0.371397
5.115, -0.373165
5.06, -0.378443
5.05, -0.37838
5.065, -0.377129
5.055, -0.376748
5.045, -0.378002
5.095, -0.37245
5.09, -0.373544
5.04, -0.379606
5.035, -0.379013
5.03, -0.379624
5.155, -0.368619
5.15, -0.369371
5.14, -0.36964
5.145, -0.369398
4.86, -0.395395
5.025, -0.380037
5.085, -0.374869
5.165, -0.367449
5.105, -0.373267
5.185, -0.366355
5.16, -0.368208
5.1, -0.373342
5.08, -0.375439
5.125, -0.371581
5.215, -0.364081
5.22, -0.36269
5.21, -0.365321
5.13, -0.372024
5.19, -0.365734
5.075, -0.375992
5.135, -0.370974
5.205, -0.363765
5.2, -0.364728
5.195, -0.365168
5.225, -0.363971
5.175, -0.36651
5.235, -0.362064
5.18, -0.365349
5.17, -0.367065
5.23, -0.361631
5.26, -0.360604
5.255, -0.360506
5.25, -0.360762
5.245, -0.360489
5.24, -0.36043
3.275, -0.656323
5.265, -0.359627
5.295, -0.356496
5.27, -0.358758
5.275, -0.358979
5.29, -0.357492
5.28, -0.358185
5.285, -0.357838
5.3, -0.357402
5.335, -0.354069
5.31, -0.356234
5.305, -0.35573
5.345, -0.352367
5.34, -0.352769
5.35, -0.351691
5.37, -0.351111
5.375, -0.350752
5.32, -0.35504
5.325, -0.354464
5.315, -0.35588
5.33, -0.355122
5.36, -0.351737
5.355, -0.352463
5.365, -0.351349
5.425, -0.346223
5.42, -0.347238
5.41, -0.347632
5.435, -0.345621
5.415, -0.347446
5.43, -0.34617
5.4, -0.348213
5.385, -0.348967
5.39, -0.349188
5.395, -0.349499
5.54, -0.337868
5.485, -0.341652
5.495, -0.341617
5.49, -0.342009
5.38, -0.349995
5.45, -0.345777
5.44, -0.345334
5.48, -0.343497
5.52, -0.339316
5.53, -0.338658
5.535, -0.339222
5.445, -0.345865
5.525, -0.33885
5.405, -0.347609
5.475, -0.343117
5.455, -0.344253
5.465, -0.343205
5.47, -0.342796
5.58, -0.334398
5.585, -0.334795
5.56, -0.336859
5.57, -0.336023
5.51, -0.339863
5.5, -0.341023
5.575, -0.335547
5.515, -0.339512
5.565, -0.336186
5.505, -0.340727
5.46, -0.343673
5.55, -0.337153
5.605, -0.332727
5.545, -0.336758
5.61, -0.333878
5.615, -0.333269
5.635, -0.331285
5.6, -0.333962
5.625, -0.332102
5.595, -0.334476
5.555, -0.335962
5.59, -0.333671
5.665, -0.329442
5.68, -0.328702
5.685, -0.327975
5.66, -0.328311
5.64, -0.330637
5.715, -0.32513
5.72, -0.325294
5.725, -0.325299
5.63, -0.331361
5.75, -0.322997
5.78, -0.322077
5.62, -0.33207
5.775, -0.321827
5.655, -0.330082
5.77, -0.322331
5.645, -0.330643
5.675, -0.329535
5.67, -0.330144
5.835, -0.317718
5.79, -0.320655
5.695, -0.326931
5.65, -0.331112
5.83, -0.318545
5.735, -0.324623
5.73, -0.32505
5.785, -0.321334
5.855, -0.317155
5.69, -0.327725
5.82, -0.320215
5.81, -0.320089
3.515, -0.597168
5.76, -0.322347
5.825, -0.317498
5.745, -0.324654
5.815, -0.318459
5.7, -0.326705
5.71, -0.32612
5.705, -0.327773
5.915, -0.312074
5.86, -0.317548
5.87, -0.316144
5.765, -0.322797
5.875, -0.315528
5.865, -0.314985
5.92, -0.31279
5.925, -0.31252
5.845, -0.317178
5.955, -0.309816
5.9, -0.313642

5.88, -0.314432
5.885, -0.315069
5.755, -0.322614
5.94, -0.31115
5.945, -0.310744
5.935, -0.312048
5.895, -0.314122
5.905, -0.313768
5.89, -0.313537
5.95, -0.310906
5.84, -0.318008
5.995, -0.307364
5.91, -0.313913
5.99, -0.308115
6.035, -0.306298
5.93, -0.312228
6.025, -0.306227
6.075, -0.303302
6.02, -0.307132
5.96, -0.309732
6.08, -0.302945
5.97, -0.30846
5.975, -0.30961
5.965, -0.31019
6.055, -0.304735
6.065, -0.303557
6.06, -0.304617
6.105, -0.301547
6.12, -0.300332
6.11, -0.300991
6.115, -0.301081
6.085, -0.302731
6.1, -0.301927
6.095, -0.301599
6.005, -0.307357
6.01, -0.307113
5.985, -0.307488
6.125, -0.30052
6.13, -0.300917
6.07, -0.304545
6.015, -0.307546
6.03, -0.306487
6, -0.307676
6.195, -0.297151
6.19, -0.296656
6.2, -0.296229
6.17, -0.297854
6.05, -0.305297
6.185, -0.296313
6.165, -0.297704
6.15, -0.300003
6.155, -0.298182
6.145, -0.298441
6.16, -0.297818
6.14, -0.299406
6.09, -0.303282
6.045, -0.305214
6.225, -0.295117
6.04, -0.305331
6.22, -0.294948
6.21, -0.295536
6.24, -0.294716
6.135, -0.300917
5.98, -0.309177
6.25, -0.293351
6.255, -0.293431
6.26, -0.292993
6.285, -0.291505
6.175, -0.297799
6.215, -0.295331
6.23, -0.294132
6.235, -0.294092
3.665, -0.564484
6.275, -0.292548
6.31, -0.290911
6.305, -0.290983
6.29, -0.291526
6.27, -0.292061
6.265, -0.29243
6.205, -0.296572
6.28, -0.291728
6.325, -0.288914
6.32, -0.290276
6.335, -0.288756
6.33, -0.289726
6.245, -0.2939
6.315, -0.290085
6.295, -0.290557
6.3, -0.290671
6.345, -0.28878
6.35, -0.289312
6.355, -0.28759
3.67, -0.56322
6.34, -0.288163
6.36, -0.287574
6.39, -0.286227
6.365, -0.286974
6.18, -0.297531
6.385, -0.286184
6.375, -0.286075
6.38, -0.287051
6.43, -0.284606
6.395, -0.285742
6.4, -0.285492
6.405, -0.285405
6.425, -0.284142
6.45, -0.282828
6.445, -0.282803
6.415, -0.284435
6.41, -0.284274
6.52, -0.279973
6.42, -0.284747
6.435, -0.283356
6.44, -0.283146
6.455, -0.282351
6.465, -0.282136
6.46, -0.282356
6.485, -0.281491
6.495, -0.280278
6.5, -0.281345
6.51, -0.279153
6.505, -0.280527
6.49, -0.281469
4.105, -0.487767
6.525, -0.279589
6.53, -0.278965
6.535, -0.278795
6.47, -0.281046
6.475, -0.281436
6.515, -0.28022
6.48, -0.281916
6.54, -0.278093
6.555, -0.276654
6.545, -0.277405
6.55, -0.276753
6.585, -0.275682
6.58, -0.276608
6.595, -0.275461
6.59, -0.275158
6.615, -0.275875
6.61, -0.274703
6.56, -0.276756
6.565, -0.27776
6.655, -0.27222
6.64, -0.273388
6.6, -0.275059
6.65, -0.272339
6.635, -0.273386
6.685, -0.270773
6.575, -0.276357
6.57, -0.276842
6.605, -0.275558
6.665, -0.271553
6.63, -0.274238
6.66, -0.272553
6.62, -0.273798
6.625, -0.274101
6.71, -0.270028
6.72, -0.269409
6.715, -0.269135
6.7, -0.270448
6.705, -0.270079
6.68, -0.27242
6.675, -0.271268
6.73, -0.269378
6.67, -0.271158
6.69, -0.270467
6.735, -0.267899
6.75, -0.267613
6.755, -0.26747
6.76, -0.268433
6.775, -0.268113
6.745, -0.26789
6.695, -0.271262
6.645, -0.273225
6.74, -0.269482
6.8, -0.266668
6.765, -0.267316
6.84, -0.263816
6.81, -0.265561
6.725, -0.268722
6.835, -0.264226
6.77, -0.267213
6.785, -0.266893
6.78, -0.265988
6.79, -0.266745
6.87, -0.262852
6.83, -0.264949
6.825, -0.26487
6.795, -0.266713
6.82, -0.264253
6.9, -0.26002
6.875, -0.263304
6.945, -0.259304
6.865, -0.26243
6.935, -0.259899
6.815, -0.265918
6.91, -0.260993
6.805, -0.266731
6.89, -0.26219

6.915, -0.261407
6.85, -0.264391
6.955, -0.258672
6.95, -0.259356
6.845, -0.263359
6.92, -0.260125
6.925, -0.261128
6.98, -0.258166
6.905, -0.261148
6.885, -0.262241
6.99, -0.257814
6.93, -0.26064
6.88, -0.262738
6.94, -0.259533
7.01, -0.256645
6.895, -0.261712
7.005, -0.256963
7.03, -0.256085
6.975, -0.258452
7.015, -0.256498
6.97, -0.258472
7.025, -0.256269
6.965, -0.258179
7.035, -0.255227
7.055, -0.254956
7.05, -0.255794
7.045, -0.255263
7.04, -0.255296
7.09, -0.252696
7, -0.256923
7.08, -0.253625
7.085, -0.254096
7.07, -0.254195
7.065, -0.255437
6.995, -0.257511
4.475, -0.438633
6.96, -0.258047
7.095, -0.253899
7.1, -0.253372
6.985, -0.257533
7.075, -0.254329
7.02, -0.256038
7.14, -0.250973
7.155, -0.249695
7.145, -0.25205
7.15, -0.251217
7.13, -0.252034
7.135, -0.251732
7.16, -0.250428
7.21, -0.249915
7.12, -0.252184
7.125, -0.252523
7.205, -0.248992
7.11, -0.252695
7.115, -0.253159
7.22, -0.248453
7.225, -0.247275
7.175, -0.249464
7.17, -0.250183
7.25, -0.247395
7.105, -0.253629
7.245, -0.246676
7.19, -0.249781
7.255, -0.246596
7.275, -0.246329
7.285, -0.245757
7.28, -0.246047
7.195, -0.249065
7.27, -0.24683
7.165, -0.249815
7.2, -0.24852
7.18, -0.250161
7.185, -0.249406
7.24, -0.247483
7.215, -0.248209
7.235, -0.247129
7.26, -0.246544
7.265, -0.246978
7.33, -0.244354
7.335, -0.243198
7.34, -0.243628
7.3, -0.24536
7.295, -0.245057
7.305, -0.244446
7.35, -0.243343
7.32, -0.243769
7.325, -0.244272
7.315, -0.244587
7.29, -0.245556
7.31, -0.244121
7.365, -0.242428
7.355, -0.244185
7.36, -0.241976
7.43, -0.239195
7.385, -0.242403
7.405, -0.241361
7.41, -0.241336
7.38, -0.242203
7.4, -0.241331
7.395, -0.241255
7.39, -0.241269
7.37, -0.242497
7.375, -0.242599
7.42, -0.240144
7.47, -0.239127
7.415, -0.241076
7.46, -0.238889
7.465, -0.239092
7.475, -0.238498
7.48, -0.239322
7.485, -0.238326
7.425, -0.240358
7.45, -0.238843
7.44, -0.240067
7.445, -0.23874
7.515, -0.238445
7.435, -0.240417
7.525, -0.237146
7.49, -0.238068
7.5, -0.236643
7.495, -0.238825
7.52, -0.237304
7.585, -0.233786
7.51, -0.238098
7.505, -0.237598
7.565, -0.235157
7.57, -0.234185
7.575, -0.23517
7.56, -0.234837
7.58, -0.2343
7.53, -0.236706
7.555, -0.235638
7.54, -0.236195
7.55, -0.23585
7.545, -0.235893
7.595, -0.235456
7.615, -0.233706
7.6, -0.234079
7.535, -0.236391
7.59, -0.235523
7.655, -0.231878
7.66, -0.232844
7.67, -0.232451
7.645, -0.233042
7.65, -0.232394
7.61, -0.233338
7.685, -0.231518
7.605, -0.234665
7.62, -0.233719
7.64, -0.233213
7.705, -0.229864
7.665, -0.23192
7.63, -0.23341
7.71, -0.230191
7.735, -0.229329
7.725, -0.23024
7.72, -0.230115
7.675, -0.232874
7.635, -0.233223
7.73, -0.229418
7.68, -0.230655
7.7, -0.230312
7.69, -0.231641
7.625, -0.23305
7.755, -0.229244
7.76, -0.228443
7.77, -0.228456
7.695, -0.23162
7.715, -0.230314
7.765, -0.228244
7.745, -0.22826
7.74, -0.229611
7.83, -0.226682
7.825, -0.226055
7.865, -0.225174
7.785, -0.228268
7.86, -0.225059
7.88, -0.224902
7.875, -0.224218
7.78, -0.228519
7.915, -0.223966
7.815, -0.227271
7.82, -0.226186
7.75, -0.229015
7.8, -0.227693
7.795, -0.227389
7.87, -0.225255
7.79, -0.227394
7.91, -0.223461
7.775, -0.227251
7.85, -0.226699
7.84, -0.22528
7.805, -0.226193
7.81, -0.226855

7.9, -0.223192
7.905, -0.223501
7.96, -0.222986
7.945, -0.223069
7.89, -0.224481
7.895, -0.22532
7.845, -0.225377
7.835, -0.226505
7.885, -0.224139
7.95, -0.222822
7.92, -0.223742
7.925, -0.222846
7.965, -0.221202
7.985, -0.221946
7.98, -0.221361
8.005, -0.220932
8.015, -0.21983
7.975, -0.220929
8.01, -0.221185
7.935, -0.223747
7.955, -0.22265
7.93, -0.223649
7.995, -0.220579
7.99, -0.221836
7.97, -0.221729
7.94, -0.222076
8.07, -0.218634
8.065, -0.219086
8.045, -0.219646
8.09, -0.218704
8.06, -0.21912
8.055, -0.218532
8.095, -0.21717
8.05, -0.219876
8.03, -0.219539
8.11, -0.216912
8.075, -0.218454
8.04, -0.219451
8.12, -0.217897
8.165, -0.215559
8.17, -0.215161
8.16, -0.216842
8.155, -0.215682
8.15, -0.216157
8.025, -0.220116
8.1, -0.217206
8.035, -0.219475
8.105, -0.218255
8.115, -0.217646
8, -0.221946
8.085, -0.218123
8.08, -0.219174
8.205, -0.215146
8.2, -0.214707
8.135, -0.216677
8.145, -0.216197
8.14, -0.217019
8.195, -0.215704
8.235, -0.213955
8.24, -0.21384
8.245, -0.213748
8.23, -0.213418
8.13, -0.217264
8.19, -0.214781
8.215, -0.214051
8.125, -0.216788
8.21, -0.214224
8.175, -0.215651
8.225, -0.214843
8.22, -0.214698
8.275, -0.212147
8.18, -0.215609
8.185, -0.215716
8.285, -0.21142
8.255, -0.212777
8.26, -0.213029
8.27, -0.213254
8.25, -0.212872
5.74, -0.324262
8.265, -0.21256
8.28, -0.212331
5.805, -0.319435
5.8, -0.320802
5.795, -0.320686
8.29, -0.212556
8.295, -0.212211
8.305, -0.211522
8.3, -0.211804
8.325, -0.211023
8.35, -0.21088
8.365, -0.210429
8.36, -0.210152
8.355, -0.210305
8.31, -0.211734
8.37, -0.209141
8.32, -0.211953
8.315, -0.21102
8.415, -0.208549
8.42, -0.208562
8.425, -0.208443
8.405, -0.209023
8.395, -0.209691
8.4, -0.209359
8.39, -0.209701
8.38, -0.209115
8.34, -0.211158
8.385, -0.210022
8.345, -0.210632
8.335, -0.211435
8.375, -0.210176
8.33, -0.210126
8.455, -0.20892
8.445, -0.207853
8.45, -0.208531
8.44, -0.208237
8.41, -0.208862
8.48, -0.207537
8.47, -0.206523
8.505, -0.20648
8.51, -0.206408
8.46, -0.208183
8.465, -0.206575
8.515, -0.20591
8.475, -0.207434
8.49, -0.206901
8.5, -0.205923
8.485, -0.207555
8.495, -0.207276
8.43, -0.207984
8.535, -0.205165
8.54, -0.205007
8.545, -0.206529
8.53, -0.204897
8.435, -0.207928
8.56, -0.204546
8.555, -0.204238
8.525, -0.205714
8.55, -0.20616
8.585, -0.204665
8.61, -0.202946
8.605, -0.203891
8.52, -0.206083
8.625, -0.203417
8.58, -0.203465
8.565, -0.205227
8.57, -0.204889
8.575, -0.205
8.615, -0.20262
8.635, -0.202299
8.59, -0.20435
8.595, -0.204723
8.63, -0.203141
8.66, -0.202606
8.68, -0.201676
8.62, -0.202271
8.675, -0.202091
8.64, -0.203197
8.6, -0.204287
6.37, -0.286793
8.65, -0.201811
8.645, -0.202093
8.73, -0.200217
8.655, -0.202395
8.67, -0.202047
8.69, -0.201516
8.7, -0.20094
8.71, -0.200221
8.705, -0.201155
8.665, -0.202685
8.715, -0.200613
8.77, -0.199131
8.695, -0.201543
8.735, -0.199821
8.72, -0.200911
8.765, -0.198503
8.685, -0.201485
8.775, -0.199348
8.78, -0.19935
8.725, -0.200589
8.855, -0.196654
8.84, -0.197485
8.755, -0.200263
8.74, -0.200314
8.76, -0.199816
8.825, -0.197961
8.82, -0.197872
8.885, -0.196847
8.815, -0.198169
8.805, -0.198388
8.8, -0.199109
8.81, -0.197843
8.79, -0.198343
8.785, -0.198483
8.865, -0.197504
8.86, -0.197246
8.935, -0.194751
8.795, -0.198073
8.925, -0.194932
8.93, -0.195597
8.85, -0.196832
8.845, -0.19754
8.83, -0.197576
8.745, -0.199582
8.895, -0.196761
8.915, -0.195626
8.905, -0.196203
8.89, -0.195553
8.835, -0.198544
8.9, -0.196938
8.92, -0.19672
8.875, -0.196998
8.94, -0.194748
8.945, -0.19527
8.88, -0.196424
8.91, -0.196697
8.87, -0.197011
8.98, -0.19507
8.975, -0.194731
8.955, -0.195014
8.985, -0.194603
8.97, -0.193998
8.95, -0.195146
8.99, -0.194268
8.995, -0.193722
9, -0.194691
8.965, -0.194278
8.96, -0.195165
9.05, -0.192765
9.045, -0.192718
9.035, -0.193214
9.04, -0.192206
9.09, -0.190983
9.095, -0.191009
9.1, -0.191882
9.01, -0.193162
9.015, -0.19281
9.105, -0.191202
9.085, -0.191424
9.185, -0.189037
9.145, -0.189272
9.135, -0.190601
9.14, -0.189781
9.025, -0.193722
9.03, -0.193535
9.08, -0.191083
9.055, -0.192306
9.06, -0.192541
9.075, -0.192109
9.065, -0.192249
9.13, -0.190196
9.18, -0.190162
9.125, -0.191441
9.07, -0.190651
9.12, -0.191276
9.02, -0.193888
9.005, -0.192742
9.115, -0.190978
9.155, -0.189896
9.11, -0.191679
9.165, -0.189785
9.16, -0.190316
9.15, -0.19057
9.19, -0.188913
9.195, -0.189458
9.175, -0.18952
9.17, -0.189807
9.2, -0.189562
6.855, -0.263409
9.24, -0.188193
9.245, -0.187663
9.25, -0.187406
9.21, -0.189036
9.215, -0.18932
9.22, -0.189011
9.255, -0.187024
9.26, -0.187579
9.27, -0.187866
9.28, -0.188433
9.275, -0.187224
9.265, -0.187601
9.34, -0.185466
9.31, -0.1872
9.3, -0.186337
9.345, -0.185665
9.35, -0.185164
9.305, -0.185854
9.285, -0.187104
9.39, -0.18588
9.335, -0.186222
9.395, -0.184191
9.315, -0.186825
9.365, -0.184487
9.36, -0.18623
9.33, -0.186605
9.355, -0.185622
9.37, -0.185373
9.325, -0.187724
9.385, -0.185038
9.32, -0.186488
9.38, -0.184247
9.375, -0.185132
9.29, -0.187035
9.4, -0.184732
9.295, -0.186429
9.405, -0.184587
9.445, -0.183429
9.435, -0.184407
9.44, -0.183846
9.425, -0.183987
9.41, -0.184317
9.415, -0.183548
9.42, -0.183416
9.455, -0.183643
9.45, -0.184451
7.23, -0.248095
9.47, -0.183238
9.485, -0.182842
9.48, -0.182546
9.495, -0.182071
9.465, -0.182849
9.475, -0.184107
9.525, -0.181355
9.53, -0.182502
9.565, -0.180934
9.555, -0.180294
9.51, -0.182052
9.505, -0.181816
9.5, -0.183136
9.52, -0.181444
9.515, -0.18212
9.55, -0.18186
7.345, -0.242823
9.54, -0.182252
9.535, -0.181099
9.545, -0.181299
9.49, -0.181793
9.56, -0.180932
9.57, -0.181158
9.43, -0.183747
9.6, -0.179835
9.575, -0.179542
9.635, -0.180152
9.63, -0.178811
9.59, -0.180816
9.675, -0.178448
9.68, -0.178109
9.685, -0.178394
9.46, -0.182046
9.62, -0.179772
9.585, -0.180609
9.595, -0.180161
9.64, -0.17912
9.66, -0.178341
9.615, -0.179189
9.605, -0.180569
9.65, -0.179986
9.645, -0.178715
9.655, -0.179933
9.61, -0.179478
9.715, -0.177676
9.695, -0.178575
9.69, -0.178865
9.71, -0.178018
9.665, -0.178857
9.625, -0.180305
9.745, -0.178495
9.67, -0.17855
9.805, -0.175527
9.785, -0.177128
9.765, -0.177453
9.7, -0.178682
9.855, -0.175402
9.86, -0.175269
9.85, -0.175781
9.8, -0.176399
9.74, -0.178013
9.735, -0.177766
9.76, -0.176855
9.73, -0.17851
9.83, -0.174843
9.755, -0.176723
9.835, -0.17533
9.79, -0.175073
9.75, -0.177082
9.725, -0.178542
9.72, -0.17734
9.705, -0.178733
9.815, -0.176355
9.81, -0.17594
9.84, -0.17566
9.795, -0.177169
9.88, -0.174388
9.885, -0.174769
9.775, -0.17669
9.845, -0.175109
7.455, -0.239787
9.82, -0.176411
9.875, -0.175501
9.825, -0.175544
9.78, -0.176462
9.865, -0.174852
9.87, -0.174975
9.895, -0.173618
9.965, -0.173273
9.91, -0.173502
9.95, -0.173214
9.89, -0.174681
9.9, -0.174951
9.93, -0.173266
9.925, -0.173494
9.995, -0.171941
9.945, -0.173491
9.94, -0.174806
9.935, -0.173712
9.915, -0.174187
9.92, -0.17414
9.905, -0.174597
9.97, -0.172767
9.955, -0.17384
9.96, -0.172863
10, -0.172589
8.02, -0.220534
9.205, -0.188723
9.23, -0.188995
9.225, -0.188294
9.235, -0.188195
9.58, -0.180745
9.975, -0.173034
9.98, -0.172763
9.99, -0.172064
9.985, -0.172167
