0.005, 845
0.03, 846
0.025, 859
0.09, 849
0.095, 851
0.05, 882
0.035, 885
0.01, 896
0.045, 907
0.065, 897
0.055, 903
0.17, 847
0.18, 848
0.185, 849
0.165, 850
0.04, 931
0.175, 851
0.02, 933
0.135, 878
0.13, 879
0.1, 922
0.015, 945
0.22, 823
0.08, 933
0.075, 933
0.085, 934
0.11, 900
0.145, 900
0.14, 900
0.15, 902
0.115, 902
0.07, 951
0.2, 895
0.195, 896
0.215, 850
0.16, 900
0.155, 904
0.105, 932
0.33, 825
0.25, 869
0.245, 871
0.335, 829
0.19, 920
0.275, 854
0.06, 982
0.24, 887
0.235, 889
0.35, 847
0.29, 872
0.21, 893
0.205, 897
0.345, 859
0.34, 859
0.36, 839
0.225, 905
0.23, 906
0.395, 849
0.4, 853
0.375, 854
0.27, 897
0.28, 899
0.285, 901
0.26, 902
0.425, 847
0.415, 850
0.41, 850
0.32, 892
0.42, 852
0.43, 852
0.44, 852
0.325, 894
0.435, 853
0.445, 854
0.315, 895
0.365, 878
0.37, 878
0.39, 887
0.385, 888
0.355, 889
0.31, 910
0.305, 910
0.265, 933
0.38, 896
0.45, 880
0.505, 848
0.295, 953
0.255, 954
0.3, 955
0.405, 897
0.47, 879
0.475, 881
0.46, 898
0.49, 899
0.485, 900
0.48, 900
0.5, 902
0.495, 903
0.54, 894
0.515, 895
0.535, 906
0.53, 906
0.465, 927
0.52, 906
0.525, 907
0.585, 848
0.455, 934
0.61, 848
0.605, 848
0.595, 848
0.6, 851
0.545, 921
0.57, 898
0.55, 921
0.58, 902
0.575, 902
0.565, 909
0.56, 910
0.51, 934
0.555, 922
0.615, 873
0.62, 922
0.59, 992
0.625, 897
0.63, 885
0.64, 846
0.65, 846
0.645, 849
0.655, 860
0.635, 887
0.665, 839
0.66, 886
0.67, 896
0.685, 891
0.68, 900
0.675, 916
0.695, 899
0.69, 921
0.7, 905
0.705, 848
0.72, 789
0.71, 893
0.715, 912
0.73, 855
0.74, 840
0.735, 850
0.725, 872
0.745, 850
0.755, 852
0.75, 854
0.84, 804
0.81, 847
0.815, 847
0.825, 848
0.82, 849
0.83, 852
0.765, 895
0.79, 856
0.76, 898
0.77, 906
0.88, 849
0.87, 851
0.875, 854
0.775, 898
0.785, 884
0.975, 826
0.98, 828
0.845, 883
0.795, 904
0.8, 904
0.96, 846
0.78, 930
0.955, 847
0.805, 917
0.91, 878
0.855, 899
1, 836
1.015, 840
0.85, 903
1.01, 848
0.835, 911
0.965, 872
0.905, 895
0.915, 895
0.93, 895
1.005, 854
0.9, 897
0.895, 899
0.925, 900
0.89, 900
0.92, 902
0.885, 902
1.035, 841
0.995, 865
1.05, 845
1.045, 846
1.03, 849
1.025, 850
0.86, 934
0.865, 935
0.95, 896
0.945, 901
1.04, 863
0.97, 913
0.985, 895
0.94, 918
1.1, 855
1.095, 856
1.075, 857
1.09, 857
0.935, 934
1.12, 853
1.02, 897
1.115, 856
1.15, 860
1.16, 846
1.2, 848
1.13, 872
1.135, 872
1.08, 896
1.085, 896
1.165, 855
1.06, 899
1.055, 900
1.07, 901
1.19, 859
1.065, 901
1.195, 860
1.145, 883
1.185, 863
1.14, 886
1.11, 896
1.125, 897
1.105, 902
0.99, 974
1.17, 892
1.22, 880
1.215, 880
1.155, 905
1.23, 846
1.205, 895
1.27, 862
1.275, 847
1.305, 859
1.31, 859
1.315, 861
1.175, 951
1.18, 953
1.21, 935
1.25, 890
1.24, 899
1.235, 900
1.26, 902
1.325, 869
1.245, 913
1.265, 917
1.225, 917
1.32, 897
1.285, 897
1.28, 899
1.29, 900
1.3, 900
1.33, 883
1.295, 904
1.255, 928
1.37, 897
1.35, 897
1.355, 897
1.34, 897
1.365, 900
1.36, 901
1.335, 921
1.345, 940
1.375, 848
1.415, 851
1.425, 853
1.42, 853
1.395, 912
1.39, 915
1.4, 895
1.41, 897
1.385, 918
1.405, 903
1.44, 842
1.43, 866
1.435, 891
1.445, 893
1.46, 846
1.47, 846
1.465, 846
1.475, 848
1.455, 850
1.38, 1027
1.45, 897
1.5, 849
1.53, 791
1.48, 902
1.525, 847
1.485, 918
1.495, 900
1.51, 903
1.505, 904
1.49, 915
1.545, 848
1.52, 918
1.515, 921
1.535, 936
1.54, 918
1.55, 887
1.56, 842
1.575, 849
1.555, 854
1.57, 861
1.58, 854
1.565, 907
1.61, 854
1.605, 854
1.59, 865
1.595, 867
1.625, 856
1.65, 846
1.645, 848
1.62, 870
1.585, 898
1.665, 846
1.615, 891
1.6, 919
1.705, 856
1.75, 839
1.63, 890
1.755, 847
1.745, 854
1.74, 854
1.735, 857
1.795, 837
1.635, 907
1.64, 908
1.77, 848
1.695, 889
1.79, 851
1.7, 896
1.69, 897
1.685, 897
1.655, 923
1.68, 905
1.78, 865
1.66, 909
1.785, 880
1.67, 923
1.71, 905
1.725, 913
1.675, 936
1.73, 916
1.76, 898
1.805, 851
1.83, 854
1.765, 902
1.845, 861
1.715, 939
1.72, 943
1.85, 856
1.775, 928
1.825, 896
1.87, 878
1.865, 878
1.835, 901
1.895, 880
1.815, 902
1.89, 881
1.885, 882
1.84, 905
1.88, 883
1.905, 850
1.82, 914
1.875, 896
1.81, 918
1.86, 901
1.94, 865
1.945, 865
1.93, 867
1.935, 868
1.965, 848
1.97, 850
1.975, 853
1.98, 853
1.99, 854
1.985, 854
1.95, 855
1.8, 943
1.915, 882
1.96, 863
1.92, 898
1.995, 875
1.925, 900
1.855, 942
2.04, 860
2.03, 863
2.035, 864
1.9, 914
2.015, 873
2.01, 876
1.955, 897
2.005, 896
2.055, 898
2.025, 948
2.02, 950
2.07, 896
2.085, 896
2.09, 897
2.065, 899
2.05, 921
2.08, 899
2.045, 923
2, 959
2.075, 902
2.06, 928
2.105, 851
2.11, 852
2.1, 854
1.91, 1014
2.095, 860
2.125, 863
2.14, 865
2.145, 845
2.13, 869
2.135, 869
2.175, 829
2.115, 923
2.12, 932
0.12, 3069
0.125, 3080
2.17, 868
2.165, 898
2.15, 899
2.16, 900
2.155, 901
2.195, 845
2.19, 845
2.2, 846
2.185, 867
2.18, 900
2.26, 809
2.245, 849
2.22, 850
2.265, 853
2.205, 877
2.255, 871
2.21, 899
2.25, 904
2.215, 908
2.24, 915
2.295, 831
2.235, 918
2.3, 850
2.27, 907
2.23, 954
2.225, 960
2.315, 845
2.28, 919
2.285, 935
2.31, 931
2.305, 940
2.29, 963
2.33, 880
2.325, 921
2.32, 930
2.34, 879
2.35, 910
2.345, 914
2.36, 849
2.375, 855
2.355, 866
2.405, 834
2.385, 856
2.41, 841
2.37, 884
2.365, 887
2.395, 846
2.4, 860
2.435, 846
2.44, 859
2.39, 883
2.38, 906
2.425, 894
2.43, 898
2.485, 845
2.335, 1071
2.49, 867
2.475, 889
2.445, 912
2.415, 940
2.42, 940
2.45, 923
2.505, 862
2.465, 929
2.47, 929
2.54, 846
2.455, 946
2.525, 885
2.53, 887
2.51, 896
2.5, 924
2.52, 904
2.515, 905
2.57, 865
2.56, 865
2.565, 867
2.575, 868
2.46, 973
2.545, 900
2.55, 887
2.48, 973
2.535, 917
2.555, 903
2.6, 860
2.595, 860
2.495, 981
2.58, 866
2.59, 866
2.605, 893
2.61, 893
2.615, 894
2.585, 896
2.62, 900
2.65, 899
2.67, 899
2.665, 900
2.66, 901
2.705, 839
2.695, 900
2.63, 922
2.685, 908
2.635, 931
2.71, 862
2.72, 863
2.625, 940
2.655, 940
2.715, 863
2.69, 933
2.68, 934
2.675, 938
2.64, 960
2.645, 967
2.77, 795
2.7, 921
2.76, 896
2.755, 899
2.745, 899
2.75, 900
2.73, 910
2.74, 920
2.735, 933
2.725, 954
2.765, 906
2.775, 888
2.785, 846
2.78, 850
2.795, 854
2.79, 870
2.815, 898
2.825, 907
2.82, 910
2.81, 924
2.805, 929
2.8, 936
2.83, 900
2.835, 932
2.84, 941
2.845, 945
2.865, 855
2.855, 860
2.86, 868
2.875, 857
2.88, 859
2.87, 860
2.85, 935
2.89, 866
2.885, 914
2.905, 872
2.895, 872
2.92, 918
2.915, 934
2.9, 935
2.91, 937
2.965, 863
2.975, 877
2.99, 862
2.925, 974
2.98, 879
2.96, 900
2.94, 901
2.945, 904
2.95, 904
3.025, 864
3.02, 865
3.015, 870
3.035, 881
3.03, 882
2.985, 909
2.93, 930
2.935, 932
2.955, 935
3.005, 915
3.01, 915
2.995, 916
3, 917
2.97, 942
3.04, 896
3.085, 852
3.055, 944
3.045, 944
3.05, 946
3.065, 904
3.07, 908
3.1, 867
3.105, 867
3.11, 868
3.06, 916
3.075, 919
3.08, 922
3.095, 925
3.09, 939
3.125, 905
3.12, 907
3.115, 972
3.17, 911
3.16, 911
3.165, 913
3.185, 894
3.175, 915
3.155, 931
3.18, 911
3.21, 937
3.195, 940
3.205, 941
3.13, 965
3.2, 955
3.19, 956
3.215, 918
3.22, 922
3.225, 949
3.255, 859
3.235, 927
3.265, 859
3.27, 862
3.25, 885
3.26, 865
3.23, 954
3.245, 939
3.24, 954
3.28, 868
3.285, 894
3.29, 877
3.295, 890
2.275, 3092
3.3, 896
3.315, 857
3.325, 859
3.31, 904
3.37, 859
3.365, 859
3.305, 924
3.345, 866
3.32, 892
3.35, 888
3.38, 874
3.385, 875
3.34, 898
3.33, 899
3.36, 903
3.355, 906
3.375, 894
3.41, 886
3.415, 886
3.4, 886
3.405, 887
3.39, 895
3.335, 952
3.42, 894
3.395, 915
3.45, 863
3.44, 863
3.445, 865
3.425, 865
3.465, 888
3.46, 888
3.455, 891
3.43, 911
3.435, 917
3.47, 912
3.48, 923
3.475, 927
3.485, 894
3.49, 936
3.5, 900
3.505, 902
3.51, 888
3.55, 855
3.525, 905
3.52, 905
3.495, 958
3.54, 906
3.535, 908
3.545, 915
3.53, 916
3.59, 858
3.565, 901
3.555, 925
3.56, 926
3.57, 924
3.575, 927
3.58, 928
3.585, 923
3.595, 935
3.6, 922
3.625, 847
3.615, 849
3.63, 852
3.64, 852
3.635, 853
3.62, 853
3.65, 883
3.61, 884
3.645, 887
3.605, 909
3.71, 847
3.72, 847
3.715, 847
3.7, 882
3.705, 850
3.69, 908
3.745, 876
3.695, 910
3.75, 878
3.655, 915
3.845, 846
3.835, 847
3.93, 806
3.84, 848
3.805, 852
3.895, 833
3.89, 834
3.755, 877
3.76, 880
3.675, 933
3.68, 933
3.765, 881
3.685, 935
3.825, 868
3.82, 869
3.74, 912
3.73, 912
3.735, 914
3.85, 875
3.87, 856
3.785, 897
3.865, 857
3.86, 857
3.66, 952
3.78, 901
3.8, 902
3.795, 904
3.815, 886
3.855, 874
3.79, 920
3.95, 859
3.81, 901
3.83, 903
3.725, 943
3.995, 847
3.975, 856
3.97, 857
3.955, 860
4.005, 847
3.945, 888
4.015, 849
3.94, 892
3.935, 893
3.9, 915
3.98, 875
3.985, 876
3.96, 878
3.965, 878
3.905, 900
3.875, 921
4.01, 862
3.99, 883
4.065, 852
4.06, 853
3.915, 915
3.775, 977
4.055, 853
3.885, 938
3.91, 918
3.88, 939
4.025, 881
4.02, 881
3.77, 985
4.085, 850
4.09, 851
3.92, 958
4.05, 918
4.04, 918
4.045, 919
4.07, 898
4.035, 919
3.925, 961
4.08, 900
4.075, 900
4, 943
4.03, 935
4.1, 885
4.095, 910
4.125, 849
4.11, 879
4.12, 864
4.115, 885
4.145, 856
4.15, 857
4.14, 862
4.18, 846
4.185, 848
4.155, 877
4.195, 878
4.2, 878
4.17, 878
4.165, 879
4.16, 879
4.175, 879
4.225, 872
4.23, 874
4.26, 858
4.25, 858
4.255, 858
4.135, 921
4.19, 901
4.13, 922
4.265, 860
4.205, 896
4.22, 898
4.24, 902
4.21, 905
4.235, 905
4.215, 905
4.245, 887
4.27, 866
4.285, 869
4.28, 870
4.29, 870
4.315, 857
4.31, 857
4.32, 858
4.325, 842
4.295, 893
4.305, 874
4.3, 905
4.275, 936
4.335, 863
4.345, 865
4.34, 871
4.33, 918
4.35, 916
4.355, 917
4.37, 894
4.365, 917
4.36, 919
4.405, 851
4.385, 897
4.38, 897
4.4, 879
4.39, 917
4.395, 919
4.435, 850
4.375, 935
4.42, 920
4.415, 920
4.41, 921
4.43, 916
4.425, 948
4.45, 927
4.51, 845
4.505, 845
4.445, 932
4.495, 849
4.5, 849
4.515, 849
4.52, 853
4.44, 942
4.455, 921
4.47, 921
4.46, 924
4.465, 925
4.48, 922
4.485, 919
4.49, 937
4.61, 790
4.53, 889
4.555, 845
4.57, 845
4.565, 846
4.535, 890
4.56, 848
4.525, 912
4.62, 836
4.575, 836
4.615, 837
4.59, 845
4.54, 910
4.58, 846
4.595, 847
4.545, 920
4.645, 850
4.55, 915
4.635, 855
4.715, 848
4.63, 870
4.75, 846
4.64, 889
4.6, 913
4.585, 916
4.745, 855
4.625, 896
4.605, 918
4.74, 856
4.7, 884
4.705, 886
4.71, 889
4.665, 911
4.67, 912
4.77, 849
4.765, 850
4.69, 896
4.695, 896
4.785, 856
4.68, 899
4.675, 911
4.8, 869
4.655, 933
4.81, 850
4.82, 850
4.815, 850
4.66, 936
4.65, 936
4.73, 895
4.795, 873
4.79, 873
4.825, 854
4.72, 901
4.78, 886
4.735, 912
4.87, 850
3.145, 3077
4.855, 851
4.685, 936
4.775, 895
3.15, 3084
4.845, 883
3.14, 3089
3.135, 3092
4.76, 909
4.905, 849
4.885, 872
4.755, 917
4.89, 876
4.83, 898
4.875, 886
4.88, 889
4.955, 848
4.725, 955
4.9, 893
4.895, 894
4.835, 917
4.85, 926
4.84, 928
4.945, 896
4.95, 896
4.94, 897
4.865, 925
4.91, 917
4.935, 918
4.93, 918
4.925, 919
4.965, 864
4.98, 851
4.805, 990
4.915, 948
4.975, 873
4.96, 934
4.92, 956
5.005, 854
5, 855
4.995, 859
5.015, 847
5.01, 848
5.02, 851
4.99, 883
4.97, 911
5.07, 849
4.985, 907
5.11, 848
5.12, 849
5.115, 849
5.06, 871
5.05, 872
5.065, 872
5.055, 874
5.045, 875
5.095, 869
5.09, 870
5.04, 892
5.035, 892
5.03, 894
5.155, 853
5.15, 853
5.14, 853
5.145, 855
4.86, 1074
5.025, 913
5.085, 898
5.165, 879
5.105, 901
5.185, 860
5.16, 881
5.1, 902
5.08, 911
5.125, 897
5.215, 856
5.22, 856
5.21, 856
5.13, 898
5.19, 879
5.075, 922
5.135, 901
5.205, 860
5.2, 861
5.195, 861
5.225, 842
5.175, 902
5.235, 861
5.18, 904
5.17, 904
5.23, 899
5.26, 861
5.255, 861
5.25, 863
5.245, 913
5.24, 943
3.275, 3076
5.265, 906
5.295, 849
5.27, 916
5.275, 916
5.29, 901
5.28, 918
5.285, 919
5.3, 880
5.335, 849
5.31, 896
5.305, 898
5.345, 880
5.34, 881
5.35, 882
5.37, 849
5.375, 852
5.32, 917
5.325, 898
5.315, 919
5.33, 936
5.36, 916
5.355, 917
5.365, 920
5.425, 845
5.42, 846
5.41, 847
5.435, 850
5.415, 851
5.43, 851
5.4, 900
5.385, 900
5.39, 900
5.395, 903
5.54, 789
5.485, 850
5.495, 851
5.49, 852
5.38, 919
5.45, 903
5.44, 925
5.48, 906
5.52, 845
5.53, 845
5.535, 845
5.445, 928
5.525, 847
5.405, 951
5.475, 917
5.455, 924
5.465, 929
5.47, 930
5.58, 831
5.585, 831
5.56, 838
5.57, 846
5.51, 889
5.5, 930
5.575, 849
5.515, 894
5.565, 851
5.505, 918
5.46, 959
5.55, 909
5.605, 844
5.545, 933
5.61, 854
5.615, 854
5.635, 846
5.6, 879
5.625, 865
5.595, 888
5.555, 937
5.59, 919
5.665, 852
5.68, 854
5.685, 858
5.66, 871
5.64, 874
5.715, 852
5.72, 852
5.725, 855
5.63, 905
5.75, 842
5.78, 848
5.62, 936
5.775, 852
5.655, 898
5.77, 860
5.645, 905
5.675, 909
5.67, 910
5.835, 849
5.79, 855
5.695, 897
5.65, 920
5.83, 860
5.735, 901
5.73, 903
5.785, 884
5.855, 848
5.69, 911
5.82, 875
5.81, 877
3.515, 3065
5.76, 904
5.825, 885
5.745, 906
5.815, 889
5.7, 932
5.71, 934
5.705, 934
5.915, 858
5.86, 878
5.87, 883
5.765, 924
5.875, 885
5.865, 895
5.92, 875
5.925, 877
5.845, 902
5.955, 852
5.85, 916
5.9, 896
5.88, 918
5.885, 921
5.755, 965
5.94, 896
5.945, 896
5.935, 898
5.895, 919
5.905, 921
5.89, 922
5.95, 882
5.84, 948
5.995, 846
5.91, 933
5.99, 853
6.035, 858
5.93, 922
6.025, 863
6.075, 848
6.02, 872
5.96, 915
6.08, 855
5.97, 917
5.975, 918
5.965, 918
6.055, 856
6.065, 858
6.06, 859
6.105, 846
6.12, 847
6.11, 848
6.115, 850
6.085, 886
6.1, 863
6.095, 864
6.005, 914
6.01, 914
5.985, 942
6.125, 861
6.13, 862
6.07, 910
6.015, 932
6.03, 935
6, 935
6.195, 859
6.19, 860
6.2, 860
6.17, 882
6.05, 927
6.185, 863
6.165, 884
6.15, 890
6.155, 893
6.145, 893
6.16, 893
6.14, 893
6.09, 917
6.045, 946
6.225, 861
6.04, 947
6.22, 862
6.21, 863
6.24, 845
6.135, 909
5.98, 1000
6.25, 857
6.255, 859
6.26, 859
6.285, 864
6.175, 912
6.215, 896
6.23, 898
6.235, 901
3.665, 3064
6.275, 883
6.31, 863
6.305, 864
6.29, 869
6.27, 897
6.265, 898
6.205, 922
6.28, 903
6.325, 847
6.32, 847
6.335, 848
6.33, 850
6.245, 917
6.315, 900
6.295, 900
6.3, 902
6.345, 863
6.35, 865
6.355, 867
3.67, 3118
6.34, 895
6.36, 906
6.39, 847
6.365, 925
6.18, 1095
6.385, 917
6.375, 918
6.38, 918
6.43, 847
6.395, 911
6.4, 917
6.405, 900
6.425, 867
6.45, 849
6.445, 849
6.415, 912
6.41, 912
6.52, 788
6.42, 914
6.435, 895
6.44, 900
6.455, 885
6.465, 885
6.46, 886
6.485, 846
6.495, 846
6.5, 847
6.51, 849
6.505, 850
6.49, 850
4.105, 3110
6.525, 847
6.53, 847
6.535, 848
6.47, 911
6.475, 912
6.515, 897
6.48, 935
6.54, 899
6.555, 900
6.545, 900
6.55, 900
6.585, 846
6.58, 847
6.595, 848
6.59, 849
6.615, 838
6.61, 839
6.56, 908
6.565, 914
6.655, 846
6.64, 847
6.6, 911
6.65, 848
6.635, 850
6.685, 839
6.575, 924
6.57, 925
6.605, 910
6.665, 869
6.63, 916
6.66, 879
6.62, 925
6.625, 927
6.71, 845
6.72, 846
6.715, 846
6.7, 850
6.705, 852
6.68, 897
6.675, 899
6.73, 847
6.67, 925
6.69, 912
6.735, 870
6.75, 852
6.755, 855
6.76, 859
6.775, 846
6.745, 870
6.695, 936
6.645, 960
6.74, 914
6.8, 855
6.765, 881
6.84, 846
6.81, 846
6.725, 940
6.835, 867
6.77, 911
6.785, 897
6.78, 910
6.79, 913
6.87, 873
6.83, 894
6.825, 894
6.795, 916
6.82, 896
6.9, 857
6.875, 884
6.945, 847
6.865, 890
6.935, 849
6.815, 911
6.91, 873
6.805, 917
6.86, 897
6.89, 897
6.915, 878
6.85, 899
6.955, 859
6.95, 859
6.845, 904
6.92, 886
6.925, 887
6.98, 847
6.905, 896
6.885, 922
6.99, 842
6.93, 893
6.88, 934
6.94, 894
7.01, 840
6.895, 924
7.005, 868
7.03, 849
6.975, 895
7.015, 856
6.97, 904
7.025, 864
6.965, 906
7.035, 846
7.055, 857
7.06, 858
7.05, 858
7.045, 866
7.04, 867
7.09, 847
7, 909
7.08, 850
7.085, 851
7.07, 855
7.065, 856
6.995, 933
4.475, 3083
6.96, 955
7.095, 856
7.1, 858
6.985, 945
7.075, 888
7.02, 933
7.14, 864
7.155, 866
7.145, 866
7.15, 866
7.13, 868
7.135, 868
7.16, 868
7.21, 854
7.12, 900
7.125, 884
7.205, 868
7.11, 915
7.115, 917
7.22, 854
7.225, 859
7.175, 885
7.17, 885
7.25, 856
7.105, 941
7.245, 858
7.19, 900
7.255, 865
7.275, 846
7.285, 847
7.28, 848
7.195, 911
7.27, 849
7.165, 913
7.2, 916
7.18, 926
7.185, 927
7.24, 888
7.215, 911
7.235, 895
7.26, 895
7.265, 896
7.33, 865
7.335, 865
7.34, 868
7.3, 895
7.295, 895
7.305, 903
7.35, 846
7.32, 900
7.325, 901
7.315, 902
7.29, 923
7.31, 923
7.365, 849
7.355, 893
7.36, 915
7.43, 791
7.385, 848
7.405, 845
7.41, 846
7.38, 881
7.4, 894
7.395, 902
7.39, 904
7.37, 920
7.375, 920
7.42, 908
7.47, 846
7.415, 910
7.46, 848
7.465, 848
7.475, 849
7.48, 850
7.485, 850
7.425, 895
7.45, 884
7.44, 884
7.445, 886
7.515, 853
7.435, 896
7.525, 854
7.49, 859
7.5, 859
7.495, 859
7.52, 860
7.585, 835
7.51, 904
7.505, 904
7.565, 845
7.57, 846
7.575, 846
7.56, 848
7.58, 848
7.53, 897
7.555, 900
7.54, 902
7.55, 902
7.545, 907
7.595, 838
7.615, 826
7.6, 848
7.535, 940
7.59, 907
7.655, 846
7.66, 848
7.67, 848
7.645, 849
7.65, 850
7.61, 875
7.685, 847
7.605, 916
7.62, 902
7.64, 882
7.705, 850
7.665, 896
7.63, 925
7.71, 864
7.735, 846
7.725, 846
7.72, 849
7.675, 915
7.635, 937
7.73, 856
7.68, 918
7.7, 878
7.69, 899
7.625, 954
7.755, 856
7.76, 847
7.77, 847
7.695, 912
7.715, 915
7.765, 883
7.745, 908
7.74, 938
7.83, 855
7.825, 864
7.865, 847
7.785, 900
7.86, 856
7.88, 860
7.875, 860
7.78, 908
7.915, 850
7.815, 896
7.82, 896
7.75, 959
7.8, 898
7.795, 898
7.87, 887
7.79, 910
7.91, 871
7.775, 938
7.85, 895
7.84, 896
7.805, 918
7.855, 897
7.81, 920
7.9, 885
7.905, 885
7.96, 848
7.945, 853
7.89, 896
7.895, 896
7.845, 919
7.835, 921
7.885, 902
7.95, 870
7.92, 895
7.925, 895
7.965, 855
7.985, 858
7.98, 866
8.005, 847
8.015, 848
7.975, 869
8.01, 850
7.935, 912
7.955, 893
7.93, 914
7.995, 873
7.99, 873
7.97, 904
7.94, 927
8.07, 846
8.065, 850
8.045, 881
8.09, 845
8.06, 868
8.055, 868
8.095, 849
8.05, 876
8.03, 923
8.11, 868
8.075, 880
8.04, 922
8.12, 860
8.165, 846
8.17, 846
8.16, 846
8.155, 847
8.15, 849
8.025, 955
8.1, 894
8.035, 940
8.105, 900
8.115, 883
8, 987
8.085, 914
8.08, 916
8.205, 856
8.2, 858
8.135, 896
8.145, 899
8.14, 900
8.195, 888
8.235, 868
8.24, 868
8.245, 849
8.23, 869
8.13, 913
8.19, 898
8.215, 899
8.125, 919
8.21, 904
8.175, 912
8.225, 895
8.22, 896
8.275, 849
8.18, 934
8.185, 935
8.285, 793
8.255, 902
8.26, 904
8.27, 897
8.25, 927
5.74, 3066
8.265, 922
8.28, 902
5.805, 3070
5.8, 3077
5.795, 3082
8.29, 846
8.295, 847
8.305, 851
8.3, 873
8.325, 837
8.35, 846
8.365, 847
8.36, 848
8.355, 849
8.31, 891
8.37, 849
8.32, 907
8.315, 908
8.415, 847
8.42, 848
8.425, 848
8.405, 860
8.395, 860
8.4, 862
8.39, 885
8.38, 886
8.34, 906
8.385, 886
8.345, 908
8.335, 916
8.375, 896
8.33, 917
8.455, 837
8.445, 845
8.45, 845
8.44, 846
8.41, 897
8.48, 834
8.47, 846
8.505, 821
8.51, 837
8.46, 900
8.465, 902
8.515, 846
8.475, 896
8.49, 899
8.5, 900
8.485, 900
8.495, 902
8.43, 965
8.535, 846
8.54, 846
8.545, 847
8.53, 851
8.435, 992
8.56, 845
8.555, 850
8.525, 900
8.55, 861
8.585, 851
8.61, 845
8.605, 850
8.52, 935
8.625, 852
8.58, 876
8.565, 900
8.57, 900
8.575, 900
8.615, 868
8.635, 853
8.59, 897
8.595, 898
8.63, 867
8.66, 846
8.68, 847
8.62, 897
8.675, 857
8.64, 900
8.6, 925
6.37, 3075
8.65, 918
8.645, 922
8.73, 855
8.655, 932
8.67, 910
8.69, 897
8.7, 900
8.71, 900
8.705, 900
8.665, 928
8.715, 881
8.77, 842
8.695, 904
8.735, 865
8.72, 889
8.765, 852
8.685, 920
8.775, 874
8.78, 877
8.725, 929
8.855, 848
8.75, 898
8.84, 855
8.755, 899
8.74, 900
8.76, 908
8.825, 890
8.82, 894
8.885, 855
8.815, 896
8.805, 896
8.8, 897
8.81, 898
8.79, 899
8.785, 905
8.865, 887
8.86, 888
8.935, 848
8.795, 909
8.925, 848
8.93, 848
8.85, 893
8.845, 896
8.83, 896
8.745, 943
8.895, 882
8.915, 862
8.905, 865
8.89, 887
8.835, 909
8.9, 891
8.92, 881
8.875, 901
8.94, 864
8.945, 865
8.88, 911
8.91, 894
8.87, 922
8.98, 844
8.975, 844
8.955, 903
8.985, 861
8.97, 868
8.95, 922
8.99, 880
8.995, 881
9, 867
8.965, 910
8.96, 917
9.05, 846
9.045, 846
9.035, 846
9.04, 848
9.09, 857
9.095, 858
9.1, 858
9.01, 885
9.015, 885
9.105, 846
9.085, 869
9.185, 792
9.145, 864
9.135, 864
9.14, 865
9.025, 915
9.03, 916
9.08, 896
9.055, 896
9.06, 902
9.075, 904
9.065, 906
9.13, 887
9.18, 850
9.125, 896
9.07, 919
9.12, 901
9.02, 949
9.005, 953
9.115, 913
9.155, 895
9.11, 916
9.165, 897
9.16, 899
9.15, 912
9.19, 904
9.195, 890
9.175, 935
9.17, 938
9.2, 901
6.855, 3062
9.24, 846
9.245, 849
9.25, 836
9.21, 921
9.215, 932
9.22, 912
9.255, 872
9.26, 844
9.27, 848
9.28, 849
9.275, 850
9.265, 850
9.34, 844
9.31, 866
9.3, 866
9.345, 846
9.35, 846
9.305, 868
9.285, 914
9.39, 845
9.335, 889
9.395, 828
9.315, 896
9.365, 889
9.36, 892
9.33, 915
9.355, 895
9.37, 896
9.325, 917
9.385, 896
9.32, 918
9.38, 897
9.375, 898
9.29, 922
9.4, 843
9.295, 926
9.405, 852
9.445, 846
9.435, 848
9.44, 849
9.425, 849
9.41, 896
9.415, 897
9.42, 898
9.455, 845
9.45, 848
7.23, 3071
9.47, 850
9.485, 843
9.48, 846
9.495, 847
9.465, 882
9.475, 897
9.525, 855
9.53, 856
9.565, 846
9.555, 847
9.51, 902
9.505, 902
9.5, 903
9.52, 882
9.515, 904
9.55, 871
7.345, 3114
9.54, 903
9.535, 903
9.545, 903
9.49, 936
9.56, 898
9.57, 882
9.43, 1010
9.6, 848
9.575, 896
9.635, 843
9.63, 854
9.59, 897
9.675, 845
9.68, 848
9.685, 850
9.46, 1038
9.62, 880
9.585, 926
9.595, 914
9.64, 896
9.66, 901
9.615, 922
9.605, 923
9.65, 903
9.645, 904
9.655, 904
9.61, 925
9.715, 847
9.695, 873
9.69, 873
9.71, 857
9.665, 907
9.625, 928
9.745, 858
9.67, 924
9.805, 852
9.785, 854
9.765, 880
9.7, 905
9.855, 848
9.86, 848
9.85, 849
9.8, 873
9.74, 896
9.735, 896
9.76, 898
9.73, 898
9.83, 856
9.755, 899
9.835, 858
9.79, 880
9.75, 904
9.725, 905
9.72, 907
9.705, 931
9.815, 888
9.81, 890
9.84, 870
9.77, 897
9.795, 897
9.88, 846
9.885, 847
9.775, 915
9.845, 897
7.455, 3101
9.82, 900
9.875, 896
9.825, 919
9.78, 949
9.865, 916
9.87, 916
9.895, 887
9.965, 787
9.91, 851
9.95, 793
9.89, 900
9.9, 858
9.93, 868
9.925, 870
9.995, 829
9.945, 855
9.94, 856
9.935, 857
9.915, 903
9.92, 905
9.905, 915
9.97, 889
9.955, 897
9.96, 898
10, 883
8.02, 3063
9.205, 3063
9.23, 3069
9.225, 3070
9.235, 3078
9.58, 3058
9.975, 3066
9.98, 3069
9.99, 3069
9.985, 3069
