0, 0.665931
0.005, 0.272797
0.01, 0.349294
0.015, 0.361117
0.02, 0.352592
0.025, 0.343504
0.03, 0.314782
0.035, 0.275544
0.04, 0.292934
0.045, 0.327051
0.05, 0.302401
0.055, 0.272623
0.06, 0.327523
0.065, 0.320635
0.07, 0.33479
0.075, 0.293362
0.08, 0.323425
0.085, 0.349883
0.09, 0.3463
0.095, 0.356255
0.1, 0.295255
0.15, 0.344305
0.2, 0.369332
0.25, 0.355968
0.3, 0.346393
0.35, 0.288395
0.4, 0.333986
0.45, 0.313152
0.5, 0.333029
0.55, 0.350408
0.6, 0.355886
0.65, 0.26737
0.7, 0.365894
0.75, 0.312533
0.8, 0.383767
0.85, 0.26149
0.9, 0.346152
0.95, 0.339896
1, 0.323191
1.25, 0.345808
1.5, 0.340708
1.75, 0.394025
2, 0.362683
2.25, 0.336921
2.5, 0.325012
2.75, 0.373673
3, 0.372828
3.25, 0.342774
3.5, 0.316603
3.75, 0.347505
4, 0.314367
