0, -0.757565
0.005, -0.705078
0.01, -0.704155
0.015, -0.706235
0.02, -0.706213
0.025, -0.710953
0.03, -0.713732
0.035, -0.720548
0.04, -0.724332
0.045, -0.726015
0.05, -0.728647
0.055, -0.738493
0.06, -0.757946
0.065, -0.771733
0.07, -0.781738
0.075, -0.798591
0.08, -0.803625
0.085, -0.817484
0.09, -0.848524
0.095, -0.877054
0.1, -0.891281
0.15, -0.939214
0.2, -1.00821
0.25, -1.10294
0.3, -1.14744
0.35, -1.16807
0.4, -1.19709
0.45, -1.23736
0.5, -1.28001
0.55, -1.31845
0.6, -1.39411
0.65, -1.41443
0.7, -1.43303
0.75, -1.4535
0.8, -1.47266
0.85, -1.49048
0.9, -1.5087
0.95, -1.52669
1, -1.54246
1.25, -1.61159
1.5, -1.65196
1.75, -1.64587
2, -1.14626
2.25, -1.02656
2.5, -0.953949
2.75, -0.896175
3, -0.844549
3.25, -0.804468
3.5, -0.76444
3.75, -0.733213
4, -0.700164
