0, 0.0548166
0.005, 0.00505947
0.01, 0.00520139
0.015, 0.00541567
0.02, 0.0055675
0.025, 0.00537184
0.03, 0.00524592
0.035, 0.00534758
0.04, 0.00501475
0.045, 0.00509147
0.05, 0.00515779
0.055, 0.00540453
0.06, 0.0051601
0.065, 0.00532794
0.07, 0.00535721
0.075, 0.00543723
0.08, 0.00549069
0.085, 0.00561607
0.09, 0.00562053
0.095, 0.00540221
0.1, 0.00535796
0.15, 0.00521555
0.2, 0.00555196
0.25, 0.00531947
0.3, 0.00529623
0.35, 0.0051091
0.4, 0.0054397
0.45, 0.00531369
0.5, 0.00545795
0.55, 0.00570339
0.6, 0.00578777
0.65, 0.00576575
0.7, 0.00614349
0.75, 0.00581138
0.8, 0.00615275
0.85, 0.00640361
0.9, 0.00655328
0.95, 0.00651846
1, 0.00682436
1.25, 0.00730191
1.5, 0.00811343
1.75, 0.00858286
2, 0.00873827
2.25, 0.00903089
2.5, 0.00904584
2.75, 0.0098758
3, 0.0103366
3.25, 0.0101415
3.5, 0.0106954
3.75, 0.0106136
4, 0.0108754
