0, 1340
0.005, 1356
0.01, 1367
0.015, 1344
0.02, 1346
0.025, 1352
0.03, 1349
0.035, 1343
0.04, 1340
0.045, 1340
0.05, 1352
0.055, 1351
0.06, 1355
0.065, 1342
0.07, 1333
0.075, 1364
0.08, 1325
0.085, 1309
0.09, 1285
0.095, 1285
0.1, 1286
0.15, 1286
0.2, 1288
0.25, 1287
0.3, 1283
0.35, 1283
0.4, 1287
0.45, 1286
0.5, 1284
0.55, 1284
0.6, 1286
0.65, 1286
0.7, 1283
0.75, 1278
0.8, 1280
0.85, 1304
0.9, 1297
0.95, 1288
1, 1268
1.25, 1267
1.5, 1266
1.75, 1267
2, 1270
2.25, 1267
2.5, 1267
2.75, 1267
3, 1266
3.25, 1266
3.5, 1267
3.75, 1267
4, 1275
