0, -inf
0.005, 114.714
0.01, 6.36627
0.015, 8.67216
0.02, 0.309585
0.025, 13.2229
0.03, 34.89
0.035, 1.77277
0.04, 4.36547
0.045, 1.01296
0.05, 0.688824
0.055, 0.301411
0.06, 2.65319
0.065, 0.503294
0.07, 0.913437
0.075, 0.040401
0.08, 0.491356
0.085, 3.35077
0.09, 2.19857
0.095, 1.2537
0.1, 0.920835
0.15, 93.9121
0.2, 72.635
0.25, 28.7064
0.3, 4.24655
0.35, 0.22279
0.4, 0.32448
0.45, 0.305789
0.5, 0.369248
0.55, 0.379822
0.6, 0.412761
0.65, 0.449218
0.7, 0.414373
0.75, 0.376788
0.8, 0.426158
0.85, 0.358895
0.9, 0.388399
0.95, 0.333252
1, 0.405
1.25, 0.349366
1.5, 0.471906
1.75, 0.878839
2, 0.620288
2.25, 0.523756
2.5, 0.470944
2.75, 0.35886
3, 0.322872
3.25, 0.303986
3.5, 0.271221
3.75, 0.23305
4, 0.217249
