0, -inf
0.005, 165.951
0.01, 4.32672
0.015, 75.9017
0.02, 1.27269
0.025, 0.249608
0.03, 22.1333
0.035, 10.2716
0.04, 0.0970421
0.045, 1.1734
0.05, 5.98626
0.055, 1.50415
0.06, 2.79958
0.065, 0.286949
0.07, 3.55928
0.075, 0.443003
0.08, 0.109126
0.085, 0.175581
0.09, 4.55789
0.095, 12.9255
0.1, 0.0281672
0.15, 20.8046
0.2, 80.2016
0.25, 247.052
0.3, 0.17711
0.35, 0.226773
0.4, 0.302098
0.45, 0.329637
0.5, 0.390617
0.55, 0.379164
0.6, 0.377617
0.65, 0.412829
0.7, 0.391688
0.75, 0.402781
0.8, 0.378341
0.85, 0.373958
0.9, 0.337386
0.95, 0.358206
1, 0.324161
1.25, 0.440123
1.5, 0.541963
1.75, 5.17453
2, 0.618069
2.25, 0.467339
2.5, 0.396617
2.75, 0.336629
3, 0.328432
3.25, 0.247877
3.5, 0.232816
3.75, 0.24389
4, 0.188628
