0, inf
0.005, 0.00153272
0.01, 0.000816769
0.015, 0.000541182
0.02, 0.000362575
0.025, 0.000319583
0.03, 0.000247021
0.035, 0.000216552
0.04, 0.000197408
0.045, 0.000170258
0.05, 0.000156389
0.055, 0.000143902
0.06, 0.000119402
0.065, 0.00010129
0.07, 9.26082e-05
0.075, 8.51958e-05
0.08, 9.99007e-05
0.085, 8.58413e-05
0.09, 7.7387e-05
0.095, 7.1087e-05
0.1, 6.35752e-05
0.15, 5.20766e-05
0.2, 4.32108e-05
0.25, 2.99698e-05
0.3, 2.74761e-05
0.35, 2.19838e-05
0.4, 2.15275e-05
0.45, 1.79943e-05
0.5, 1.61517e-05
0.55, 1.64415e-05
0.6, 1.52552e-05
0.65, 1.39463e-05
0.7, 1.51011e-05
0.75, 1.32105e-05
0.8, 1.34467e-05
0.85, 1.37589e-05
0.9, 1.27308e-05
0.95, 1.31429e-05
1, 1.29823e-05
1.25, 1.23541e-05
1.5, 1.20503e-05
1.75, 1.07648e-05
2, 1.06191e-05
2.25, 1.1087e-05
2.5, 9.31545e-06
2.75, 9.04742e-06
3, 9.76084e-06
3.25, 8.47107e-06
3.5, 9.66495e-06
3.75, 9.09618e-06
4, 8.13952e-06
