0.61, 0.185472
0.615, 0.185658
0.125, 0.146806
0.12, 0.10249
0.015, 7.73029
0.17, 0.336843
1.13, 0.173044
0.03, 22.9265
0.105, 0.0429399
0.375, 0.166027
0.035, 3.57884
0.01, 30.0349
0.165, 0.0314858
0.155, 0.0927199
0.385, 0.166467
0.38, 0.167463
0.37, 0.166263
0.115, 0.0797441
0.195, 0.338516
0.705, 0.188933
0.715, 0.190209
0.1, 0.039628
0.095, 0.0321421
0.11, 0.0630531
0.16, 0.304109
0.2, 0.301371
0.72, 0.189948
0.02, 43.1189
0.905, 0.186129
0.895, 0.187461
0.71, 0.189552
0.025, 152.082
0.77, 0.190043
0.675, 0.187874
0.91, 0.186194
0.235, 0.204724
0.665, 0.187035
0.9, 0.186427
0.255, 0.183343
0.605, 0.185131
0.76, 0.18993
0.185, 0.28932
0.27, 0.175326
0.265, 0.177454
0.67, 0.187669
0.26, 0.178468
0.765, 0.189879
0.86, 0.188183
0.34, 0.166064
0.23, 0.213147
0.335, 0.16463
0.24, 0.201374
0.175, 0.409891
0.595, 0.184317
0.19, 0.367127
0.18, 0.377027
0.59, 0.18384
0.6, 0.185191
0.33, 0.166388
0.69, 0.188828
0.685, 0.188657
0.695, 0.188806
0.87, 0.187882
0.68, 0.188713
0.08, 0.0208776
0.865, 0.187303
0.7, 0.188621
1.24, 0.166693
0.075, 0.0162462
0.09, 0.030441
0.085, 0.0242038
1.125, 0.174131
1.25, 0.165198
1.245, 0.165622
0.35, 0.166354
0.345, 0.165816
0.355, 0.165984
0.005, 147.69
0.13, 0.0728883
0.365, 0.166239
1.14, 0.17296
0.36, 0.166822
0.14, 0.163615
0.135, 0.0389266
0.31, 0.166352
0.15, 0.276562
0.835, 0.188957
0.145, 0.082123
0.84, 0.18843
0.85, 0.188229
0.855, 0.188253
0.845, 0.188866
0.755, 0.190137
0.75, 0.190244
1.135, 0.173976
0.64, 0.187008
0.225, 0.228308
0.645, 0.186769
0.66, 0.187543
0.21, 0.244137
0.65, 0.186803
0.655, 0.187142
0.22, 0.246991
0.205, 0.302017
0.215, 0.252888
0.305, 0.166509
0.285, 0.169004
0.25, 0.188767
0.295, 0.166317
0.3, 0.167608
0.805, 0.189518
0.81, 0.189828
0.29, 0.167177
0.815, 0.18932
0.245, 0.189104
0.62, 0.186101
0.63, 0.186249
0.32, 0.165474
0.625, 0.185539
0.325, 0.166433
0.885, 0.187291
0.88, 0.18674
0.875, 0.187158
0.635, 0.186281
0.89, 0.187312
0.575, 0.182872
0.585, 0.183882
0.58, 0.182666
0.55, 0.180225
0.42, 0.169095
0.425, 0.168475
0.41, 0.167594
0.555, 0.181161
0.4, 0.166661
3
0.535, 0.178739
1.105, 0.174853
0.545, 0.18004
0.04, 23.333
0.54, 0.17916
1.09, 0.176649
0.5, 0.175767
0.49, 0.174847
0.495, 0.174856
0.515, 0.177419
0.525, 0.178293
1.05, 0.178897
0.51, 0.176984
1.055, 0.17843
0.99, 0.182459
1.06, 0.177913
0.415, 0.168068
1.22, 0.167709
0.395, 0.166889
1.065, 0.177167
0.39, 0.166425
1.035, 0.180155
0.53, 0.17794
0.455, 0.170946
1.095, 0.1755
0.45, 0.170533
1, 0.181274
1.1, 0.175444
0.05, 0.00202848
0.465, 0.172539
0.06, 0.181466
0.405, 0.167195
0.52, 0.178091
0.055, 0.0052924
1.11, 0.175214
0.07, 0.0229482
0.045, 19.6045
0.995, 0.181536
0.47, 0.171942
0.485, 0.174639
1.23, 0.166844
1.045, 0.178898
1.085, 0.176759
1.225, 0.16781
0.475, 0.173227
1.235, 0.166384
0.46, 0.171289
0.48, 0.173364
1.075, 0.176755
1.08, 0.176635
0.065, 0.0324518
1.04, 0.178894
1.15, 0.171629
1.025, 0.179745
1.07, 0.177916
1.03, 0.179894
1.21, 0.16825
1.115, 0.174179
1.02, 0.180701
0.44, 0.169568
1.015, 0.180686
0.445, 0.170187
1.155, 0.171968
1.16, 0.17145
1.01, 0.181455
1.165, 0.171354
1.12, 0.173841
0.275, 0.172286
0.43, 0.168494
0.97, 0.182707
1.215, 0.168179
0.435, 0.168756
1.2, 0.168856
0.965, 0.183915
0.28, 0.169606
1.205, 0.167938
0.96, 0.18308
0.315, 0.165562
0.955, 0.184528
1.17, 0.170916
1.185, 0.170073
1.175, 0.170813
1.18, 0.17024
1.19, 0.16987
1.195, 0.169923
0.935, 0.185719
0.95, 0.184532
0.945, 0.18409
0.94, 0.184711
0.56, 0.181449
0.975, 0.182992
0.565, 0.18198
0.98, 0.182602
0.985, 0.181943
0.925, 0.185505
0.57, 0.182034
0.93, 0.185816
1.005, 0.181747
0.825, 0.18961
0.83, 0.18868
0.82, 0.189149
1.145, 0.172557
0.92, 0.185581
0.915, 0.185535
1.255, 0.165269
1.27, 0.16419
1.265, 0.164254
1.26, 0.165649
1.31, 0.16105
1.28, 0.163345
1.285, 0.163053
1.295, 0.162392
1.3, 0.162561
1.315, 0.160748
1.275, 0.16347
1.325, 0.160667
1.38, 0.156498
1.375, 0.157377
1.385, 0.156589
1.39, 0.155908
1.34, 0.158676
1.305, 0.161877
1.32, 0.160422
1.33, 0.160298
1.43, 0.153128
1.335, 0.159197
1.29, 0.162875
1.35, 0.158194
1.345, 0.15823
1.365, 0.157305
1.395, 0.156056
1.355, 0.158434
1.36, 0.158153
1.37, 0.156912
1.435, 0.153027
1.4, 0.155163
1.41, 0.154524
1.415, 0.154193
1.42, 0.154366
1.405, 0.155051
1.425, 0.152996
1.44, 0.151926
1.45, 0.151834
1.445, 0.152191
1.475, 0.15005
1.47, 0.150357
1.455, 0.151982
1.465, 0.150891
1.46, 0.151262
1.49, 0.149092
1.5, 0.148487
1.48, 0.149924
1.485, 0.149266
1.51, 0.147859
1.505, 0.148156
1.495, 0.148538
1.535, 0.146317
1.565, 0.144879
1.56, 0.144809
1.595, 0.142671
1.62, 0.140679
1.63, 0.139532
1.635, 0.140332
1.64, 0.139959
1.645, 0.139434
1.52, 0.147127
1.525, 0.14712
1.65, 0.138533
1.515, 0.147711
1.57, 0.143843
1.53, 0.146736
1.6, 0.142421
1.625, 0.140778
1.575, 0.143861
1.685, 0.136951
1.54, 0.146299
1.67, 0.137674
1.655, 0.138526
1.605, 0.141608
1.545, 0.145629
1.675, 0.137796
1.55, 0.145122
1.555, 0.144583
1.66, 0.138588
1.68, 0.136985
1.695, 0.136641
1.665, 0.138085
1.71, 0.135463
1.61, 0.142172
1.725, 0.134505
1.7, 0.136007
1.59, 0.143067
1.58, 0.143128
1.585, 0.14355
1.69, 0.136265
1.615, 0.140891
1.705, 0.13531
1.735, 0.133733
1.72, 0.134741
1.715, 0.13536
1.73, 0.133874
1.75, 0.132973
1.745, 0.133244
1.74, 0.133748
1.76, 0.132196
1.78, 0.131043
1.785, 0.130492
1.755, 0.132453
1.77, 0.1317
1.775, 0.131394
1.765, 0.131832
1.805, 0.129895
1.815, 0.12881
1.81, 0.129985
1.825, 0.129048
1.82, 0.129068
1.8, 0.130356
1.79, 0.130472
1.835, 0.127894
1.84, 0.127629
1.83, 0.128244
1.795, 0.130729
1.86, 0.126443
1.845, 0.127632
1.85, 0.127098
1.87, 0.126347
1.875, 0.125911
1.88, 0.125733
1.925, 0.123092
1.97, 0.121009
1.9, 0.124653
1.865, 0.126765
1.91, 0.123559
1.915, 0.123927
2.04, 0.1172
1.905, 0.124386
1.92, 0.123732
1.89, 0.125015
1.885, 0.12561
2.03, 0.118485
1.985, 0.120473
1.855, 0.127126
1.94, 0.123115
2.075, 0.116011
1.965, 0.121245
1.945, 0.1224
1.95, 0.122153
1.895, 0.125162
2.08, 0.115636
1.935, 0.122822
1.93, 0.122499
1.96, 0.120928
2.01, 0.118797
1.955, 0.121695
2.035, 0.117978
1.975, 0.120651
2.105, 0.113934
2.115, 0.11375
1.995, 0.119355
1.99, 0.120421
2.025, 0.118081
1.98, 0.120487
2, 0.119715
2.1, 0.114514
2.005, 0.118973
2.085, 0.115268
2.09, 0.114968
2.13, 0.113118
2.015, 0.118696
2.02, 0.118402
2.065, 0.116502
2.06, 0.116629
2.07, 0.115661
2.095, 0.114572
2.045, 0.116907
2.05, 0.11619
2.055, 0.116294
2.135, 0.113029
2.14, 0.112517
2.11, 0.113634
2.145, 0.11233
2.165, 0.111424
2.15, 0.112193
2.12, 0.113158
2.155, 0.111897
2.125, 0.113422
2.18, 0.110655
2.19, 0.110423
2.195, 0.109935
2.205, 0.109632
2.175, 0.110799
2.21, 0.109462
2.22, 0.109091
2.215, 0.1093
2.23, 0.108639
2.2, 0.109633
2.245, 0.108396
2.25, 0.107723
2.275, 0.106418
2.26, 0.106843
2.265, 0.106838
2.28, 0.106196
2.3, 0.105617
2.16, 0.11157
2.24, 0.108134
2.295, 0.105544
2.32, 0.10454
2.33, 0.104514
2.285, 0.106225
2.27, 0.107066
2.36, 0.103263
2.38, 0.102424
2.325, 0.104309
2.345, 0.104011
2.365, 0.102789
2.17, 0.111258
2.31, 0.105502
2.35, 0.103692
2.385, 0.101975
2.335, 0.103675
2.43, 0.100438
2.355, 0.103558
2.225, 0.108328
2.235, 0.108512
2.425, 0.100829
2.39, 0.101782
2.415, 0.100598
2.255, 0.107241
2.185, 0.110684
2.395, 0.102316
2.29, 0.106073
2.445, 0.100274
2.45, 0.0999068
2.465, 0.0990501
2.515, 0.0969259
2.5, 0.0975365
2.305, 0.10511
2.315, 0.104832
2.34, 0.104161
2.485, 0.0980795
2.47, 0.0990604
2.44, 0.0998687
2.375, 0.102372
2.435, 0.0997521
2.525, 0.0967822
2.37, 0.102259
2.405, 0.101251
2.4, 0.1015
2.41, 0.100984
2.555, 0.0956918
2.505, 0.097185
2.65, 0.0919924
2.565, 0.0951761
2.56, 0.0951514
2.535, 0.0964304
2.475, 0.0985937
2.585, 0.0946862
2.55, 0.0961053
2.495, 0.0980518
2.58, 0.094841
2.605, 0.0937704
2.59, 0.0941131
2.455, 0.0992891
2.42, 0.100372
2.64, 0.0928721
2.6, 0.0937614
2.63, 0.0928817
2.625, 0.0933545
2.51, 0.0969454
2.545, 0.0957709
2.46, 0.0992306
2.48, 0.0981954
2.67, 0.0916275
0.735, 0.189842
0.78, 0.18941
0.785, 0.189392
0.725, 0.189349
0.73, 0.188746
2.595, 0.0940876
0.79, 0.189333
2.52, 0.0965063
0.775, 0.189851
2.54, 0.0963886
0.8, 0.188951
2.49, 0.098179
0.795, 0.188928
2.575, 0.0946721
2.53, 0.0964898
2.66, 0.0922691
2.655, 0.0918355
2.665, 0.091844
2.57, 0.095406
2.68, 0.090855
2.61, 0.093311
2.705, 0.0905908
2.645, 0.0922108
2.675, 0.0912676
2.725, 0.089681
2.7, 0.0903722
0.74, 0.189589
0.745, 0.189452
2.72, 0.0897771
2.71, 0.0900528
2.765, 0.0881636
2.745, 0.0890985
2.78, 0.0877295
2.79, 0.0875381
2.795, 0.0873691
2.785, 0.0878216
2.81, 0.0871151
2.815, 0.0868955
2.8, 0.0877569
2.845, 0.0859854
2.805, 0.0870953
2.855, 0.0854742
2.82, 0.0865511
2.84, 0.085879
2.73, 0.0893007
2.75, 0.0889924
2.615, 0.0935534
2.74, 0.0891299
2.88, 0.0847161
2.86, 0.085433
2.695, 0.0907586
2.735, 0.0894282
2.76, 0.0883588
2.755, 0.0887168
2.685, 0.0909573
2.775, 0.0880805
2.925, 0.0832313
2.83, 0.0866752
2.85, 0.0856935
2.95, 0.0828729
2.77, 0.0882026
2.89, 0.0846344
2.97, 0.0822535
2.885, 0.0846023
2.825, 0.0865902
2.875, 0.0850419
2.835, 0.0865432
2.945, 0.0829714
2.93, 0.0833074
2.91, 0.0841558
2.955, 0.0826674
2.92, 0.083438
2.935, 0.0834438
2.915, 0.0839829
2.965, 0.082237
2.9, 0.0843787
2.62, 0.0934164
2.635, 0.0926631
2.975, 0.0818596
2.895, 0.0845203
2.98, 0.0816135
2.69, 0.0904854
2.96, 0.0826075
2.905, 0.0841909
2.985, 0.0813524
2.995, 0.0813689
3.005, 0.0812269
3.03, 0.0802701
3.025, 0.0806866
3.01, 0.0809777
3.015, 0.0811214
3, 0.0814571
2.99, 0.0818204
3.02, 0.0805082
3.04, 0.0801431
3.045, 0.0800324
3.055, 0.0796922
3.035, 0.080267
3.05, 0.0797398
3.06, 0.079652
3.065, 0.0796246
3.105, 0.0781729
3.13, 0.0779102
3.07, 0.0794253
3.075, 0.0794784
3.165, 0.0769538
3.135, 0.0775223
3.14, 0.077582
3.175, 0.0767938
3.12, 0.0781711
3.16, 0.0768487
3.155, 0.077006
3.145, 0.0775159
3.255, 0.0747294
3.08, 0.0791041
3.09, 0.0786116
3.095, 0.0785305
3.11, 0.0783085
3.1, 0.07858
3.115, 0.0780525
3.25, 0.0746877
3.085, 0.0790488
3.265, 0.074158
3.29, 0.0737044
3.125, 0.0779375
3.15, 0.0773111
3.245, 0.0747932
3.27, 0.0741018
3.19, 0.0761466
3.24, 0.0751998
3.235, 0.0750338
3.185, 0.0762342
3.3, 0.073409
3.195, 0.0758741
3.26, 0.0744928
3.205, 0.0757496
3.2, 0.075827
3.17, 0.076644
3.225, 0.0751036
3.23, 0.0752435
3.21, 0.0758972
3.305, 0.0734119
3.215, 0.0753427
3.275, 0.0740302
3.32, 0.0732436
3.31, 0.0733726
3.295, 0.0735559
3.285, 0.073815
3.18, 0.0764586
3.28, 0.0739057
3.33, 0.0725613
3.35, 0.072196
3.315, 0.0728975
3.36, 0.0717944
3.37, 0.071673
3.375, 0.0714541
3.325, 0.0730131
3.4, 0.0712341
3.41, 0.0710325
3.365, 0.0718521
3.345, 0.0723482
3.415, 0.0711652
3.425, 0.0704521
3.43, 0.0703848
3.22, 0.0755073
3.465, 0.0696674
3.405, 0.0710814
3.44, 0.070378
3.42, 0.0705683
3.435, 0.0704448
3.34, 0.0723735
3.46, 0.0699435
3.455, 0.0697387
3.45, 0.0700448
3.355, 0.0721525
3.335, 0.0726039
3.47, 0.0696529
3.5, 0.0689097
3.385, 0.0713769
3.38, 0.0716283
3.515, 0.0685846
3.48, 0.0694157
3.555, 0.0677317
3.39, 0.0712656
3.395, 0.0712339
3.51, 0.0686338
3.495, 0.0687971
3.54, 0.0679856
3.53, 0.0682949
3.55, 0.0677819
3.475, 0.0691594
3.595, 0.0669808
3.575, 0.0672026
3.59, 0.0668212
3.535, 0.0679589
3.49, 0.0692616
3.505, 0.0686591
3.625, 0.0663246
3.68, 0.0650553
3.445, 0.0700205
3.485, 0.0694191
3.65, 0.0655585
3.52, 0.0686092
3.71, 0.0646896
3.635, 0.0661371
3.645, 0.0656424
3.565, 0.0675248
3.57, 0.0673006
3.585, 0.067057
3.545, 0.0678254
3.63, 0.0660035
3.705, 0.0647228
3.72, 0.0644631
3.725, 0.0641443
3.58, 0.0670389
3.525, 0.0683929
3.76, 0.0635327
3.775, 0.0633615
3.6, 0.0667009
3.79, 0.0631773
3.56, 0.0675436
3.64, 0.0660174
3.795, 0.0629816
3.605, 0.0664974
3.61, 0.0665182
3.675, 0.0652803
3.84, 0.0621544
3.835, 0.0620267
3.74, 0.0637973
3.735, 0.0640478
3.73, 0.0642686
3.75, 0.0639206
3.7, 0.0645619
3.86, 0.0614761
3.695, 0.0646371
3.69, 0.0649385
3.66, 0.0654672
3.67, 0.0653449
3.665, 0.0654376
3.78, 0.0631854
3.615, 0.0663676
3.88, 0.0612438
3.9, 0.0608928
3.85, 0.0617253
3.905, 0.0606025
3.655, 0.0655045
3.62, 0.0662458
3.915, 0.0605954
3.755, 0.0634708
3.685, 0.064919
3.92, 0.06046
3.77, 0.0633944
3.745, 0.0636222
3.765, 0.0633405
3.715, 0.06412
3.89, 0.0611972
3.885, 0.0613273
3.785, 0.063105
3.91, 0.0606083
3.87, 0.0614004
3.995, 0.0593004
3.97, 0.0596488
3.82, 0.0625357
3.935, 0.0602808
3.875, 0.061147
4, 0.0589724
4.005, 0.0591547
3.95, 0.0597488
3.865, 0.0615924
4.015, 0.0589795
4.01, 0.0588182
3.895, 0.0606089
4.02, 0.0589774
3.805, 0.0627378
4.04, 0.0584072
4.075, 0.0576617
3.94, 0.0601843
4.085, 0.057629
3.945, 0.0601922
3.955, 0.0598841
4.03, 0.0586482
3.98, 0.0591819
4.095, 0.0574232
3.99, 0.0594494
3.975, 0.0596576
3.96, 0.059694
3.985, 0.0594148
4.09, 0.0576621
4.08, 0.057609
4.11, 0.0572245
4.105, 0.0575652
4.05, 0.0583278
3.965, 0.0597576
4.06, 0.058051
4.07, 0.0580031
4.045, 0.058453
4.035, 0.0584369
4.165, 0.0563403
4.055, 0.0581035
4.185, 0.0561772
4.025, 0.0584335
4.115, 0.0573522
4.13, 0.0571029
4.135, 0.0568704
4.125, 0.0571005
4.145, 0.0565956
4.14, 0.0566853
4.065, 0.058137
4.12, 0.0570674
4.2, 0.0560165
4.15, 0.05658
4.1, 0.0572989
4.16, 0.0565793
4.17, 0.0562098
4.195, 0.0560037
4.155, 0.0566533
4.19, 0.0561137
4.21, 0.0556021
4.205, 0.0557962
4.175, 0.0562867
4.18, 0.0561719
4.22, 0.0552957
4.225, 0.0553912
4.215, 0.0554623
4.23, 0.0553453
4.25, 0.0551197
4.245, 0.0551696
4.24, 0.0551462
4.26, 0.0548833
4.235, 0.0554792
4.28, 0.0545604
4.27, 0.0547368
4.275, 0.0546097
4.255, 0.0549409
4.285, 0.0544712
4.265, 0.0547544
4.325, 0.0539174
4.345, 0.0534177
4.32, 0.0539076
4.35, 0.0535304
4.36, 0.0532779
4.305, 0.0543697
4.295, 0.0545563
4.3, 0.0542738
4.41, 0.0525455
4.29, 0.054346
4.31, 0.053995
4.34, 0.0539083
4.43, 0.0525225
4.335, 0.0537291
4.33, 0.0536294
4.365, 0.0534393
4.425, 0.0523689
4.37, 0.0532968
4.315, 0.0540438
4.38, 0.0531765
4.385, 0.0529404
4.39, 0.0528118
4.475, 0.0517545
4.395, 0.0530039
4.48, 0.0516795
4.4, 0.0527577
4.485, 0.0514419
4.5, 0.0511863
4.405, 0.0528524
4.415, 0.0525937
4.455, 0.0520633
4.52, 0.0511082
4.505, 0.0511458
4.44, 0.0522573
4.435, 0.0520388
4.445, 0.0521724
4.42, 0.0525426
4.495, 0.0514764
4.46, 0.0519575
4.465, 0.0517886
4.47, 0.0519041
4.45, 0.0519934
4.355, 0.0535559
4.49, 0.0516324
4.51, 0.0511892
4.525, 0.0511722
4.55, 0.0506804
4.515, 0.0511442
4.53, 0.0508755
4.545, 0.0505711
4.535, 0.0510196
4.56, 0.0505245
4.57, 0.0504465
4.565, 0.0504685
4.58, 0.0502401
4.62, 0.0495161
4.59, 0.050087
4.6, 0.0502218
4.585, 0.0502495
4.54, 0.0508472
4.61, 0.0498462
4.555, 0.0507155
4.615, 0.0497908
4.575, 0.0504
4.635, 0.0494649
4.655, 0.0492355
4.7, 0.0487339
4.645, 0.0492591
4.675, 0.0490336
4.64, 0.0495766
4.625, 0.0496508
4.595, 0.0500045
4.735, 0.0484011
4.665, 0.04925
4.74, 0.0481931
4.755, 0.0478826
4.68, 0.0490026
4.75, 0.0480462
4.605, 0.0500196
4.76, 0.0479884
4.695, 0.0487228
4.765, 0.0477933
4.745, 0.0481298
4.78, 0.0475895
4.785, 0.047557
4.79, 0.0473764
4.685, 0.0489377
4.69, 0.0489339
4.84, 0.0468659
4.775, 0.0478683
4.71, 0.0484604
4.65, 0.049427
4.715, 0.0484364
4.63, 0.0497073
4.66, 0.0493381
4.8, 0.0476847
4.795, 0.0473398
4.705, 0.0487891
4.83, 0.0470783
4.725, 0.0483636
4.85, 0.0470917
4.73, 0.0481907
4.835, 0.0470848
4.67, 0.0489928
4.72, 0.0485357
4.82, 0.0471644
4.845, 0.0468932
4.81, 0.0474077
4.86, 0.0466858
4.855, 0.0470233
4.88, 0.0465805
4.825, 0.0470398
4.89, 0.0462813
4.905, 0.046212
4.815, 0.0472661
4.805, 0.047399
4.93, 0.0459219
4.945, 0.045708
4.875, 0.0466217
4.95, 0.0457313
4.925, 0.0459883
4.92, 0.0459057
4.77, 0.0480739
4.97, 0.0454837
4.975, 0.0453434
4.96, 0.0455019
4.965, 0.0454022
5, 0.0450652
4.87, 0.0466012
5.005, 0.0450212
5.015, 0.0449613
5.01, 0.0449272
4.935, 0.0459494
4.995, 0.0452425
5.045, 0.044427
5.03, 0.0446975
5.06, 0.0444915
4.885, 0.0462828
4.94, 0.0457576
4.915, 0.0460018
5.035, 0.0446104
5.065, 0.0442649
5.08, 0.0442076
4.9, 0.0462852
4.91, 0.0460621
5.04, 0.0446383
5.07, 0.0442882
5.085, 0.044162
5.05, 0.0445566
4.865, 0.0466174
4.955, 0.0457585
4.98, 0.0454855
4.985, 0.0451202
5.09, 0.0441283
4.895, 0.0464311
5.125, 0.0436462
5.14, 0.0435093
5.12, 0.0437398
5.16, 0.0431517
5.15, 0.0434506
5.135, 0.0436017
5.155, 0.0432832
4.99, 0.0450891
5.11, 0.0438285
5.02, 0.0447791
5.025, 0.0447328
5.17, 0.0432223
5.145, 0.043522
5.13, 0.0436554
5.055, 0.0443496
5.075, 0.0442478
5.185, 0.0430364
5.18, 0.0431249
5.2, 0.0429542
5.24, 0.042389
5.235, 0.0426618
5.165, 0.0431997
5.25, 0.0422661
5.26, 0.042195
5.245, 0.0423457
5.265, 0.0421278
5.255, 0.0423611
5.19, 0.0432402
5.175, 0.0430497
5.195, 0.0429027
5.215, 0.0428307
5.21, 0.0428518
5.22, 0.0427417
5.23, 0.0426336
5.225, 0.0427122
5.295, 0.0418357
5.205, 0.0428649
5.285, 0.041831
5.275, 0.0419972
5.28, 0.0421184
5.27, 0.0420582
5.33, 0.0414538
5.305, 0.0418331
5.34, 0.0414295
5.29, 0.0419249
5.36, 0.0412762
5.35, 0.0414312
5.345, 0.0413655
5.31, 0.0417532
5.315, 0.0417722
5.325, 0.0415954
5.355, 0.0412173
5.32, 0.0416328
5.365, 0.0414191
5.3, 0.0418564
5.37, 0.0411461
5.375, 0.0412144
5.385, 0.0411243
5.39, 0.0407972
5.335, 0.0414862
5.41, 0.0408782
5.415, 0.0406275
5.38, 0.0409539
5.425, 0.0407845
5.43, 0.0407289
5.405, 0.0407052
5.44, 0.040673
5.42, 0.0404269
5.435, 0.0404737
5.445, 0.0404617
5.395, 0.0409881
5.4, 0.0407642
5.45, 0.0404893
5.455, 0.0403671
5.465, 0.0402043
5.475, 0.0402802
5.48, 0.0401527
5.485, 0.0399837
5.49, 0.0398792
5.495, 0.0398183
5.47, 0.0403704
5.5, 0.039961
5.46, 0.0401589
5.505, 0.0397976
2.715, 0.0900438
5.52, 0.0398866
5.54, 0.0394349
5.535, 0.0395105
5.545, 0.0394287
5.515, 0.0396864
2.87, 0.0854253
5.56, 0.0394854
2.865, 0.0854873
5.615, 0.03905
5.605, 0.0389787
5.53, 0.0397693
5.525, 0.0396613
5.51, 0.0398555
5.635, 0.0388565
5.61, 0.0388336
5.63, 0.038667
5.555, 0.0394249
5.55, 0.0394312
5.655, 0.0386011
2.94, 0.0832464
5.57, 0.0392898
5.66, 0.038538
5.675, 0.0382132
5.645, 0.0383893
5.665, 0.0386117
5.58, 0.0392196
5.68, 0.0381621
5.585, 0.0391067
5.59, 0.039036
5.6, 0.0388918
5.595, 0.0390056
5.575, 0.0392073
5.565, 0.0391843
5.62, 0.0387831
5.625, 0.0388185
5.69, 0.0382542
5.695, 0.0379912
5.7, 0.0380329
5.72, 0.037864
5.725, 0.0378397
5.65, 0.0387121
5.64, 0.0383874
5.73, 0.037821
5.735, 0.037801
5.71, 0.0379272
5.67, 0.0385053
5.74, 0.0377385
5.75, 0.0377008
5.745, 0.0377883
5.755, 0.0377075
5.685, 0.0382099
5.76, 0.0375114
5.705, 0.0379892
5.715, 0.0380208
5.785, 0.0373996
5.815, 0.0370581
5.825, 0.0370423
5.8, 0.037422
5.805, 0.0371599
5.82, 0.03714
5.81, 0.0371269
5.83, 0.0369425
5.84, 0.0369471
5.845, 0.0369013
5.85, 0.0368419
5.86, 0.0368272
5.765, 0.0376085
5.855, 0.036751
5.77, 0.0375396
5.865, 0.0365486
5.775, 0.0374203
5.87, 0.0367265
5.885, 0.0365922
5.875, 0.0366953
5.88, 0.0366383
5.835, 0.0368676
5.89, 0.0364452
5.895, 0.0363186
5.9, 0.0364366
5.93, 0.0361744
5.92, 0.0362909
5.935, 0.0361109
5.94, 0.0360576
5.905, 0.0363137
5.925, 0.0361948
5.91, 0.0364073
5.955, 0.0359544
5.915, 0.0363756
5.945, 0.0360565
5.95, 0.0359579
5.78, 0.0371727
5.98, 0.0358574
5.99, 0.0356886
5.975, 0.0358334
5.985, 0.0358507
5.96, 0.0359279
6.01, 0.0355107
5.97, 0.0359172
5.965, 0.0359058
5.79, 0.0375743
5.795, 0.0372813
6.005, 0.0356783
6.03, 0.0353563
6.025, 0.0354466
6.02, 0.0354651
6.04, 0.0352956
6.045, 0.0352663
6.065, 0.0351657
6.07, 0.0350944
6.095, 0.034939
5.995, 0.0356371
6, 0.0356881
6.105, 0.0347018
6.125, 0.0347686
6.075, 0.0350363
6.115, 0.0346972
6.015, 0.0355023
6.035, 0.0353628
6.135, 0.034518
6.05, 0.0353534
6.1, 0.0348686
6.15, 0.0345523
6.17, 0.0342852
6.14, 0.0343941
6.155, 0.034316
6.19, 0.0342215
6.055, 0.0352427
6.185, 0.0343032
6.195, 0.0340299
6.22, 0.0337977
6.205, 0.034097
6.215, 0.0341099
6.06, 0.0350725
6.08, 0.0349715
6.085, 0.0349221
6.09, 0.03503
6.2, 0.0340502
6.21, 0.0339779
6.255, 0.0336515
6.11, 0.0346994
6.26, 0.0337536
6.27, 0.0336171
6.12, 0.0345932
6.13, 0.0345589
6.265, 0.0336659
6.245, 0.033851
6.28, 0.0335348
6.275, 0.0336078
6.285, 0.0334867
6.29, 0.0334181
6.25, 0.0337484
6.145, 0.0343346
6.31, 0.033295
6.175, 0.0343454
6.165, 0.0344445
6.16, 0.0341891
6.18, 0.0343467
6.23, 0.0339102
6.335, 0.033135
6.34, 0.0332272
6.315, 0.0332269
6.295, 0.0333776
6.345, 0.0331477
6.235, 0.0338349
6.24, 0.0338402
6.35, 0.0331162
6.32, 0.0332357
6.355, 0.0329696
6.225, 0.0338963
6.3, 0.0333865
6.305, 0.0332969
6.37, 0.0329022
6.38, 0.0328375
6.36, 0.0328756
6.33, 0.0331309
6.375, 0.0328611
6.385, 0.0327095
6.4, 0.0326862
6.365, 0.0329023
6.43, 0.0324427
6.435, 0.032378
6.44, 0.0323506
6.325, 0.0332482
6.46, 0.0322272
6.465, 0.0321917
6.395, 0.0326725
6.405, 0.0325847
6.41, 0.032571
6.425, 0.0325451
6.39, 0.0328145
6.42, 0.0325618
6.47, 0.0321684
6.415, 0.0325494
6.48, 0.0321415
6.485, 0.0320726
6.445, 0.0323188
6.45, 0.0324551
6.49, 0.0319664
6.5, 0.032016
6.455, 0.03236
6.495, 0.0320173
6.475, 0.032057
6.515, 0.0318796
6.51, 0.0318542
6.52, 0.0317967
6.54, 0.0317167
6.535, 0.0317266
6.545, 0.0317115
6.505, 0.0319172
6.525, 0.0318091
6.555, 0.0315838
6.56, 0.0316279
6.53, 0.0317572
6.57, 0.031446
6.585, 0.0314639
6.55, 0.0317008
6.6, 0.0313789
6.615, 0.0312329
6.575, 0.0314141
6.62, 0.0311709
6.59, 0.0313911
6.595, 0.0313365
6.64, 0.0311801
6.625, 0.0311977
6.58, 0.0313808
6.565, 0.0316057
6.645, 0.0310053
6.605, 0.0312868
6.635, 0.0309336
6.63, 0.0312353
3.81, 0.0627185
3.825, 0.0623276
3.815, 0.0623937
6.65, 0.0310913
3.845, 0.061942
3.855, 0.0615562
6.665, 0.0309338
6.655, 0.030938
6.67, 0.0308525
6.675, 0.0308496
6.66, 0.0309169
6.68, 0.030817
3.83, 0.0621697
3.93, 0.0601525
6.685, 0.0307123
6.69, 0.0307748
3.925, 0.0604329
6.695, 0.0307325
6.61, 0.0312342
6.72, 0.0304554
6.71, 0.0306691
6.745, 0.0304835
6.755, 0.0303676
6.77, 0.0301985
6.775, 0.0302741
6.76, 0.0302452
6.78, 0.0301454
6.785, 0.0302122
6.79, 0.0301354
6.795, 0.0301968
6.81, 0.0300306
6.825, 0.0301007
6.805, 0.0300684
6.725, 0.030513
6.83, 0.02988
6.845, 0.0297537
6.7, 0.0307342
6.74, 0.0305267
6.73, 0.0305697
6.75, 0.0302905
6.855, 0.0297519
6.735, 0.0304341
6.86, 0.0296366
6.865, 0.0296294
6.87, 0.0295813
6.765, 0.0302812
6.89, 0.029503
6.88, 0.029629
6.895, 0.0294589
6.705, 0.030665
6.875, 0.029634
6.91, 0.0294031
6.82, 0.0299786
6.8, 0.03017
6.815, 0.0300789
6.835, 0.0298558
6.915, 0.0294084
6.92, 0.0294013
6.85, 0.0297755
6.84, 0.0297831
6.935, 0.0292854
6.925, 0.0293432
6.715, 0.0306153
6.885, 0.0294573
6.955, 0.0291906
6.905, 0.0294547
6.95, 0.0292352
6.97, 0.0290338
6.96, 0.0290506
6.965, 0.0290528
6.99, 0.0290091
6.995, 0.0289387
6.975, 0.0291505
6.98, 0.0289372
7, 0.0289105
7.01, 0.0287699
6.94, 0.0293138
7.015, 0.0288372
6.985, 0.0289591
7.05, 0.0285392
7.025, 0.028814
6.93, 0.0293893
6.945, 0.029224
7.045, 0.0286295
7.035, 0.0286623
7.055, 0.0285883
7.06, 0.0285218
7.065, 0.028546
7.08, 0.0284199
7.085, 0.0283319
7.115, 0.0281427
7.1, 0.028238
7.12, 0.0281964
7.075, 0.0284952
7.105, 0.0283443
7.09, 0.0284183
7.07, 0.028423
7.095, 0.028407
7.11, 0.0282034
6.9, 0.0296159
7.04, 0.0286808
7.125, 0.0281746
7.135, 0.0281639
7.145, 0.0281945
7.15, 0.0281445
7.14, 0.0281214
7.16, 0.0279646
7.02, 0.0287768
7.005, 0.0287778
7.03, 0.028704
7.175, 0.028036
7.165, 0.0278906
7.19, 0.0278085
7.195, 0.0277357
7.2, 0.0279085
7.205, 0.0276733
7.155, 0.0280639
7.21, 0.0277767
7.185, 0.0279399
7.17, 0.0278975
7.18, 0.027887
7.13, 0.0281307
7.24, 0.027572
7.245, 0.0276643
7.25, 0.0274706
7.255, 0.0274547
7.22, 0.0277106
7.215, 0.0275432
7.27, 0.0274545
7.225, 0.027767
7.29, 0.0272836
7.275, 0.0273253
7.295, 0.0272619
7.285, 0.0273424
7.32, 0.0271154
7.325, 0.027099
7.33, 0.0270198
7.3, 0.0271713
7.335, 0.0270342
7.315, 0.0272287
7.305, 0.0272424
7.23, 0.0276303
7.365, 0.0269751
7.235, 0.0276499
7.37, 0.026931
7.36, 0.027033
7.38, 0.0268614
7.385, 0.0267752
7.26, 0.0275387
7.415, 0.0266806
7.265, 0.0273955
7.41, 0.0267388
7.4, 0.0267406
7.405, 0.0267727
7.42, 0.0265907
7.425, 0.0266227
7.43, 0.0265824
7.28, 0.0273543
7.31, 0.0272099
7.465, 0.0264377
7.34, 0.0270015
7.47, 0.026371
7.475, 0.0263203
7.35, 0.0270221
7.355, 0.0269526
7.345, 0.0270759
7.48, 0.0263409
7.485, 0.0263201
7.49, 0.0262379
7.505, 0.0262685
7.375, 0.02688
7.44, 0.0265415
7.515, 0.0262109
7.395, 0.0267259
7.51, 0.0261436
7.39, 0.0268488
7.435, 0.0265719
7.535, 0.0261422
7.46, 0.0264339
7.455, 0.026489
7.445, 0.0265168
7.45, 0.0264282
7.54, 0.0260704
7.545, 0.0260819
7.555, 0.026023
7.56, 0.0258928
7.495, 0.0263232
7.5, 0.0262205
7.57, 0.0258759
7.565, 0.0259131
7.575, 0.0259521
7.525, 0.0260764
7.58, 0.0258649
7.53, 0.0261106
7.595, 0.0256986
7.59, 0.0258052
7.55, 0.0260267
7.6, 0.0257539
7.52, 0.0261815
7.585, 0.0258816
4.375, 0.0531635
7.615, 0.0257259
7.63, 0.0255977
7.635, 0.0255367
7.625, 0.025644
7.64, 0.0255181
7.605, 0.0257481
7.655, 0.0254615
7.65, 0.0254166
7.66, 0.0255919
7.665, 0.0253641
7.645, 0.0256466
7.61, 0.0256457
7.695, 0.0252128
7.62, 0.0257454
7.7, 0.025285
7.705, 0.0252558
7.685, 0.0253675
7.67, 0.0253689
7.675, 0.0254809
7.715, 0.025269
7.68, 0.025423
7.71, 0.0252856
7.69, 0.0253503
7.72, 0.0251272
7.725, 0.0250246
7.73, 0.0251512
7.735, 0.0250808
7.74, 0.0251113
7.75, 0.0249706
7.76, 0.0250775
7.745, 0.0251059
7.765, 0.0250132
7.755, 0.0250067
7.775, 0.0249542
7.78, 0.0249865
7.785, 0.0248717
7.77, 0.0250267
7.81, 0.0248692
7.8, 0.0248262
7.805, 0.0247838
7.83, 0.0247462
7.795, 0.0247865
7.845, 0.024615
7.855, 0.024648
7.86, 0.0245624
7.85, 0.024589
7.87, 0.0245922
7.89, 0.0244261
7.885, 0.0245268
7.9, 0.0244609
7.79, 0.0248487
5.1, 0.0439729
5.095, 0.0439319
5.105, 0.0439085
5.115, 0.0438434
7.905, 0.0243598
7.91, 0.0242968
7.865, 0.0244886
7.925, 0.0242464
7.915, 0.0242952
7.935, 0.0242369
7.945, 0.0242633
7.95, 0.0241655
7.955, 0.0240733
7.965, 0.0240848
7.94, 0.0242393
7.97, 0.0240954
7.92, 0.0242739
7.975, 0.0240424
7.96, 0.0241419
7.985, 0.0240358
7.99, 0.0239482
7.98, 0.0239535
7.995, 0.0239483
8.015, 0.0239012
8.025, 0.023841
8.005, 0.0238737
8.03, 0.023849
8, 0.0239475
8.01, 0.0238364
8.055, 0.0237584
8.05, 0.0237283
8.06, 0.0236575
8.065, 0.0237053
8.035, 0.023814
8.045, 0.0236113
8.07, 0.0236117
8.08, 0.0236269
8.095, 0.0235858
8.085, 0.0235814
7.93, 0.0242571
8.1, 0.0234615
8.02, 0.0238077
8.115, 0.0233712
8.12, 0.0234038
8.04, 0.0237482
8.125, 0.0234771
8.135, 0.0233223
8.14, 0.0233748
8.075, 0.0235715
8.13, 0.0233746
8.09, 0.0235719
8.15, 0.0233176
8.145, 0.0233342
8.165, 0.0233106
8.175, 0.0232475
8.18, 0.0231823
8.185, 0.0231331
8.19, 0.0231036
8.11, 0.023475
8.155, 0.0232127
8.2, 0.0230935
8.105, 0.023457
8.22, 0.0230271
8.24, 0.0229217
8.235, 0.0229694
8.16, 0.0232413
8.17, 0.0233015
8.195, 0.0230743
8.255, 0.022874
8.26, 0.0229022
8.215, 0.0230698
8.245, 0.0228556
8.25, 0.0229196
8.27, 0.022817
8.275, 0.0228213
8.28, 0.0228622
8.265, 0.0228694
8.315, 0.0226905
8.31, 0.0226514
8.325, 0.0226423
8.285, 0.0227696
8.32, 0.022605
8.3, 0.0226659
8.295, 0.0227417
8.29, 0.0226895
8.305, 0.0226874
8.205, 0.0230678
8.335, 0.0225711
8.33, 0.0225496
8.21, 0.0231232
8.35, 0.0224201
8.34, 0.0226243
8.355, 0.0225261
8.345, 0.0225726
8.225, 0.0229693
8.36, 0.0224979
8.38, 0.0223654
8.365, 0.0224662
8.39, 0.022384
8.37, 0.0223799
8.385, 0.0223581
8.375, 0.0223902
8.4, 0.0223326
8.41, 0.0222662
8.395, 0.0222797
8.23, 0.0229475
8.405, 0.0223036
8.43, 0.022199
8.42, 0.0222149
8.44, 0.0222018
8.445, 0.0221151
8.45, 0.0220667
8.425, 0.0221902
8.435, 0.0222271
8.465, 0.0220531
8.475, 0.0220544
8.455, 0.0220463
8.48, 0.0219601
8.485, 0.0219997
8.495, 0.0218861
8.505, 0.0219532
8.52, 0.0218638
8.46, 0.0220576
8.51, 0.0218794
8.49, 0.0219808
8.47, 0.0220455
8.545, 0.0217184
8.415, 0.0222454
8.55, 0.0217576
8.555, 0.0217498
8.535, 0.0217803
8.525, 0.0218161
8.585, 0.0215926
8.605, 0.0215862
8.58, 0.0216504
8.59, 0.0215718
8.62, 0.021452
8.63, 0.0213869
8.5, 0.0219106
8.6, 0.021591
8.595, 0.0215675
8.635, 0.021428
8.665, 0.0213287
8.66, 0.0212842
8.53, 0.0218353
8.67, 0.0213658
8.645, 0.0214994
8.54, 0.0217791
8.685, 0.0212841
8.56, 0.0217642
8.695, 0.0212202
8.68, 0.0212644
8.57, 0.0216157
8.515, 0.0219388
8.71, 0.0212582
8.61, 0.0215831
8.74, 0.0211052
8.615, 0.021566
8.735, 0.0211251
8.565, 0.0216614
8.575, 0.0217014
8.625, 0.0214471
8.655, 0.0212728
8.75, 0.0208485
8.64, 0.0214216
8.65, 0.0214196
8.745, 0.0210614
8.765, 0.0210819
8.675, 0.021259
8.69, 0.0212641
8.7, 0.0211266
8.77, 0.0210186
8.715, 0.0211752
8.705, 0.0212248
8.725, 0.0211528
8.73, 0.0210537
8.72, 0.0212225
8.775, 0.0209295
8.795, 0.0208446
8.78, 0.0209152
8.8, 0.0209316
8.805, 0.0208816
8.81, 0.0208523
8.755, 0.0210557
8.76, 0.0210156
8.82, 0.0207358
8.85, 0.0207082
8.84, 0.0207526
8.845, 0.02072
8.785, 0.0209531
8.835, 0.0207192
8.79, 0.0209226
8.855, 0.0206617
8.83, 0.0207005
8.86, 0.0207121
8.87, 0.0206659
8.865, 0.0206322
8.88, 0.0206061
8.875, 0.0206128
8.885, 0.0205337
8.9, 0.0205054
8.815, 0.0207979
8.905, 0.0205014
8.925, 0.0204039
8.935, 0.0203311
8.91, 0.0204965
8.94, 0.0204097
8.89, 0.020565
8.895, 0.0204746
8.915, 0.0204344
8.92, 0.020461
8.93, 0.0203879
8.955, 0.0203008
8.96, 0.0202722
8.965, 0.0203173
8.97, 0.0201828
8.945, 0.0202858
8.95, 0.0203949
8.975, 0.0202491
8.98, 0.0202408
8.985, 0.0201973
8.99, 0.0201704
8.995, 0.0201975
9, 0.0201094
9.04, 0.0199926
9.005, 0.0201315
9.045, 0.0200096
9.05, 0.0199999
9.055, 0.0200057
9.035, 0.0200472
9.065, 0.0198913
9.01, 0.0200203
9.07, 0.0200135
9.02, 0.020118
9.025, 0.0200816
9.015, 0.020152
9.03, 0.0201288
9.11, 0.0198603
9.06, 0.0199794
9.075, 0.019922
9.125, 0.0198242
9.105, 0.0198513
9.12, 0.0197718
9.13, 0.0197232
9.135, 0.0196569
9.225, 0.0194196
9.14, 0.0197482
9.145, 0.0196894
9.15, 0.0197024
9.155, 0.0196366
9.16, 0.0196298
9.165, 0.0196683
9.17, 0.0196409
9.08, 0.0199157
9.175, 0.0196078
9.18, 0.0196172
9.185, 0.0196445
9.19, 0.0194525
9.195, 0.0195827
9.2, 0.0195461
9.205, 0.019558
9.22, 0.0194514
9.21, 0.0194804
9.235, 0.0194583
9.245, 0.0194582
9.24, 0.0194246
9.255, 0.0194148
9.25, 0.0194024
9.115, 0.0197843
9.265, 0.0193368
9.26, 0.0193673
9.275, 0.0193485
9.23, 0.0194746
9.27, 0.0193322
9.28, 0.0192534
9.285, 0.0192621
9.29, 0.019206
9.215, 0.0195647
9.3, 0.0191767
9.305, 0.0192013
9.32, 0.0191565
9.325, 0.0191185
9.315, 0.019181
9.345, 0.0190937
9.355, 0.0190812
9.335, 0.0191473
9.36, 0.0189862
9.37, 0.0189755
9.38, 0.0189443
9.375, 0.0189554
9.385, 0.0189877
9.39, 0.0189371
9.295, 0.0192527
9.4, 0.018856
9.41, 0.0188989
9.31, 0.0192528
9.365, 0.0190309
9.435, 0.0187834
9.33, 0.0191043
9.455, 0.018708
9.425, 0.0188272
9.415, 0.0188888
9.42, 0.0188566
9.46, 0.018702
9.34, 0.0191283
9.465, 0.0187601
9.43, 0.0187815
9.475, 0.0186804
9.48, 0.018752
9.45, 0.0188188
9.445, 0.0188282
9.44, 0.0188484
9.35, 0.0190893
9.485, 0.0186557
9.47, 0.0187598
9.505, 0.0186792
9.49, 0.0186253
9.52, 0.0185836
9.55, 0.0185043
9.53, 0.0185216
9.535, 0.0185586
9.5, 0.0186786
9.395, 0.0189335
9.495, 0.018608
9.555, 0.0184616
9.56, 0.0184954
9.51, 0.0185673
9.515, 0.0186152
9.405, 0.0188629
9.575, 0.018379
9.57, 0.0183923
9.59, 0.0183703
9.545, 0.0185058
9.6, 0.0183184
9.605, 0.0183163
9.61, 0.0182903
9.58, 0.018431
9.585, 0.0183563
9.595, 0.0182984
9.625, 0.0182056
9.525, 0.0185513
9.54, 0.0185759
9.635, 0.0182158
9.64, 0.0182925
9.565, 0.0184441
9.645, 0.0181726
9.62, 0.0181676
9.655, 0.0181581
9.66, 0.018168
9.665, 0.0181763
9.675, 0.0181387
9.67, 0.0181526
9.63, 0.0182095
9.685, 0.0180886
9.68, 0.0181217
9.695, 0.0180489
9.65, 0.0181696
9.705, 0.0180813
9.72, 0.0179609
9.615, 0.0182607
9.71, 0.018054
9.73, 0.0179735
9.735, 0.0180023
9.69, 0.0180701
9.7, 0.0180606
9.75, 0.0179637
9.745, 0.017887
9.715, 0.0180286
9.755, 0.0178688
9.76, 0.017949
9.775, 0.0178019
9.77, 0.0179403
9.825, 0.0176887
9.765, 0.0178678
9.74, 0.018007
9.795, 0.0178005
9.8, 0.0177589
9.815, 0.0177835
9.805, 0.017775
9.78, 0.0178307
9.79, 0.0178053
9.785, 0.0178007
9.835, 0.0177471
9.84, 0.0177174
9.845, 0.0176472
9.725, 0.0180227
9.87, 0.0175659
9.86, 0.0176532
9.855, 0.0175972
9.88, 0.0176161
9.905, 0.0174958
9.81, 0.0178253
9.925, 0.0174301
9.82, 0.0177576
9.875, 0.0175743
9.83, 0.0177186
9.85, 0.017613
9.865, 0.0176539
9.98, 0.0172777
9.945, 0.0174705
9.99, 0.0172441
9.995, 0.0172426
10, 0.0172562
9.975, 0.0173111
9.895, 0.0175678
9.9, 0.0174729
9.91, 0.0174894
9.985, 0.0173003
9.915, 0.0174818
9.92, 0.0174189
9.885, 0.0176024
9.89, 0.0175544
6.42, 0.0325474
9.93, 0.0174135
9.94, 0.0174644
9.935, 0.0173753
6.425, 0.0325138
6.455, 0.0323008
6.59, 0.0313492
6.605, 0.0312592
9.95, 0.0173552
9.96, 0.0173862
9.955, 0.0173648
9.965, 0.017325
9.97, 0.0174658
6.405, 0.0327049
6.41, 0.0325153
6.595, 0.0314033
6.94, 0.029226
7.815, 0.0247099
7.84, 0.0246424
7.825, 0.024725
7.82, 0.0248069
7.835, 0.0246145
7.875, 0.0245581
7.88, 0.0244491
7.895, 0.0244175
8.825, 0.0207502
9.085, 0.0198788
9.09, 0.0198882
9.095, 0.0198378
9.1, 0.0199162
