0.61, 0.0015652
0.615, 0.00154668
0.125, 0.00760775
0.12, 0.00791834
0.015, 0.0634481
0.17, 0.00559085
1.13, 0.000842773
0.03, 0.0317921
0.105, 0.00904618
0.375, 0.00253928
0.035, 0.0271124
0.01, 0.094788
0.165, 0.00576982
0.155, 0.00616615
0.385, 0.00247693
0.38, 0.00250353
0.37, 0.00257025
0.115, 0.00826504
0.195, 0.00489089
0.705, 0.00134978
0.715, 0.00133138
0.1, 0.00952268
0.095, 0.0100017
0.11, 0.00864272
0.16, 0.00593013
0.2, 0.00473244
0.72, 0.00131978
0.02, 0.0475566
0.905, 0.00105431
0.895, 0.00106132
0.71, 0.00134472
0.025, 0.0380402
0.77, 0.00123066
0.675, 0.00141623
0.91, 0.00104623
0.235, 0.00405217
0.665, 0.0014369
0.9, 0.00105708
0.255, 0.00374463
0.605, 0.00157307
0.76, 0.00125291
0.185, 0.0051488
0.27, 0.00353232
0.265, 0.00359383
0.67, 0.00141877
0.26, 0.00366101
0.765, 0.00124631
0.86, 0.00111307
0.34, 0.00279897
0.23, 0.00413246
0.335, 0.00284242
0.24, 0.00396262
0.175, 0.0054365
0.595, 0.00160251
0.19, 0.00500327
0.18, 0.00529753
0.59, 0.00161129
0.6, 0.00158699
0.33, 0.00288142
0.69, 0.00137654
0.685, 0.00139316
0.695, 0.00137201
0.87, 0.00109436
0.68, 0.00139927
0.08, 0.0119124
0.865, 0.00110245
0.7, 0.00135689
1.24, 0.000769612
0.075, 0.0126892
0.09, 0.0105409
0.085, 0.0112053
1.125, 0.000848838
1.25, 0.000760358
1.245, 0.000762207
0.35, 0.00272353
0.345, 0.0027633
0.355, 0.00268236
0.005, 0.19019
0.13, 0.00733149
0.365, 0.00260526
1.14, 0.000836752
0.36, 0.00264102
0.14, 0.00674972
0.135, 0.00706775
0.31, 0.00306465
0.15, 0.00633276
0.835, 0.00113976
0.145, 0.00656129
0.84, 0.00113115
0.85, 0.0011191
0.855, 0.00111267
0.845, 0.0011282
0.755, 0.0012626
0.75, 0.00127256
1.135, 0.000839392
0.64, 0.00148644
0.225, 0.004219
0.645, 0.00147849
0.66, 0.00144239
0.21, 0.00452584
0.65, 0.00147148
0.655, 0.00145122
0.22, 0.00431467
0.205, 0.00463206
0.215, 0.00442535
0.305, 0.00311786
0.285, 0.00333749
0.25, 0.00379524
0.295, 0.00321851
0.3, 0.00316818
0.805, 0.00118492
0.81, 0.00117269
0.29, 0.00329109
0.815, 0.00116661
0.245, 0.00388327
0.62, 0.00152793
0.63, 0.00151602
0.32, 0.00297079
0.625, 0.00152635
0.325, 0.0029185
0.885, 0.00107584
0.88, 0.00108017
0.875, 0.00108923
0.635, 0.00150624
0.89, 0.00107265
0.575, 0.00165622
0.585, 0.00162393
0.58, 0.00164093
0.55, 0.00173417
0.42, 0.00226878
0.425, 0.00224122
0.41, 0.00232968
0.555, 0.00171715
0.4, 0.0023806
98
0.535, 0.00177863
1.105, 0.000861097
0.545, 0.00175029
0.04, 0.0238377
0.54, 0.00176713
1.09, 0.000875863
0.5, 0.00190431
0.49, 0.00194591
0.495, 0.00191531
0.515, 0.00184825
0.525, 0.00181395
1.05, 0.000907719
0.51, 0.00185921
1.055, 0.000903603
0.99, 0.00096435
1.06, 0.000896584
0.415, 0.00230268
1.22, 0.000780444
0.395, 0.00241515
1.065, 0.000893407
0.39, 0.00244332
1.035, 0.000919901
0.53, 0.00179685
0.455, 0.00209298
1.095, 0.000867788
0.45, 0.00211906
1, 0.000953853
1.1, 0.000865943
0.05, 0.0190177
0.465, 0.00204908
0.06, 0.0157897
0.405, 0.00234837
0.52, 0.00183037
0.055, 0.0173352
1.11, 0.000861813
0.07, 0.013606
0.045, 0.0211893
0.995, 0.000956874
0.47, 0.00201787
0.485, 0.00196219
1.23, 0.000778662
1.045, 0.000909736
1.085, 0.000881015
1.225, 0.000774691
0.475, 0.00200025
1.235, 0.000770189
0.46, 0.0020678
0.48, 0.00198965
1.075, 0.000884845
1.08, 0.000882755
0.065, 0.0146332
1.04, 0.000912982
1.15, 0.000827224
1.025, 0.000926587
1.07, 0.000888206
1.03, 0.000924339
1.21, 0.000784568
1.115, 0.00085778
1.02, 0.000931376
0.44, 0.00215315
1.015, 0.000937178
0.445, 0.00213431
1.155, 0.000822296
1.16, 0.000819992
1.01, 0.000941978
1.165, 0.000814028
1.12, 0.000850704
0.275, 0.00346494
0.43, 0.0022129
0.97, 0.000981716
1.215, 0.000784412
0.435, 0.0021879
1.2, 0.00079699
0.965, 0.000987251
0.28, 0.00341711
1.205, 0.000794808
0.96, 0.000991302
0.315, 0.00301948
0.955, 0.000998525
1.17, 0.000810925
1.185, 0.000802208
1.175, 0.000810194
1.18, 0.000805643
1.19, 0.000800197
1.195, 0.000795323
0.935, 0.00101958
0.95, 0.0010033
0.945, 0.00100712
0.94, 0.0010141
0.56, 0.00170205
0.975, 0.00097542
0.565, 0.00168509
0.98, 0.000971897
0.985, 0.000969256
0.925, 0.00102772
0.57, 0.00167219
0.93, 0.00101736
1.005, 0.000946953
0.825, 0.00115567
0.83, 0.00114651
0.82, 0.00116276
1.145, 0.000835139
0.92, 0.00103598
0.915, 0.00104263
1.255, 0.000759857
1.27, 0.000752021
1.265, 0.000752772
1.26, 0.000754066
1.31, 0.000725824
1.28, 0.00074456
1.285, 0.00073937
1.295, 0.000736363
1.3, 0.000731011
1.315, 0.000720629
1.275, 0.000744883
1.325, 0.000719165
1.38, 0.000689884
1.375, 0.000690803
1.385, 0.000688773
1.39, 0.000688032
1.34, 0.000709965
1.305, 0.000729552
1.32, 0.000723401
1.33, 0.000716251
1.43, 0.000664533
1.335, 0.000711439
1.29, 0.000738933
1.35, 0.000705322
1.345, 0.0007076
1.365, 0.000696413
1.395, 0.000681611
1.355, 0.000700896
1.36, 0.000700925
1.37, 0.000693017
1.435, 0.000663155
1.4, 0.000679932
1.41, 0.000674018
1.415, 0.000672005
1.42, 0.000670039
1.405, 0.000678365
1.425, 0.000668397
1.44, 0.000663288
1.45, 0.000657897
1.445, 0.000659658
1.475, 0.000647909
1.47, 0.000646816
1.455, 0.000655445
1.465, 0.000648842
1.46, 0.000651112
1.49, 0.000639855
1.5, 0.000636133
1.48, 0.000645642
1.485, 0.000640661
1.51, 0.000630985
1.505, 0.000634691
1.495, 0.000636459
1.535, 0.000620178
1.565, 0.000606745
1.56, 0.000609079
1.595, 0.000597907
1.62, 0.000587939
1.63, 0.000584049
1.635, 0.000583207
1.64, 0.000577779
1.645, 0.000577343
1.52, 0.000624894
1.525, 0.000624138
1.65, 0.000575299
1.515, 0.00062738
1.57, 0.000607796
1.53, 0.000619621
1.6, 0.000596907
1.625, 0.00058589
1.575, 0.000604123
1.685, 0.000564013
1.54, 0.000619614
1.67, 0.000571274
1.655, 0.00057506
1.605, 0.00059441
1.545, 0.000616436
1.675, 0.000568001
1.55, 0.000612443
1.555, 0.000610998
1.66, 0.000575983
1.68, 0.00056788
1.695, 0.000559569
1.665, 0.000571364
1.71, 0.000557231
1.61, 0.00059264
1.725, 0.000551338
1.7, 0.000560187
1.59, 0.000600779
1.58, 0.000602583
1.585, 0.00059974
1.69, 0.000564782
1.615, 0.000589086
1.705, 0.000558954
1.735, 0.000547479
1.72, 0.000552775
1.715, 0.000551905
1.73, 0.000550533
1.75, 0.000543507
1.745, 0.00054652
1.74, 0.000546648
1.76, 0.000538171
1.78, 0.000534321
1.785, 0.000532889
1.755, 0.000542582
1.77, 0.000536956
1.775, 0.000537606
1.765, 0.000537878
1.805, 0.000527929
1.815, 0.000522284
1.81, 0.000526668
1.825, 0.000524281
1.82, 0.000524011
1.8, 0.000528484
1.79, 0.000529811
1.835, 0.000519097
1.84, 0.000516735
1.83, 0.00052239
1.795, 0.000530785
1.86, 0.000511094
1.845, 0.000517585
1.85, 0.000511701
1.87, 0.000508575
1.875, 0.000507077
1.88, 0.000507975
1.925, 0.000495531
1.97, 0.000482711
1.9, 0.000501636
1.865, 0.000508881
1.91, 0.000499387
1.915, 0.000496853
2.04, 0.000466605
1.905, 0.00050088
1.92, 0.000496629
1.89, 0.000502928
1.885, 0.000504607
2.03, 0.00046924
1.985, 0.000479765
1.855, 0.000513754
1.94, 0.000491312
2.075, 0.000459002
1.965, 0.000483892
1.945, 0.00048898
1.95, 0.000491202
1.895, 0.000501641
2.08, 0.000456424
1.935, 0.000495227
1.93, 0.000492961
1.96, 0.000485727
2.01, 0.000472708
1.955, 0.000488245
2.035, 0.000467851
1.975, 0.000481245
2.105, 0.000452662
2.115, 0.000449975
1.995, 0.00047759
1.99, 0.000477556
2.025, 0.000471452
1.98, 0.000479562
2, 0.000475648
2.1, 0.000452883
2.005, 0.000474409
2.085, 0.000455604
2.09, 0.000455866
2.13, 0.000445905
2.015, 0.000471616
2.02, 0.000472644
2.065, 0.000459936
2.06, 0.000462763
2.07, 0.000459549
2.095, 0.00045328
2.045, 0.00046463
2.05, 0.000464154
2.055, 0.000461643
2.135, 0.000445777
2.14, 0.000445467
2.11, 0.000449562
2.145, 0.000444252
2.165, 0.000441875
2.15, 0.000443209
2.12, 0.000447731
2.155, 0.000442102
2.125, 0.000448496
2.18, 0.000435337
2.19, 0.00043484
2.195, 0.000433928
2.205, 0.000430923
2.175, 0.000437176
2.21, 0.000431592
2.22, 0.000428581
2.215, 0.000430913
2.23, 0.000427285
2.2, 0.000431679
2.245, 0.000423568
2.25, 0.000421529
2.275, 0.000418176
2.26, 0.000420668
2.265, 0.000419014
2.28, 0.000419651
2.3, 0.000413193
2.16, 0.000439581
2.24, 0.000426859
2.295, 0.000414319
2.32, 0.000411007
2.33, 0.000409029
2.285, 0.000417205
2.27, 0.00041825
2.36, 0.000403648
2.38, 0.000399128
2.325, 0.00040772
2.345, 0.000405377
2.365, 0.000403135
2.17, 0.000438879
2.31, 0.000411641
2.35, 0.00040526
2.385, 0.000399508
2.335, 0.000408482
2.43, 0.000391334
2.355, 0.000403656
2.225, 0.000428718
2.235, 0.00042495
2.425, 0.000393298
2.39, 0.000396474
2.415, 0.000393996
2.255, 0.000420315
2.185, 0.000434508
2.395, 0.000396833
2.29, 0.000415976
2.445, 0.000389994
2.45, 0.000387776
2.465, 0.000385765
2.515, 0.00037938
2.5, 0.000380657
2.305, 0.000411525
2.315, 0.000410287
2.34, 0.000408376
2.485, 0.000382895
2.47, 0.000386219
2.44, 0.000390598
2.375, 0.00039999
2.435, 0.000390528
2.525, 0.000377367
2.37, 0.000399457
2.405, 0.000396192
2.4, 0.000396335
2.41, 0.000394817
2.555, 0.000371962
2.505, 0.00037952
2.65, 0.000358922
2.565, 0.000371076
2.56, 0.000371453
2.535, 0.000375162
2.475, 0.000383992
2.585, 0.000368419
2.55, 0.000372572
2.495, 0.00038111
2.58, 0.000369041
2.605, 0.000366404
2.59, 0.000368892
2.455, 0.00038734
2.42, 0.000393726
2.64, 0.000361468
2.6, 0.000365918
2.63, 0.000364073
2.625, 0.000364268
2.51, 0.000377877
2.545, 0.000373403
2.46, 0.000387227
2.48, 0.000384124
2.67, 0.000357054
0.735, 0.00129747
0.78, 0.00122242
0.785, 0.00121386
0.725, 0.00131533
0.73, 0.00130036
2.595, 0.000368965
0.79, 0.00120492
2.52, 0.000376306
0.775, 0.00123356
2.54, 0.000375993
0.8, 0.00118722
2.49, 0.000382939
0.795, 0.00119838
2.575, 0.000369522
2.53, 0.000374918
2.66, 0.00035709
2.655, 0.000359345
2.665, 0.000356799
2.57, 0.000369522
2.68, 0.000353614
2.61, 0.000365166
2.705, 0.000352593
2.645, 0.000359718
2.675, 0.000355786
2.725, 0.000350008
2.7, 0.000352705
0.74, 0.00128607
0.745, 0.00127653
2.72, 0.00035081
2.71, 0.000351056
2.765, 0.000344093
2.745, 0.000346337
2.78, 0.000341035
2.79, 0.000341915
2.795, 0.000340812
2.785, 0.000342322
2.81, 0.000339673
2.815, 0.000338414
2.8, 0.000339405
2.845, 0.000334526
2.805, 0.000339354
2.855, 0.000334547
2.82, 0.000337049
2.84, 0.000335665
2.73, 0.000348121
2.75, 0.0003459
2.615, 0.000364507
2.74, 0.000346279
2.88, 0.000330058
2.86, 0.000331745
2.695, 0.0003527
2.735, 0.000348832
2.76, 0.000345464
2.755, 0.000345053
2.685, 0.000354857
2.775, 0.000343298
2.925, 0.000324911
2.83, 0.000335764
2.85, 0.000333593
2.95, 0.000321263
2.77, 0.000343189
2.89, 0.00032879
2.97, 0.00031975
2.885, 0.000328948
2.825, 0.000337327
2.875, 0.000332268
2.835, 0.000335043
2.945, 0.000323392
2.93, 0.000324649
2.91, 0.000327234
2.955, 0.000323269
2.92, 0.000326251
2.935, 0.000323311
2.915, 0.000326838
2.965, 0.000321321
2.9, 0.000328858
2.62, 0.000364067
2.635, 0.000360314
2.975, 0.000320477
2.895, 0.000328223
2.98, 0.000319223
2.69, 0.00035324
2.96, 0.000321655
2.905, 0.000329282
2.985, 0.000320508
2.995, 0.000317826
3.005, 0.000316568
3.03, 0.000314738
3.025, 0.000314802
3.01, 0.000315366
3.015, 0.000315726
3, 0.000318315
2.99, 0.000317752
3.02, 0.00031548
3.04, 0.0003115
3.045, 0.000313322
3.055, 0.000311845
3.035, 0.000312865
3.05, 0.00031231
3.06, 0.000311112
3.065, 0.000310772
3.105, 0.000305524
3.13, 0.000302991
3.07, 0.000309751
3.075, 0.000309685
3.165, 0.000301669
3.135, 0.000304719
3.14, 0.000303769
3.175, 0.000300667
3.12, 0.000305003
3.16, 0.000301605
3.155, 0.000301207
3.145, 0.000303306
3.255, 0.000292627
3.08, 0.000308438
3.09, 0.000308461
3.095, 0.000307509
3.11, 0.000306253
3.1, 0.000306212
3.115, 0.000304379
3.25, 0.000292907
3.085, 0.000308654
3.265, 0.000291593
3.29, 0.000289653
3.125, 0.000303471
3.15, 0.00030143
3.245, 0.00029411
3.27, 0.000291534
3.19, 0.000299322
3.24, 0.000293346
3.235, 0.000294276
3.185, 0.000298778
3.3, 0.000287845
3.195, 0.0002971
3.26, 0.000292001
3.205, 0.000298299
3.2, 0.000299017
3.17, 0.000300465
3.225, 0.000295301
3.23, 0.00029505
3.21, 0.000296104
3.305, 0.000288362
3.215, 0.00029568
3.275, 0.000290295
3.32, 0.00028621
3.31, 0.000287584
3.295, 0.000288922
3.285, 0.000288889
3.18, 0.00029961
3.28, 0.000289896
3.33, 0.000285493
3.35, 0.000284666
3.315, 0.000287518
3.36, 0.000283714
3.37, 0.000283016
3.375, 0.000281473
3.325, 0.000286501
3.4, 0.000280272
3.41, 0.000279011
3.365, 0.00028377
3.345, 0.000283838
3.415, 0.000278829
3.425, 0.000277432
3.43, 0.000278387
3.22, 0.000295045
3.465, 0.000275107
3.405, 0.000281548
3.44, 0.000277072
3.42, 0.000280096
3.435, 0.00027684
3.34, 0.000285393
3.46, 0.000275355
3.455, 0.000275452
3.45, 0.00027668
3.355, 0.000283016
3.335, 0.00028432
3.47, 0.000274377
3.5, 0.000271397
3.385, 0.000281121
3.38, 0.000282262
3.515, 0.000272171
3.48, 0.000272144
3.555, 0.000268814
3.39, 0.00028158
3.395, 0.000279876
3.51, 0.000271383
3.495, 0.000273026
3.54, 0.000268919
3.53, 0.000270221
3.55, 0.000268389
3.475, 0.000273762
3.595, 0.00026463
3.575, 0.000265172
3.59, 0.000264653
3.535, 0.000268994
3.49, 0.00027282
3.505, 0.00027096
3.625, 0.000263048
3.68, 0.00025866
3.445, 0.000277052
3.485, 0.000273644
3.65, 0.000260556
3.52, 0.000270682
3.71, 0.000256769
3.635, 0.00026163
3.645, 0.000260838
3.565, 0.000266732
3.57, 0.000267023
3.585, 0.000264748
3.545, 0.000268381
3.63, 0.000261771
3.705, 0.000256476
3.72, 0.000256377
3.725, 0.00025558
3.58, 0.000266644
3.525, 0.000270343
3.76, 0.000253306
3.775, 0.000252354
3.6, 0.000264626
3.79, 0.000251529
3.56, 0.000267281
3.64, 0.000261227
3.795, 0.000250454
3.605, 0.000263253
3.61, 0.000263456
3.675, 0.000259424
3.84, 0.000248254
3.835, 0.000248538
3.74, 0.000255128
3.735, 0.000254403
3.73, 0.000255491
3.75, 0.000252988
3.7, 0.000257252
3.86, 0.000246049
3.695, 0.000256714
3.69, 0.000258767
3.66, 0.000260039
3.67, 0.000260631
3.665, 0.000260419
3.78, 0.00025241
3.615, 0.000264306
3.88, 0.000245101
3.9, 0.000244149
3.85, 0.000247475
3.905, 0.000243759
3.655, 0.00026055
3.62, 0.000263215
3.915, 0.000242856
3.755, 0.000253129
3.685, 0.000258097
3.92, 0.000243468
3.77, 0.000253416
3.745, 0.000253755
3.765, 0.000253703
3.715, 0.000255733
3.89, 0.000244141
3.885, 0.000245112
3.785, 0.000251777
3.91, 0.000242946
3.87, 0.000246479
3.995, 0.000238845
3.97, 0.000239602
3.82, 0.000249155
3.935, 0.000242196
3.875, 0.000245085
4, 0.000237727
4.005, 0.000236495
3.8, 0.000250277
3.95, 0.000241021
3.865, 0.000246763
4.015, 0.000237418
4.01, 0.000238059
3.895, 0.000244656
4.02, 0.000237388
3.805, 0.0002499
4.04, 0.00023607
4.075, 0.000233684
3.94, 0.00024101
4.085, 0.000234067
3.945, 0.000240945
3.955, 0.000240619
4.03, 0.000235902
3.98, 0.000239746
4.095, 0.000232254
3.99, 0.000238777
3.975, 0.000239932
3.96, 0.000240875
3.985, 0.000239143
4.09, 0.000233252
4.08, 0.000233435
4.11, 0.000231205
4.105, 0.000231801
4.05, 0.000235268
3.965, 0.000239271
4.06, 0.000234514
4.07, 0.00023424
4.045, 0.00023537
4.035, 0.000236894
4.165, 0.000228276
4.055, 0.000235823
4.185, 0.000226657
4.025, 0.000236219
4.115, 0.000231148
4.13, 0.000229626
4.135, 0.000230119
4.125, 0.000230457
4.145, 0.000229917
4.14, 0.000229852
4.065, 0.000233976
4.12, 0.000230118
4.2, 0.000226386
4.15, 0.000229195
4.1, 0.000232673
4.16, 0.000228666
4.17, 0.000229357
4.195, 0.000226822
4.155, 0.000229933
4.19, 0.00022734
4.21, 0.000226978
4.205, 0.000226349
4.175, 0.000227154
4.18, 0.000227077
4.22, 0.000226701
4.225, 0.000224628
4.215, 0.000226519
4.23, 0.000224856
4.25, 0.000223909
4.245, 0.000224705
4.24, 0.000223808
4.26, 0.000223954
4.235, 0.000224347
4.28, 0.000222575
4.27, 0.000223087
4.275, 0.000223075
4.255, 0.000223519
4.285, 0.000223154
4.265, 0.00022394
4.325, 0.000219833
4.345, 0.000218224
4.32, 0.000219545
4.35, 0.00021803
4.36, 0.000218137
4.305, 0.000221356
4.295, 0.000222687
4.3, 0.000221345
4.41, 0.000215677
4.29, 0.000222324
4.31, 0.000221111
4.34, 0.00021954
4.43, 0.000214564
4.335, 0.000220122
4.33, 0.000219585
4.365, 0.00021771
4.425, 0.000215735
4.37, 0.000217204
4.315, 0.000221142
4.38, 0.000217392
4.385, 0.000216844
4.39, 0.000217119
4.475, 0.000213544
4.395, 0.000216134
4.48, 0.000212949
4.4, 0.000216541
4.485, 0.000211275
4.5, 0.000211234
4.405, 0.000216341
4.415, 0.00021501
4.455, 0.000214403
4.52, 0.000210311
4.505, 0.000211712
4.44, 0.000214144
4.435, 0.000214821
4.445, 0.000214263
4.42, 0.000216049
4.495, 0.000212072
4.46, 0.000213388
4.465, 0.000213458
4.47, 0.000212589
4.45, 0.000213632
4.355, 0.000219161
4.49, 0.000212622
4.51, 0.000211651
4.525, 0.000210665
4.55, 0.000209644
4.515, 0.000210813
4.53, 0.000210185
4.545, 0.000210078
4.535, 0.000210078
4.56, 0.000208076
4.57, 0.000207869
4.565, 0.000208842
4.58, 0.000208164
4.62, 0.000206033
4.59, 0.000206535
4.6, 0.000206766
4.585, 0.000207357
4.54, 0.000210259
4.61, 0.000206888
4.555, 0.00020977
4.615, 0.000206296
4.575, 0.00020806
4.635, 0.000205879
4.655, 0.000204603
4.7, 0.000202434
4.645, 0.000204476
4.675, 0.000202958
4.64, 0.000204442
4.625, 0.000205474
4.595, 0.000207915
4.735, 0.000200806
4.665, 0.000204411
4.74, 0.000201156
4.755, 0.000200915
4.68, 0.000203459
4.75, 0.000200257
4.605, 0.000206724
4.76, 0.000199421
4.695, 0.00020219
4.765, 0.000199286
4.745, 0.000200045
4.78, 0.000199683
4.785, 0.000198872
4.79, 0.000199037
4.685, 0.00020312
4.69, 0.000203162
4.84, 0.000196657
4.775, 0.000198998
4.71, 0.000202635
4.65, 0.000204036
4.715, 0.000201594
4.63, 0.000204907
4.66, 0.000204661
4.8, 0.000198214
4.795, 0.000198825
4.705, 0.000202671
4.83, 0.000197154
4.725, 0.000202136
4.85, 0.000196294
4.73, 0.000200998
4.835, 0.000197101
4.67, 0.000203517
4.72, 0.000201674
4.82, 0.000197765
4.845, 0.00019607
4.81, 0.000197953
4.86, 0.000196387
4.855, 0.000196428
4.88, 0.000195651
4.825, 0.000197129
4.89, 0.000194811
4.905, 0.000194247
4.815, 0.000198085
4.805, 0.00019828
4.93, 0.000193316
4.945, 0.00019177
4.875, 0.000194735
4.95, 0.00019249
4.925, 0.000193401
4.92, 0.000193997
4.77, 0.000198258
4.97, 0.000190859
4.975, 0.000190995
4.96, 0.000191569
4.965, 0.00019163
5, 0.000190393
4.87, 0.00019523
5.005, 0.000190825
5.015, 0.000189904
5.01, 0.000190562
4.935, 0.000193207
4.995, 0.000190604
5.045, 0.000189467
5.03, 0.000189155
5.06, 0.000187992
4.885, 0.000195019
4.94, 0.000191408
4.915, 0.000193774
5.035, 0.000190025
5.065, 0.000187632
5.08, 0.000186852
4.9, 0.000194591
4.91, 0.000194304
5.04, 0.000189075
5.07, 0.000187975
5.085, 0.000186893
5.05, 0.000187912
4.865, 0.000194833
4.955, 0.000191869
4.98, 0.000190419
4.985, 0.000190448
5.09, 0.000187763
4.895, 0.000194373
5.125, 0.000186184
5.14, 0.000185235
5.12, 0.000185973
5.16, 0.000184739
5.15, 0.000185529
5.135, 0.000185309
5.155, 0.000185117
4.99, 0.000190154
5.11, 0.000186017
5.02, 0.000189385
5.025, 0.000189588
5.17, 0.000183791
5.145, 0.000185546
5.13, 0.000185525
5.055, 0.00018865
5.075, 0.000187734
5.185, 0.000183715
5.18, 0.000183933
5.2, 0.000183412
5.24, 0.000181128
5.235, 0.000181687
5.165, 0.000183848
5.25, 0.000180861
5.26, 0.000181258
5.245, 0.000181426
5.265, 0.000180955
5.255, 0.000180541
5.19, 0.000183885
5.175, 0.000183819
5.195, 0.000182485
5.215, 0.000182223
5.21, 0.000182985
5.22, 0.000182851
5.23, 0.000181941
5.225, 0.00018257
5.295, 0.000179934
5.205, 0.000182988
5.285, 0.000179427
5.275, 0.00018058
5.28, 0.000180351
5.27, 0.000181585
5.33, 0.00017896
5.305, 0.000178578
5.34, 0.000178552
5.29, 0.00017971
5.36, 0.000177611
5.35, 0.000178008
5.345, 0.000177642
5.31, 0.000178834
5.315, 0.000179472
5.325, 0.000179176
5.355, 0.000177984
5.32, 0.000178163
5.365, 0.000177358
5.3, 0.000179835
5.37, 0.00017731
5.375, 0.000177651
5.385, 0.000176583
5.39, 0.000175863
5.335, 0.000178527
5.41, 0.000176018
5.415, 0.000176105
5.38, 0.000176587
5.425, 0.000175443
5.43, 0.000175668
5.405, 0.000176125
5.44, 0.000174108
5.42, 0.000175201
5.435, 0.000175171
5.445, 0.00017506
5.395, 0.000176746
5.4, 0.000176275
5.45, 0.000174582
5.455, 0.000174128
5.465, 0.000174376
5.475, 0.000174374
5.48, 0.000173738
5.485, 0.000173923
5.49, 0.000172939
5.495, 0.00017318
5.47, 0.000173496
5.5, 0.00017263
5.46, 0.000174189
5.505, 0.000172683
2.715, 0.000351632
5.52, 0.000172487
5.54, 0.000171597
5.535, 0.000171997
5.545, 0.000171712
5.515, 0.000172631
2.87, 0.00033159
5.56, 0.0001713
2.865, 0.000334267
5.615, 0.000169997
5.605, 0.000169811
5.53, 0.000171946
5.525, 0.000172978
5.51, 0.000172788
5.635, 0.000169406
5.61, 0.000169598
5.63, 0.000168881
5.555, 0.000171656
5.55, 0.000171998
5.655, 0.000168636
2.94, 0.000323015
5.57, 0.000170151
5.66, 0.000167957
5.675, 0.000168019
5.645, 0.000168248
5.665, 0.000168603
5.58, 0.000170833
5.68, 0.000167142
5.585, 0.000170327
5.59, 0.000170302
5.6, 0.000169928
5.595, 0.000170522
5.575, 0.000170735
5.565, 0.000171111
5.62, 0.000169319
5.625, 0.000169128
5.69, 0.000166983
5.695, 0.000167361
5.7, 0.000166532
5.72, 0.00016594
5.725, 0.000166476
5.65, 0.000168762
5.64, 0.000168556
5.73, 0.000165608
5.735, 0.000166241
5.71, 0.000166521
5.67, 0.000167971
5.74, 0.000165765
5.75, 0.000165898
5.745, 0.000165452
5.755, 0.000165811
5.685, 0.000167176
5.76, 0.000165705
5.705, 0.000166827
5.715, 0.00016601
5.785, 0.000164039
5.815, 0.000164029
5.825, 0.000162642
5.8, 0.000163922
5.805, 0.000163701
5.82, 0.000164004
5.81, 0.000164273
5.83, 0.000164052
5.84, 0.000162861
5.845, 0.000162512
5.85, 0.000163048
5.86, 0.000162394
5.765, 0.000165701
5.855, 0.000163192
5.77, 0.000164747
5.865, 0.000162766
5.775, 0.000164364
5.87, 0.000161803
5.885, 0.000162147
5.875, 0.000162208
5.88, 0.00016179
5.835, 0.000162667
5.89, 0.000161378
5.895, 0.000161044
5.9, 0.000162089
5.93, 0.000160432
5.92, 0.000160531
5.935, 0.00016067
5.94, 0.00015959
5.905, 0.000161124
5.925, 0.000160986
5.91, 0.000160481
5.955, 0.000159702
5.915, 0.000160552
5.945, 0.000160466
5.95, 0.000160408
5.78, 0.000164659
5.98, 0.000158475
5.99, 0.00015936
5.975, 0.000159494
5.985, 0.000158843
5.96, 0.00015985
6.01, 0.000157786
5.97, 0.000159628
5.965, 0.000159386
5.79, 0.000164547
5.795, 0.000164191
6.005, 0.0001588
6.03, 0.000158559
6.025, 0.000157919
6.02, 0.000158018
6.04, 0.000156869
6.045, 0.000157603
6.065, 0.00015706
6.07, 0.000156652
6.095, 0.000156203
5.995, 0.000159077
6, 0.000159613
6.105, 0.000155855
6.125, 0.000154824
6.075, 0.000157016
6.115, 0.00015598
6.015, 0.000158672
6.035, 0.000158027
6.135, 0.000154737
6.05, 0.000157692
6.1, 0.000156063
6.15, 0.000154648
6.17, 0.000154509
6.14, 0.000155346
6.155, 0.000155159
6.19, 0.000153646
6.055, 0.000156945
6.185, 0.000153872
6.195, 0.000153913
6.22, 0.000153356
6.205, 0.000153315
6.215, 0.000153529
6.06, 0.000156955
6.08, 0.00015665
6.085, 0.000156659
6.09, 0.000156557
6.2, 0.0001537
6.21, 0.000152725
6.255, 0.000152146
6.11, 0.00015618
6.26, 0.00015182
6.27, 0.000151758
6.12, 0.000155622
6.13, 0.000155144
6.265, 0.000152214
6.245, 0.000152212
6.28, 0.000151349
6.275, 0.000151467
6.285, 0.000151507
6.29, 0.000151394
6.25, 0.000152094
6.145, 0.0001548
6.31, 0.000151223
6.175, 0.000154418
6.165, 0.000154961
6.16, 0.000155157
6.18, 0.000154343
6.23, 0.000152584
6.335, 0.000149312
6.34, 0.000150295
6.315, 0.000150131
6.295, 0.000151242
6.345, 0.000150068
6.235, 0.000152798
6.24, 0.000152643
6.35, 0.000150224
6.32, 0.000149901
6.355, 0.000149423
6.225, 0.000152609
6.3, 0.000150838
6.305, 0.000150802
6.37, 0.000149559
6.38, 0.00014944
6.36, 0.000149463
6.33, 0.000149804
6.375, 0.000149205
6.385, 0.000149331
6.4, 0.000148688
6.365, 0.000149604
6.43, 0.000148079
6.435, 0.000147343
6.44, 0.000147378
6.325, 0.000149905
6.46, 0.00014714
6.465, 0.000147327
6.395, 0.000149427
6.405, 0.000148725
6.41, 0.000148468
6.425, 0.000147793
6.39, 0.000149172
6.42, 0.000148626
6.47, 0.000147115
6.415, 0.000148822
6.48, 0.000146758
6.485, 0.000146699
6.445, 0.000148562
6.45, 0.000147292
6.49, 0.000147105
6.5, 0.000146507
6.455, 0.000147568
6.495, 0.000146411
6.475, 0.00014712
6.515, 0.000145501
6.51, 0.000146102
6.52, 0.00014625
6.54, 0.000145616
6.535, 0.000145361
6.545, 0.000145714
6.505, 0.00014633
6.525, 0.000146112
6.555, 0.000145675
6.56, 0.00014472
6.53, 0.000146181
6.57, 0.00014475
6.585, 0.000144584
6.55, 0.000144969
6.6, 0.000144157
6.615, 0.000144046
6.575, 0.000144425
6.62, 0.000143908
6.59, 0.000144367
6.595, 0.000144617
6.64, 0.000143035
6.625, 0.000143511
6.58, 0.000144948
6.565, 0.000145151
6.645, 0.000143522
6.605, 0.000143982
6.635, 0.000142965
6.63, 0.000143297
3.81, 0.000249886
3.825, 0.000249841
3.815, 0.000249686
6.65, 0.000143762
3.845, 0.000247529
3.855, 0.000246482
6.665, 0.000142694
6.655, 0.000143144
6.67, 0.000142693
6.675, 0.000143116
6.66, 0.000142341
6.68, 0.000142918
3.83, 0.000247808
3.93, 0.000242656
6.685, 0.000142764
6.69, 0.000142222
3.925, 0.000242787
6.695, 0.00014162
6.61, 0.00014387
6.72, 0.000141598
6.71, 0.000141857
6.745, 0.000141051
6.755, 0.000140624
6.77, 0.000140128
6.775, 0.000140837
6.76, 0.000140784
6.78, 0.000140542
6.785, 0.000140445
6.79, 0.000139636
6.795, 0.000140166
6.81, 0.000139859
6.825, 0.000139622
6.805, 0.0001399
6.725, 0.000141307
6.83, 0.000139913
6.845, 0.000138943
6.7, 0.000141742
6.74, 0.00014177
6.73, 0.000141854
6.75, 0.000141345
6.855, 0.000139053
6.735, 0.000140739
6.86, 0.000138966
6.865, 0.000139116
6.87, 0.000138536
6.765, 0.000140305
6.89, 0.000138157
6.88, 0.000138917
6.895, 0.000138847
6.705, 0.000142082
6.875, 0.000138671
6.91, 0.000137399
6.82, 0.000139699
6.8, 0.000139479
6.815, 0.000139485
6.835, 0.000138793
6.915, 0.000137821
6.92, 0.000137195
6.85, 0.000138613
6.84, 0.000138903
6.935, 0.000137162
6.925, 0.000136793
6.715, 0.000141295
6.885, 0.000138468
6.955, 0.000137295
6.905, 0.000137527
6.95, 0.000137204
6.97, 0.000137065
6.96, 0.000136853
6.965, 0.000137033
6.99, 0.000135882
6.995, 0.000136585
6.975, 0.000136197
6.98, 0.000136565
7, 0.000136338
7.01, 0.000136147
6.94, 0.000137616
7.015, 0.000135379
6.985, 0.000136518
7.05, 0.000135321
7.025, 0.000135623
6.93, 0.000137615
6.945, 0.000137067
7.045, 0.000135353
7.035, 0.00013521
7.055, 0.000134986
7.06, 0.000135142
7.065, 0.000134676
7.08, 0.000134595
7.085, 0.000134041
7.115, 0.000133361
7.1, 0.000133823
7.12, 0.000133461
7.075, 0.000134487
7.105, 0.000134196
7.09, 0.000134756
7.07, 0.00013442
7.095, 0.000134075
7.11, 0.00013396
6.9, 0.000137632
7.04, 0.000134596
7.125, 0.000133519
7.135, 0.000133654
7.145, 0.000133105
7.15, 0.000133076
7.14, 0.00013345
7.16, 0.000132765
7.02, 0.00013542
7.005, 0.000136144
7.03, 0.000135452
7.175, 0.000132951
7.165, 0.000133014
7.19, 0.000132438
7.195, 0.000132244
7.2, 0.00013227
7.205, 0.000132434
7.155, 0.000132357
7.21, 0.00013226
7.185, 0.000132426
7.17, 0.000133229
7.18, 0.000132546
7.13, 0.000133641
7.24, 0.0001313
7.245, 0.000131432
7.25, 0.000131247
7.255, 0.00013062
7.22, 0.000131602
7.215, 0.0001316
7.27, 0.000130844
7.225, 0.000131948
7.29, 0.000130723
7.275, 0.000131026
7.295, 0.000130238
7.285, 0.000130772
7.32, 0.000129852
7.325, 0.000129874
7.33, 0.000130358
7.3, 0.000130362
7.335, 0.000129805
7.315, 0.000129996
7.305, 0.000130388
7.23, 0.000131889
7.365, 0.00012902
7.235, 0.000131575
7.37, 0.000129068
7.36, 0.000128763
7.38, 0.00012901
7.385, 0.000128495
7.26, 0.000131337
7.415, 0.000128411
7.265, 0.000131283
7.41, 0.000128241
7.4, 0.000128304
7.405, 0.000128749
7.42, 0.000128345
7.425, 0.000128259
7.43, 0.000128326
7.28, 0.000131004
7.31, 0.000129761
7.465, 0.000126899
7.34, 0.000129834
7.47, 0.000127637
7.475, 0.000127254
7.35, 0.00012976
7.355, 0.000129337
7.345, 0.000129606
7.48, 0.000127363
7.485, 0.000126572
7.49, 0.00012687
7.505, 0.000126843
7.375, 0.000129338
7.44, 0.000127844
7.515, 0.000126339
7.395, 0.000128576
7.51, 0.000126829
7.39, 0.000128544
7.435, 0.000127755
7.535, 0.000125818
7.46, 0.000127995
7.455, 0.000127326
7.445, 0.000127839
7.45, 0.000127539
7.54, 0.000125956
7.545, 0.000126448
7.555, 0.000125939
7.56, 0.000125915
7.495, 0.000127113
7.5, 0.000127214
7.57, 0.000125699
7.565, 0.000125516
7.575, 0.000125861
7.525, 0.000126551
7.58, 0.00012605
7.53, 0.000126498
7.595, 0.000125275
7.59, 0.000125753
7.55, 0.000126416
7.6, 0.000124945
7.52, 0.000126303
7.585, 0.000125612
4.375, 0.000217515
7.615, 0.000124662
7.63, 0.000124612
7.635, 0.000124789
7.625, 0.000124646
7.64, 0.000124423
7.605, 0.000124942
7.655, 0.000124392
7.65, 0.000125028
7.66, 0.000124369
7.665, 0.000123922
7.645, 0.000124902
7.61, 0.000124821
7.695, 0.000123543
7.62, 0.000125206
7.7, 0.000123079
7.705, 0.000124054
7.685, 0.000123301
7.67, 0.000123703
7.675, 0.00012399
7.715, 0.000122971
7.68, 0.000124048
7.71, 0.000123456
7.69, 0.000123652
7.72, 0.000123016
7.725, 0.00012316
7.73, 0.000123312
7.735, 0.000122654
7.74, 0.000123228
7.75, 0.000122766
7.76, 0.000122483
7.745, 0.000123229
7.765, 0.000122431
7.755, 0.000122932
7.775, 0.000122396
7.78, 0.000122728
7.785, 0.000121851
7.77, 0.000122633
7.81, 0.000121688
7.8, 0.000121919
7.805, 0.000122315
7.83, 0.000121536
7.795, 0.000122268
7.845, 0.000121131
7.855, 0.000120753
7.86, 0.000121541
7.85, 0.000121199
7.87, 0.000120962
7.89, 0.000120423
7.885, 0.000120744
7.9, 0.000120923
7.79, 0.000122114
5.1, 0.000187401
5.095, 0.000186841
5.105, 0.000186638
5.115, 0.000186811
7.905, 0.000120617
7.91, 0.00012069
7.865, 0.000120931
7.925, 0.000120134
7.915, 0.000119991
7.935, 0.000119665
7.945, 0.000119977
7.95, 0.000119704
7.955, 0.000119884
7.965, 0.000119395
7.94, 0.0001204
7.97, 0.000119302
7.92, 0.000119997
7.975, 0.000119248
7.96, 0.000119799
7.985, 0.000119357
7.99, 0.000118965
7.98, 0.000119356
7.995, 0.000119251
8.015, 0.000118248
8.025, 0.000118416
8.005, 0.000119119
8.03, 0.000118137
8, 0.000118832
8.01, 0.000118628
8.055, 0.000118383
8.05, 0.000118759
8.06, 0.000117956
8.065, 0.000117962
8.035, 0.000118737
8.045, 0.000118278
8.07, 0.000118378
8.08, 0.000118112
8.095, 0.000117829
8.085, 0.000118245
7.93, 0.000120516
8.1, 0.000117303
8.02, 0.00011885
8.115, 0.000117256
8.12, 0.000117463
8.04, 0.000118115
8.125, 0.000117669
8.135, 0.000117125
8.14, 0.000117153
8.075, 0.000117922
8.13, 0.000117023
8.09, 0.000117565
8.15, 0.000116883
8.145, 0.000117039
8.165, 0.000116423
8.175, 0.000116196
8.18, 0.000116632
8.185, 0.000116531
8.19, 0.00011611
8.11, 0.000117514
8.155, 0.000116728
8.2, 0.000116228
8.105, 0.0001176
8.22, 0.000115884
8.24, 0.000115225
8.235, 0.000115327
8.16, 0.00011652
8.17, 0.000116342
8.195, 0.000116259
8.255, 0.000115547
8.26, 0.000115278
8.215, 0.000116025
8.245, 0.000115416
8.25, 0.000115498
8.27, 0.000114807
8.275, 0.00011502
8.28, 0.000114609
8.265, 0.000114718
8.315, 0.000114833
8.31, 0.000114717
8.325, 0.000114833
8.285, 0.000115032
8.32, 0.000114417
8.3, 0.000114881
8.295, 0.000114384
8.29, 0.000114908
8.305, 0.000114761
8.205, 0.000115919
8.335, 0.000114606
8.33, 0.000114168
8.21, 0.000115933
8.35, 0.000113669
8.34, 0.000114502
8.355, 0.000113818
8.345, 0.000114296
8.225, 0.0001162
8.36, 0.000113963
8.38, 0.000114045
8.365, 0.000113779
8.39, 0.00011356
8.37, 0.000113791
8.385, 0.000113166
8.375, 0.000113533
8.4, 0.000113175
8.41, 0.000113028
8.395, 0.000113342
8.23, 0.000115783
8.405, 0.000113392
8.43, 0.000113241
8.42, 0.000112923
8.44, 0.000112766
8.445, 0.000113145
8.45, 0.00011244
8.425, 0.000113154
8.435, 0.000112856
8.465, 0.000112039
8.475, 0.000112352
8.455, 0.000112526
8.48, 0.000112304
8.485, 0.000112277
8.495, 0.000111795
8.505, 0.000111962
8.52, 0.000111467
8.46, 0.000112592
8.51, 0.000111963
8.49, 0.000111917
8.47, 0.000112332
8.545, 0.000111718
8.415, 0.000113187
8.55, 0.000111646
8.555, 0.000111153
8.535, 0.000111554
8.525, 0.000111868
8.585, 0.000110447
8.605, 0.000110871
8.58, 0.000110719
8.59, 0.000110629
8.62, 0.000110487
8.63, 0.000110433
8.5, 0.000112155
8.6, 0.000110589
8.595, 0.000110634
8.635, 0.00011059
8.665, 0.00010988
8.66, 0.000110202
8.53, 0.000111502
8.67, 0.000109714
8.645, 0.000109947
8.54, 0.000111344
8.685, 0.000109684
8.56, 0.000111296
8.695, 0.000109239
8.68, 0.000109541
8.57, 0.000111171
8.515, 0.000112055
8.71, 0.00010891
8.61, 0.000110351
8.74, 0.000108709
8.615, 0.000110081
8.735, 0.000109389
8.565, 0.00011135
8.575, 0.000110372
8.625, 0.000110736
8.655, 0.000109674
8.75, 0.000108251
8.64, 0.000110363
8.65, 0.000109875
8.745, 0.00010851
8.765, 0.000108406
8.675, 0.000109701
8.69, 0.000109926
8.7, 0.00010935
8.77, 0.000108431
8.715, 0.000109388
8.705, 0.000108966
8.725, 0.000109384
8.73, 0.000109334
8.72, 0.000109518
8.775, 0.000108435
8.795, 0.000107985
8.78, 0.000108663
8.8, 0.000108121
8.805, 0.000107832
8.81, 0.000107764
8.755, 0.000108468
8.76, 0.000108753
8.82, 0.000107684
8.85, 0.000107437
8.84, 0.000107731
8.845, 0.000107578
8.785, 0.000108214
8.835, 0.000107675
8.79, 0.000108379
8.855, 0.000107678
8.83, 0.000108032
8.86, 0.000107678
8.87, 0.000107562
8.865, 0.000107574
8.88, 0.000107298
8.875, 0.000107606
8.885, 0.000107264
8.9, 0.000107303
8.815, 0.000107912
8.905, 0.000106775
8.925, 0.000106644
8.935, 0.000106345
8.91, 0.000107035
8.94, 0.000106262
8.89, 0.00010682
8.895, 0.000106911
8.915, 0.000107078
8.92, 0.000106684
8.93, 0.000106513
8.955, 0.000106636
8.96, 0.000106428
8.965, 0.000106363
8.97, 0.0001065
8.945, 0.000106049
8.95, 0.000106603
8.975, 0.00010611
8.98, 0.000106206
8.985, 0.000105931
8.99, 0.000105551
8.995, 0.000106219
9, 0.000106147
9.04, 0.000104933
9.005, 0.000105675
9.045, 0.000105346
9.05, 0.000105214
9.055, 0.000105479
9.035, 0.000105301
9.065, 0.000105179
9.01, 0.000105873
9.07, 0.000104993
9.02, 0.000105461
9.025, 0.000105421
9.015, 0.000105934
9.03, 0.000105402
9.11, 0.000104602
9.06, 0.000104822
9.075, 0.000104649
9.125, 0.000104454
9.105, 0.000104785
9.12, 0.000104128
9.13, 0.000104291
9.135, 0.000104106
9.225, 0.000102894
9.14, 0.000103685
9.145, 0.0001041
9.15, 0.000103748
9.155, 0.000103633
9.16, 0.000104024
9.165, 0.000104328
9.17, 0.000103563
9.08, 0.000104754
9.175, 0.00010348
9.18, 0.000103541
9.185, 0.000103803
9.19, 0.000103608
9.195, 0.000103622
9.2, 0.000103378
9.205, 0.000103109
9.22, 0.000103034
9.21, 0.000103199
9.235, 0.000103349
9.245, 0.000102894
9.24, 0.000102892
9.255, 0.000102672
9.25, 0.000102724
9.115, 0.000104945
9.265, 0.000102971
9.26, 0.000102791
9.275, 0.000102483
9.23, 0.000103229
9.27, 0.000102439
9.28, 0.000102435
9.285, 0.000102734
9.29, 0.000102093
9.215, 0.000103284
9.3, 0.000102333
9.305, 0.000102629
9.32, 0.000102452
9.325, 0.000102537
9.315, 0.000102469
9.345, 0.000102091
9.355, 0.00010183
9.335, 0.000102195
9.36, 0.000101897
9.37, 0.000101696
9.38, 0.000101585
9.375, 0.000101847
9.385, 0.000101531
9.39, 0.000101611
9.295, 0.000102549
9.4, 0.000101214
9.41, 0.000101305
9.31, 0.000102245
9.365, 0.000101752
9.435, 0.000100421
9.33, 0.000101746
9.455, 0.000100852
9.425, 0.000101276
9.415, 0.000101164
9.42, 0.000100865
9.46, 0.00010054
9.34, 0.000101976
9.465, 0.000100432
9.43, 0.00010087
9.475, 0.000100535
9.48, 0.000100726
9.45, 0.000101121
9.445, 0.000100616
9.44, 0.000100662
9.35, 0.000102069
9.485, 0.000100035
9.47, 0.000100625
9.505, 0.000100355
9.49, 0.000100446
9.52, 0.00010012
9.55, 9.97585e-05
9.53, 9.9916e-05
9.535, 9.97973e-05
9.5, 0.000100057
9.395, 0.000101889
9.495, 0.000100214
9.555, 9.97032e-05
9.56, 9.9355e-05
9.51, 0.000100206
9.515, 9.97803e-05
9.405, 0.000101022
9.575, 9.90575e-05
9.57, 9.98935e-05
9.59, 9.94191e-05
9.545, 9.93941e-05
9.6, 9.93145e-05
9.605, 9.89547e-05
9.61, 9.88964e-05
9.58, 9.92426e-05
9.585, 9.90414e-05
9.595, 9.92243e-05
9.625, 9.89637e-05
9.525, 9.97769e-05
9.54, 0.000100234
9.635, 9.84191e-05
9.64, 9.89025e-05
9.565, 9.99853e-05
9.645, 9.87604e-05
9.62, 9.91553e-05
9.655, 9.84473e-05
9.66, 9.85063e-05
9.665, 9.84349e-05
9.675, 9.81847e-05
9.67, 9.84958e-05
9.63, 9.87428e-05
9.685, 9.83597e-05
9.68, 9.86173e-05
9.695, 9.82294e-05
9.65, 9.88344e-05
9.705, 9.78137e-05
9.72, 9.81203e-05
9.615, 9.91591e-05
9.71, 9.81501e-05
9.73, 9.77745e-05
9.735, 9.78989e-05
9.69, 9.80193e-05
9.7, 9.83897e-05
9.75, 9.77022e-05
9.745, 9.75737e-05
9.715, 9.85751e-05
9.755, 9.77978e-05
9.76, 9.73475e-05
9.775, 9.72051e-05
9.77, 9.73507e-05
9.825, 9.70716e-05
9.765, 9.73084e-05
9.74, 9.77006e-05
9.795, 9.71967e-05
9.8, 9.71463e-05
9.815, 9.65785e-05
9.805, 9.68169e-05
9.78, 9.7054e-05
9.79, 9.70277e-05
9.785, 9.68623e-05
9.835, 9.70134e-05
9.84, 9.65954e-05
9.845, 9.6864e-05
9.725, 9.78826e-05
9.87, 9.62573e-05
9.86, 9.65129e-05
9.855, 9.63584e-05
9.88, 9.64229e-05
9.905, 9.60362e-05
9.81, 9.69332e-05
9.925, 9.58353e-05
9.82, 9.71507e-05
9.875, 9.65519e-05
9.83, 9.67231e-05
9.85, 9.6465e-05
9.865, 9.66898e-05
9.98, 9.54831e-05
9.945, 9.54809e-05
9.99, 9.50127e-05
9.995, 9.51819e-05
10, 9.54539e-05
9.975, 9.55959e-05
9.895, 9.61815e-05
9.9, 9.60852e-05
9.91, 9.62477e-05
9.985, 9.54488e-05
9.915, 9.59775e-05
9.92, 9.60537e-05
9.885, 9.63681e-05
9.89, 9.63525e-05
6.42, 0.000148397
9.93, 9.5805e-05
9.94, 9.59174e-05
9.935, 9.55784e-05
6.425, 0.000148348
6.455, 0.000147249
6.59, 0.000144443
6.605, 0.000144485
9.95, 9.59872e-05
9.96, 9.58146e-05
9.955, 9.56366e-05
9.965, 9.52284e-05
9.97, 9.54752e-05
6.405, 0.000149145
6.41, 0.000148573
6.595, 0.000144418
6.94, 0.000137407
7.815, 0.000121706
7.84, 0.000121307
7.825, 0.000121443
7.82, 0.00012189
7.835, 0.000121507
7.875, 0.000120934
7.88, 0.000120309
7.895, 0.000120614
8.825, 0.000107827
9.085, 0.000104599
9.09, 0.000104559
9.095, 0.00010481
9.1, 0.000104386
