0, 0.661938
0.005, 0.628627
0.01, 0.627789
0.015, 0.597642
0.02, 0.609168
0.025, 0.628072
0.03, 0.572637
0.035, 0.579373
0.04, 0.60294
0.045, 0.572861
0.05, 0.562128
0.055, 0.58064
0.06, 0.544753
0.065, 0.546797
0.07, 0.485076
0.075, 0.422057
0.08, 0.385574
0.085, 0.32539
0.09, 0.4085
0.095, 0.438906
0.1, 0.379681
0.15, 0.304451
0.2, 0.331824
0.25, 0.306299
0.3, 0.316879
0.35, 0.34304
0.4, 0.280005
0.45, 0.352466
0.5, 0.342799
0.55, 0.307258
0.6, 0.294763
0.65, 0.336034
0.7, 0.391981
0.75, 0.324098
0.8, 0.36459
0.85, 0.337603
0.9, 0.355327
0.95, 0.342077
1, 0.288755
1.25, 0.360372
1.5, 0.341516
1.75, 0.325913
2, 0.337247
2.25, 0.33951
2.5, 0.281295
2.75, 0.324758
3, 0.323939
3.25, 0.313305
3.5, 0.256561
3.75, 0.366832
4, 0.317833
