0, 0.00388889
0.005, 0.00268222
0.01, 0.00154111
0.015, 0.00143556
0.02, 0.00232556
0.025, 0.00808778
0.03, 0.00683111
0.035, 0.00516778
0.04, 0.00272111
0.045, 0.00483
0.05, 0.00449222
0.055, 0.00309889
0.06, 0.00372111
0.065, 0.00366222
0.07, 0.00431778
0.075, 0.00297889
0.08, 0.00523333
0.085, 0.00319333
0.09, 0.00390222
0.095, 0.00428444
0.1, 0.00494889
0.15, 0.00466111
0.2, 0.00586556
0.25, 0.00678333
0.3, 0.00769444
0.35, 0.00819222
0.4, 0.00978667
0.45, 0.00831444
0.5, 0.00821
0.55, 0.00839111
0.6, 0.00771444
0.65, 0.00855778
0.7, 0.00796444
0.75, 0.00863444
0.8, 0.00895111
0.85, 0.00922889
0.9, 0.00908222
0.95, 0.00841889
1, 0.00969889
1.25, 0.0100744
1.5, 0.0101289
1.75, 0.0105689
2, 0.0106567
2.25, 0.0109267
2.5, 0.0115078
2.75, 0.0111511
3, 0.0116111
3.25, 0.0118478
3.5, 0.0123044
3.75, 0.0114356
4, 0.0122156
