0, 0.00814641
0.005, 0.00514653
0.01, 0.00481647
0.015, 0.00399647
0.02, 0.00588625
0.025, 0.00682124
0.03, 0.00397789
0.035, 0.00439635
0.04, 0.00580392
0.045, 0.00595858
0.05, 0.00481191
0.055, 0.00517697
0.06, 0.00446706
0.065, 0.00483008
0.07, 0.00425834
0.075, 0.00283839
0.08, 0.00268029
0.085, 0.00262444
0.09, 0.0031066
0.095, 0.00351109
0.1, 0.00300969
0.15, 0.00354133
0.2, 0.00412365
0.25, 0.00446008
0.3, 0.00470254
0.35, 0.00503683
0.4, 0.00508143
0.45, 0.00572011
0.5, 0.005517
0.55, 0.00556664
0.6, 0.00560987
0.65, 0.00599788
0.7, 0.00619607
0.75, 0.00609129
0.8, 0.00638641
0.85, 0.00636848
0.9, 0.00642949
0.95, 0.00648906
1, 0.00680342
1.25, 0.00742256
1.5, 0.00817355
1.75, 0.00864148
2, 0.00900966
2.25, 0.00906324
2.5, 0.00942361
2.75, 0.0103714
3, 0.0102806
3.25, 0.010274
3.5, 0.0104425
3.75, 0.0106421
4, 0.0110968
