0, inf
0.005, 0.000155664
0.01, 7.25416e-05
0.015, 6.03913e-05
0.02, 7.68943e-05
0.025, 5.62979e-05
0.03, 4.18416e-05
0.035, 3.96226e-05
0.04, 4.04834e-05
0.045, 6.07234e-05
0.05, 3.91882e-05
0.055, 3.29759e-05
0.06, 3.25621e-05
0.065, 3.68017e-05
0.07, 4.18306e-05
0.075, 2.47557e-05
0.08, 2.22513e-05
0.085, 2.37996e-05
0.09, 2.6195e-05
0.095, 2.74219e-05
0.1, 2.31012e-05
0.15, 2.48942e-05
0.2, 2.14667e-05
0.25, 2.21381e-05
0.3, 2.1587e-05
0.35, 1.99077e-05
0.4, 1.96734e-05
0.45, 1.88387e-05
0.5, 1.67272e-05
0.55, 1.63693e-05
0.6, 1.39667e-05
0.65, 1.41858e-05
0.7, 1.29553e-05
0.75, 1.42945e-05
0.8, 1.27595e-05
0.85, 1.24949e-05
0.9, 1.24946e-05
0.95, 1.16822e-05
1, 1.41447e-05
1.25, 1.13418e-05
1.5, 1.18778e-05
1.75, 1.27699e-05
2, 1.08516e-05
2.25, 1.01832e-05
2.5, 9.97773e-06
2.75, 1.12242e-05
3, 9.39865e-06
3.25, 9.58241e-06
3.5, 9.41824e-06
3.75, 7.50926e-06
4, 8.28545e-06
