0, 1344
0.005, 1342
0.01, 1344
0.015, 1343
0.02, 1345
0.025, 1344
0.03, 1344
0.035, 1342
0.04, 1342
0.045, 1341
0.05, 1344
0.055, 1344
0.06, 1345
0.065, 1345
0.07, 1345
0.075, 1345
0.08, 1345
0.085, 1344
0.09, 1345
0.095, 1344
0.1, 1344
0.15, 1344
0.2, 1345
0.25, 1345
0.3, 1344
0.35, 1344
0.4, 1345
0.45, 1344
0.5, 1344
0.55, 1344
0.6, 1344
0.65, 1345
0.7, 1345
0.75, 1345
0.8, 1349
0.85, 1343
0.9, 1343
0.95, 1339
1, 1342
1.25, 1343
1.5, 1341
1.75, 1342
2, 1344
2.25, 1338
2.5, 1338
2.75, 1339
3, 1337
3.25, 1341
3.5, 1321
3.75, 1333
4, 1351
