0, 0.00111111
0.005, 0.000996667
0.01, 0.00292
0.015, 0.00337556
0.02, 0.00142667
0.025, 0.00180667
0.03, 0.00101889
0.035, 0.000815556
0.04, 0.00152333
0.045, 0.00121111
0.05, 0.00118556
0.055, 0.00127111
0.06, 0.00107222
0.065, 0.00127778
0.07, 0.00137889
0.075, 0.00117444
0.08, 0.00153
0.085, 0.00120444
0.09, 0.00120556
0.095, 0.00133889
0.1, 0.00123889
0.15, 0.000805556
0.2, 0.000354444
0.25, 0.000862222
0.3, 0.00152
0.35, 0.00227222
0.4, 0.00436667
0.45, 0.00442222
0.5, 0.00444778
0.55, 0.00473111
0.6, 0.00507
0.65, 0.00513
0.7, 0.00496333
0.75, 0.00537222
0.8, 0.00567889
0.85, 0.00545
0.9, 0.00570222
0.95, 0.00626111
1, 0.00614444
1.25, 0.00653333
1.5, 0.00694222
1.75, 0.00715333
2, 0.00790333
2.25, 0.00834444
2.5, 0.00869111
2.75, 0.00861889
3, 0.00839111
3.25, 0.00924667
3.5, 0.00965667
3.75, 0.00965333
4, 0.00999333
