0, 0.719995
0.005, 0.775832
0.01, 0.781069
0.015, 0.781257
0.02, 0.779215
0.025, 0.789884
0.03, 0.797293
0.035, 0.796615
0.04, 0.806891
0.045, 0.818675
0.05, 0.826563
0.055, 0.834477
0.06, 0.836775
0.065, 0.838267
0.07, 0.831843
0.075, 0.828286
0.08, 0.825255
0.085, 0.820999
0.09, 0.824194
0.095, 0.826166
0.1, 0.821295
0.15, 0.78811
0.2, 0.644024
0.25, 0.621906
0.3, 0.645306
0.35, 0.771579
0.4, 0.775446
0.45, 0.768731
0.5, 0.758449
0.55, 0.745227
0.6, 0.729701
0.65, 0.71428
0.7, 0.698163
0.75, 0.682792
0.8, 0.667271
0.85, 0.652076
0.9, 0.637912
0.95, 0.62448
1, 0.608785
1.25, 0.548738
1.5, 0.4995
1.75, 0.457921
2, 0.423378
2.25, 0.391872
2.5, 0.364528
2.75, 0.341306
3, 0.32073
3.25, 0.302835
3.5, 0.285722
3.75, 0.27345
4, 0.257831
