0, 0.0109356
0.005, 0.00497806
0.01, 0.00495711
0.015, 0.00460355
0.02, 0.00461054
0.025, 0.00562895
0.03, 0.00478703
0.035, 0.00497934
0.04, 0.0060509
0.045, 0.00556677
0.05, 0.00332647
0.055, 0.00309134
0.06, 0.00313864
0.065, 0.00301715
0.07, 0.00420558
0.075, 0.0047293
0.08, 0.00325989
0.085, 0.00275401
0.09, 0.00264171
0.095, 0.00252887
0.1, 0.00251826
0.15, 0.00382157
0.2, 0.0043538
0.25, 0.00554944
0.3, 0.00563454
0.35, 0.00556178
0.4, 0.00564324
0.45, 0.00542383
0.5, 0.00547236
0.55, 0.00589588
0.6, 0.00590836
0.65, 0.00580942
0.7, 0.00614363
0.75, 0.0061454
0.8, 0.0061814
0.85, 0.0061975
0.9, 0.0066197
0.95, 0.00690824
1, 0.00676889
1.25, 0.00760387
1.5, 0.00800202
1.75, 0.00832288
2, 0.00894653
2.25, 0.00899554
2.5, 0.00916376
2.75, 0.00994476
3, 0.0100878
3.25, 0.0101481
3.5, 0.010602
3.75, 0.0106596
4, 0.0106144
