0, 0.642021
0.005, 0.598482
0.01, 0.521109
0.015, 0.483287
0.02, 0.560624
0.025, 0.590152
0.03, 0.573748
0.035, 0.496731
0.04, 0.444569
0.045, 0.449758
0.05, 0.394434
0.055, 0.449436
0.06, 0.312321
0.065, 0.351011
0.07, 0.320316
0.075, 0.35106
0.08, 0.488417
0.085, 0.476923
0.09, 0.398312
0.095, 0.475291
0.1, 0.438403
0.15, 0.310084
0.2, 0.285974
0.25, 0.35541
0.3, 0.330252
0.35, 0.290809
0.4, 0.386136
0.45, 0.325062
0.5, 0.336943
0.55, 0.297215
0.6, 0.375722
0.65, 0.355171
0.7, 0.353285
0.75, 0.317765
0.8, 0.280869
0.85, 0.353732
0.9, 0.327411
0.95, 0.296437
1, 0.359184
1.25, 0.343067
1.5, 0.314717
1.75, 0.35078
2, 0.334322
2.25, 0.325375
2.5, 0.335704
2.75, 0.346291
3, 0.376493
3.25, 0.28291
3.5, 0.305613
3.75, 0.303119
4, 0.385826
