0, 0.00111111
0.005, 0.00336667
0.01, 0.00408889
0.015, 0.00344111
0.02, 0.00322889
0.025, 0.00201444
0.03, 0.00359444
0.035, 0.00663
0.04, 0.00495111
0.045, 0.00464667
0.05, 0.00449667
0.055, 0.00455111
0.06, 0.00450444
0.065, 0.00568667
0.07, 0.00384778
0.075, 0.00295778
0.08, 0.00238889
0.085, 0.00278556
0.09, 0.00254667
0.095, 0.00299
0.1, 0.00282
0.15, 0.00343556
0.2, 0.00453778
0.25, 0.00526667
0.3, 0.00597222
0.35, 0.00647889
0.4, 0.00657222
0.45, 0.00691667
0.5, 0.00671667
0.55, 0.00644222
0.6, 0.007
0.65, 0.00682556
0.7, 0.00752556
0.75, 0.0076
0.8, 0.00748778
0.85, 0.00786333
0.9, 0.00738333
0.95, 0.00796889
1, 0.00775778
1.25, 0.00858556
1.5, 0.00876111
1.75, 0.00944444
2, 0.00942444
2.25, 0.00922
2.5, 0.0104822
2.75, 0.0105678
3, 0.0108667
3.25, 0.0106867
3.5, 0.0103044
3.75, 0.0111511
4, 0.0110567
