0.02, 10.9533
0.015, 3.76214
0.05, 2.2859
0.075, 0.058161
0.065, 1.58648
0.43, 0.168028
0.45, 0.170184
0.07, 0.0450658
0.185, 0.355996
0.085, 0.0267033
0.14, 0.0770487
0.135, 0.226779
0.055, 0.169992
0.51, 0.175632
0.08, 0.0214237
0.52, 0.177554
0.435, 0.168859
0.525, 0.178663
0.3, 0.166121
0.145, 0.22993
0.515, 0.174787
0.06, 0.215084
0.445, 0.170271
0.44, 0.168258
0.13, 0.165561
0.295, 0.167146
0.12, 0.0412252
0.125, 0.0651014
0.26, 0.177646
0.405, 0.16759
0.265, 0.177523
0.4, 0.167088
0.395, 0.16641
0.38, 0.165737
0.29, 0.168504
0.305, 0.168448
0.475, 0.173878
0.48, 0.174741
0.39, 0.16629
0.275, 0.170562
0.385, 0.168382
0.28, 0.17069
0.415, 0.169222
0.42, 0.168687
0.27, 0.16954
0.425, 0.168773
0.285, 0.165413
0.41, 0.167042
0.89, 0.187
0.605, 0.18387
0.635, 0.185002
0.685, 0.187871
0.61, 0.185478
0.195, 0.247588
0.19, 0.273024
0.68, 0.186984
0.645, 0.189071
0.69, 0.188084
0.21, 0.245592
0.64, 0.186856
0.675, 0.186007
0.63, 0.184188
0.945, 0.184481
0.885, 0.186897
1.005, 0.181873
0.2, 0.271765
0.975, 0.182667
1, 0.182901
0.99, 0.181782
0.98, 0.180829
0.985, 0.182473
0.205, 0.239605
1.01, 0.181663
0.94, 0.185911
0.615, 0.186023
0.505, 0.173349
0.485, 0.175381
0.625, 0.185314
0.935, 0.185036
0.175, 0.304858
0.5, 0.176554
0.62, 0.186955
0.865, 0.185783
0.67, 0.187294
0.495, 0.174177
0.875, 0.188513
0.88, 0.187561
0.165, 0.109981
0.155, 0.215346
0.49, 0.176485
1.075, 0.176634
0.995, 0.181453
0.655, 0.1895
1.07, 0.177544
0.665, 0.189381
0.66, 0.189047
1.08, 0.176648
0.16, 0.0945256
0.65, 0.186435
0.15, 0.270711
0.96, 0.181755
0.955, 0.18197
1.125, 0.174308
0.97, 0.181792
1.06, 0.178108
0.04, 14.8553
0.045, 0.595809
1.055, 0.178334
0.95, 0.183821
0.035, 28.0696
0.17, 0.359439
1.045, 0.17962
0.965, 0.18398
1.065, 0.177233
1.05, 0.178712
0.92, 0.185678
0.925, 0.183645
0.915, 0.186579
1.13, 0.175157
1.135, 0.173859
0.93, 0.186656
1.14, 0.173088
0.18, 0.300098
0.03, 71.9216
1.18, 0.170913
0.025, 150.72
1.195, 0.168083
1.2, 0.170683
1.23, 0.166501
1.025, 0.181707
1.115, 0.174735
1.11, 0.176405
1.02, 0.180546
0.465, 0.173319
1.235, 0.166641
1.015, 0.181554
0.46, 0.17048
0.47, 0.172924
1.21, 0.167912
1.215, 0.16789
1.12, 0.177217
1.22, 0.167405
1.205, 0.167357
1.225, 0.166713
0.895, 0.186229
0.01, 0.00175595
0.905, 0.187267
0.9, 0.183789
0.25, 0.186523
0.36, 0.165997
0.355, 0.167761
0.235, 0.2104
0.24, 0.194197
0.225, 0.204486
0.255, 0.192068
0.35, 0.167017
0.34, 0.165668
0.365, 0.164373
0.23, 0.209881
0.345, 0.170295
0.375, 0.16761
0.1, 0.0530708
0.37, 0.168274
0.32, 0.166412
0.85, 0.187737
0.315, 0.166248
0.22, 0.235761
0.11, 0.0412697
0.86, 0.187444
0.31, 0.166957
0.245, 0.182126
0.855, 0.187816
0.105, 0.0321477
0.325, 0.168397
0.215, 0.225517
0.335, 0.167246
0.115, 0.0420437
0.33, 0.163964
0.54, 0.179779
0.535, 0.180496
0.91, 0.185682
0.585, 0.181805
0.555, 0.181451
0.53, 0.178481
0.56, 0.181872
0.55, 0.177765
0.59, 0.182493
0.545, 0.179612
0.575, 0.183528
0.76, 0.191912
0.75, 0.190196
0.82, 0.189213
0.57, 0.181992
0.755, 0.19094
0.565, 0.181266
0.825, 0.189561
0.58, 0.182127
0.745, 0.190805
0.815, 0.189431
0.74, 0.188584
0.455, 0.171819
0.81, 0.188385
0.595, 0.183053
0.6, 0.184291
0.765, 0.188591
0.78, 0.190623
0.77, 0.191316
0.8, 0.1903
0.775, 0.189114
0.725, 0.189591
0.72, 0.188048
0.73, 0.187749
0.09, 0.0246806
0.715, 0.188509
0.095, 0.036306
0.835, 0.188869
1.19, 0.170296
0.71, 0.189669
0.84, 0.190295
0.7, 0.187899
0.845, 0.188033
0.705, 0.189912
0.79, 0.188043
0.795, 0.188917
1.185, 0.168006
1.04, 0.179427
0.805, 0.189498
1.24, 0.166914
1.035, 0.182916
1.03, 0.178066
1.25, 0.165526
1.245, 0.165012
0.735, 0.188111
0.785, 0.191213
0.695, 0.189465
0.005, 112.816
1.26, 0.164324
1.265, 0.164643
1.27, 0.163951
1.275, 0.165577
1.375, 0.158629
1.305, 0.161186
1.315, 0.159102
1.295, 0.162652
1.285, 0.164826
1.31, 0.16084
1.3, 0.161279
1.32, 0.16089
1.29, 0.161939
1.28, 0.162062
1.325, 0.160598
1.365, 0.1597
1.335, 0.15998
1.37, 0.158222
1.35, 0.158097
1.345, 0.159526
1.34, 0.160331
1.355, 0.156513
1.36, 0.158505
1.33, 0.160081
1.385, 0.155747
1.38, 0.156773
1.43, 0.15411
1.42, 0.154329
1.39, 0.157719
1.425, 0.153798
1.415, 0.154366
1.475, 0.150888
1.52, 0.148289
1.525, 0.146739
1.445, 0.152859
1.44, 0.154203
1.255, 0.164992
1.55, 0.145232
1.555, 0.144079
1.56, 0.145946
1.495, 0.150349
1.565, 0.144325
1.545, 0.14528
1.41, 0.152917
1.505, 0.149618
1.5, 0.149481
1.515, 0.149115
1.405, 0.154716
1.51, 0.146647
1.395, 0.156475
1.4, 0.155118
1.46, 0.150717
1.465, 0.149797
1.45, 0.151303
1.47, 0.150063
1.645, 0.139991
1.61, 0.142309

1.62, 0.139459
1.615, 0.139409
1.695, 0.135771
1.69, 0.138031
2.015, 0.119301
2, 0.118366
1.7, 0.136727
1.435, 0.152987
2.005, 0.119237
1.625, 0.14037
2.01, 0.118647
1.65, 0.138582
1.965, 0.121084
1.795, 0.131261
1.93, 0.123239
1.935, 0.12221
1.785, 0.13187
1.75, 0.133168
1.755, 0.133362
1.945, 0.1235
1.94, 0.121533
1.97, 0.120763
1.49, 0.149165
1.79, 0.13068
1.96, 0.120275
1.955, 0.121864
1.895, 0.123889
1.95, 0.12254
1.89, 0.125857
1.9, 0.124847
1.485, 0.149498
1.535, 0.147527
1.57, 0.142924
1.575, 0.141381
1.48, 0.151557
1.635, 0.139623
2.31, 0.104886
2.265, 0.107237
2.295, 0.106013
2.345, 0.102638
2.34, 0.104055
2.26, 0.107291
2.3, 0.105194
2.27, 0.106786
2.305, 0.104963
2.315, 0.104729
1.64, 0.141047
1.605, 0.14139
1.585, 0.14365
1.905, 0.124462
1.58, 0.142408
1.91, 0.123517
2.29, 0.10773
1.66, 0.139182
1.665, 0.137538
1.78, 0.130108
1.915, 0.124859
1.67, 0.137179
1.925, 0.122885
2.28, 0.107051
2.275, 0.1057
2.285, 0.105505
1.88, 0.126488
1.875, 0.125412
1.675, 0.138518
1.92, 0.123884
1.76, 0.133179
1.77, 0.133024
1.775, 0.132036
1.765, 0.13244
1.685, 0.137649
1.54, 0.144004
1.98, 0.119961
1.99, 0.120241
1.985, 0.119546
1.885, 0.125393
1.975, 0.121659
2.215, 0.109686
2.21, 0.111187
1.995, 0.120326
2.205, 0.108775
1.53, 0.147856
2.255, 0.106941
2.32, 0.104028
1.595, 0.142631
1.59, 0.142301
1.745, 0.132804
1.85, 0.127284
2.15, 0.111737
1.6, 0.142046
1.735, 0.134409
1.73, 0.134712
2.165, 0.110795
1.865, 0.127002
2.2, 0.110725
1.74, 0.132759
2.14, 0.112331

2.19, 0.109998
2.185, 0.110637
1.855, 0.128382
2.13, 0.113747
2.145, 0.11224
2.135, 0.112769
1.725, 0.134241
1.86, 0.126158
1.825, 0.129374
2.17, 0.110493
1.815, 0.130395
2.18, 0.111421
2.175, 0.110312
2.09, 0.116167
1.82, 0.128669
2.08, 0.115029
1.81, 0.129361
1.84, 0.128049
1.835, 0.128139
2.075, 0.116407
2.085, 0.115186
1.715, 0.134042
1.845, 0.129217
1.805, 0.129298
1.8, 0.131327
1.705, 0.136102
1.71, 0.136648
2.105, 0.114301
2.065, 0.116461
2.095, 0.114558
1.63, 0.141165
1.72, 0.134762
2.07, 0.116631
2.06, 0.117463
2.1, 0.114403
2.055, 0.115536
1.83, 0.128136
2.115, 0.114798
2.12, 0.113388
2.11, 0.114349
2.05, 0.116789

2.35, 0.103383
2.36, 0.103341
2.04, 0.117258
2.045, 0.11657
2.155, 0.111223
2.355, 0.103234
2.33, 0.104422
2.365, 0.102279
2.16, 0.111868
2.335, 0.104452
2.235, 0.110125
2.23, 0.108305
2.02, 0.117261
2.035, 0.118825
2.03, 0.117433
2.025, 0.118871
1.68, 0.138387
2.37, 0.101298
2.225, 0.109685
2.25, 0.107305
2.22, 0.109076
2.425, 0.100488
2.385, 0.102286
2.415, 0.100298
2.41, 0.101987
2.42, 0.100623
2.405, 0.100881
2.325, 0.104194
2.24, 0.108733
2.375, 0.101708
2.245, 0.108599
2.38, 0.102109
2.39, 0.102915
2.4, 0.101233
2.395, 0.101305
2.43, 0.100814
2.435, 0.100437
2.44, 0.100964
2.51, 0.0967949
2.515, 0.0962851
2.445, 0.0989311
2.485, 0.0985063
2.495, 0.0985009
2.5, 0.0974838
2.455, 0.100067
2.48, 0.0984825
2.47, 0.0994456
2.475, 0.0987682
2.49, 0.0973715
2.56, 0.0958755
2.465, 0.0993852
2.46, 0.0993238
2.52, 0.0954145
2.53, 0.0960383
2.525, 0.0966061
2.54, 0.0964387
2.535, 0.0963603
2.45, 0.0988598
2.545, 0.0945475
2.555, 0.0954122
2.55, 0.0957358
2.565, 0.0963794
2.57, 0.0949295
2.575, 0.0950743
2.585, 0.0938915
2.605, 0.0941262
2.61, 0.0940125
2.6, 0.0939023
2.595, 0.0942018
2.59, 0.093268
2.62, 0.0933879
2.625, 0.0939932
2.63, 0.092907
2.645, 0.0922667
2.635, 0.0927662
2.655, 0.0915485
2.65, 0.0920967
2.675, 0.0921735
2.69, 0.0915147
2.64, 0.0927838
2.68, 0.0908247
2.505, 0.09781
2.685, 0.0891675
2.67, 0.0923579
2.58, 0.095452
2.665, 0.092378
2.66, 0.0922033
2.695, 0.0905768
2.7, 0.0901767
2.705, 0.0898705
2.71, 0.090706
2.715, 0.0906466
2.615, 0.0940236
3.175, 0.0771974
2.74, 0.0898218
2.735, 0.0888676
2.72, 0.0897129
2.775, 0.0887046
3.08, 0.0782436
3.24, 0.0755522
2.94, 0.0829076
3.09, 0.0785152
3.25, 0.0746934
3.085, 0.0789134
3.21, 0.0756731
2.945, 0.0832311
2.95, 0.0818454
3.095, 0.0793053
3.245, 0.0755545
3.205, 0.0755839
3.2, 0.07543
457
2.9, 0.0832652
3.05, 0.0793908
3.04, 0.080288
2.925, 0.082889
2.845, 0.0860522
2.915, 0.0840572
2.835, 0.0859085
2.84, 0.0862332
2.935, 0.0834699
3.305, 0.0735749
2.92, 0.0834522
2.93, 0.0827387
3.03, 0.0803053
3.025, 0.0806889
3.195, 0.0759976
3.035, 0.0802254
3.295, 0.0730298
3.3, 0.0735005
3.185, 0.0769382
3.19, 0.0767372
3.18, 0.0760795
3.435, 0.0709644
3.34, 0.0716072
3.45, 0.0698269
3.405, 0.0714385
3.44, 0.0700011
3.335, 0.0720751
3.345, 0.0722703
3.445, 0.0695021
3.395, 0.0712322
3.4, 0.0718355
2.755, 0.0888215
3.33, 0.0727381
2.76, 0.088543
2.765, 0.0880507
3.065, 0.0796086
2.73, 0.089091
3.055, 0.0798655
3.06, 0.0798731
3.07, 0.0790374
3.075, 0.0796202
3.255, 0.0754702
3.235, 0.0746815
3.23, 0.0750698
3.265, 0.0747699
3.27, 0.0744332
3.215, 0.0749293
3.225, 0.0751397
3.29, 0.0740251
3.285, 0.0741049
3.22, 0.0762905
3.275, 0.0750214
3.28, 0.0731124
3.375, 0.0720685
3.39, 0.072143
3.38, 0.0717809
3.385, 0.0706505
3.415, 0.0705145
3.42, 0.0707506
3.43, 0.0698375
3.41, 0.0709188
2.78, 0.088119
3.425, 0.0706937
2.905, 0.083662
2.785, 0.0872048
2.745, 0.0891171
2.75, 0.0897241
3.045, 0.0805604
2.91, 0.0837709
2.725, 0.0886123
3.37, 0.0721949
2.82, 0.0871743
2.825, 0.0871034
2.83, 0.0863655
3.315, 0.0728585
3.31, 0.0734791
3.325, 0.0722657
3.32, 0.0734122
2.885, 0.0852646
2.88, 0.0847085
3, 0.0817648
2.87, 0.083955
2.89, 0.0840863
3.12, 0.0780104
3.02, 0.0811356
2.99, 0.0809922
2.985, 0.0821675
3.13, 0.0781019
3.115, 0.0790406
2.995, 0.0811853
2.865, 0.0851261
3.005, 0.0815284
2.875, 0.0851544
3.15, 0.0772625
2.97, 0.0827291
3.105, 0.0777052
3.01, 0.079952
3.355, 0.0709863
2.85, 0.0849606
3.36, 0.0726901
2.855, 0.0852703
3.11, 0.0795244
3.14, 0.0781705
3.1, 0.0787759
3.365, 0.0718017
2.96, 0.0824476
3.125, 0.0771883
2.955, 0.0817419
3.145, 0.0775857
3.165, 0.0767498
3.135, 0.0781787
3.16, 0.0767931
2.965, 0.0829133
2.86, 0.0859413
3.155, 0.0776155
2.975, 0.0820909
3.17, 0.0770442
2.98, 0.0819476
3.525, 0.0683816
3.53, 0.0682587
3.545, 0.0679483
3.555, 0.0673414
3.55, 0.0669825
3.56, 0.0671162
3.565, 0.0670835
3.52, 0.0683235
3.535, 0.0678379
3.515, 0.0683732
2.81, 0.0874215
3.54, 0.0682744
3.57, 0.0673735
2.815, 0.0873433
2.805, 0.0874791
3.465, 0.0697894
2.77, 0.0873625
2.8, 0.0872638
3.46, 0.0689256
3.475, 0.0691472
3.48, 0.0691386
3.455, 0.0700269
3.485, 0.068924
3.47, 0.070225
3.495, 0.0685183
3.505, 0.0696333
3.5, 0.0684144
2.795, 0.0878899
2.79, 0.0888336
3.51, 0.0680262
3.35, 0.0725686
3.575, 0.0672382
3.49, 0.0700512
3.585, 0.0669876
3.58, 0.0674523
3.59, 0.0670775
3.605, 0.0661822
3.595, 0.066677
3.6, 0.0668463
3.62, 0.0667859
3.615, 0.0662591
3.61, 0.067194
3.625, 0.0668896
3.63, 0.0663311
1.085, 0.17618
1.09, 0.17304
1.095, 0.175797
1.175, 0.170983
1.145, 0.171756
1.155, 0.17308
1.165, 0.169532
1.16, 0.172769
1.15, 0.172675
1.17, 0.170391
1.105, 0.173187
1.1, 0.175223
3.64, 0.0660915
3.685, 0.0652461
3.665, 0.0656532
3.68, 0.06419
3.65, 0.0654084
3.67, 0.0652684
3.655, 0.0652386
3.66, 0.0658047
3.675, 0.0657764
3.645, 0.0654091
3.71, 0.0649009
3.695, 0.0649106
3.7, 0.0641391
3.705, 0.0644498
3.765, 0.0631761
3.725, 0.0643581
3.72, 0.0646439
3.735, 0.0645487
3.75, 0.0637013
3.745, 0.0637749
3.74, 0.0632824
3.715, 0.0640268
3.755, 0.0643591
3.77, 0.0629845
3.76, 0.0636692
3.635, 0.065881
3.78, 0.062928
3.775, 0.063117
3.795, 0.0629941
3.69, 0.0645919
3.79, 0.0626164
3.8, 0.0623835
3.81, 0.0629978
3.82, 0.0628704
3.815, 0.0627749
3.805, 0.063049
3.785, 0.0633799
3.86, 0.0618042
3.845, 0.0609769
3.85, 0.0615839
3.855, 0.0616692
3.835, 0.0617636
3.84, 0.062186
3.73, 0.0639005
3.83, 0.062372
3.865, 0.0615756
3.87, 0.0623389
3.88, 0.0611671
3.875, 0.0614286
3.895, 0.0608434
3.885, 0.0616305
3.825, 0.0620765
3.9, 0.0609026
3.905, 0.061077
3.915, 0.0604127
3.92, 0.0603813
3.91, 0.0606757
3.89, 0.0607871
3.925, 0.0597512
3.94, 0.0598191
3.975, 0.0591155
3.955, 0.0599237
3.945, 0.0594605
3.935, 0.061174
3.95, 0.0598281
3.96, 0.0595801
3.965, 0.0594524
3.97, 0.0589408
4.08, 0.057506
4.07, 0.0581983
4.065, 0.0579116
4.075, 0.058256
4.06, 0.057936
4.055, 0.058611
4.05, 0.0582974
4.035, 0.0577889
4.045, 0.0584265
3.985, 0.0599063
4.1, 0.0567755
4.105, 0.056398
4.03, 0.0586377
3.99, 0.0597152
4.005, 0.0589816
3.93, 0.0606247
4, 0.0594879
3.995, 0.0595512
4.095, 0.0571873
3.98, 0.0595028
4.04, 0.0587274
4.085, 0.0575428
4.01, 0.058914
4.09, 0.0573524
4.02, 0.0582425
4.025, 0.0591816
4.15, 0.056606
4.21, 0.0557024
4.185, 0.056376
4.19, 0.0558838
4.015, 0.0584357
4.145, 0.0569062
4.195, 0.0559599
4.18, 0.0564467
4.205, 0.05518
4.13, 0.0568032
4.2, 0.0556264
4.135, 0.0572896
4.17, 0.0563995
4.175, 0.0564344
4.165, 0.0564051
4.155, 0.0568007
4.16, 0.0567239
4.14, 0.0566084
4.24, 0.0555565
4.235, 0.0550131
4.23, 0.0555614
4.11, 0.057485
4.28, 0.0545205
4.285, 0.0539004
4.275, 0.0541001
4.31, 0.0541281
4.29, 0.0541308
4.25, 0.0547793
4.295, 0.0544753
4.27, 0.0546206
4.3, 0.05413
4.26, 0.0548226
4.305, 0.0542659
4.265, 0.0545595
4.12, 0.057114
4.115, 0.0567346
4.255, 0.0550021
4.355, 0.0529234
4.125, 0.0568443
4.22, 0.0554439
4.215, 0.0556227
4.225, 0.055931
4.365, 0.0529483
4.245, 0.0554507
4.36, 0.0533299
4.345, 0.0539107
4.34, 0.0536648
4.35, 0.0531541
4.32, 0.0540214
4.33, 0.0540456
4.325, 0.0535105
4.335, 0.0539823
4.315, 0.054319
4.645, 0.0494019
4.63, 0.0497357
4.41, 0.0519032
4.42, 0.0525045
4.415, 0.0524677
4.37, 0.0535949
4.375, 0.0538929
4.405, 0.0534348
4.38, 0.0528677
4.395, 0.052964
4.435, 0.0524918
4.45, 0.0523074
4.465, 0.0514042
4.55, 0.0498553
4.475, 0.0523357
4.44, 0.0519222
4.455, 0.0522297
4.43, 0.0524392
4.425, 0.052591
4.49, 0.0516102
4.47, 0.0513578

4.535, 0.0512184
4.64, 0.0494075
4.53, 0.0505202
4.575, 0.0499004
4.565, 0.0502407
4.5, 0.0506845
4.555, 0.0502121
4.495, 0.0518217
4.525, 0.0509993
4.46, 0.0524696
4.54, 0.05073
4.48, 0.0519788
4.57, 0.0504662
4.545, 0.0509407
4.51, 0.0511681
4.585, 0.0499058
4.4, 0.0525059
4.605, 0.0499269
4.59, 0.0499299
4.6, 0.0504008
4.62, 0.0493494
4.595, 0.0503491
4.58, 0.0504324
4.675, 0.0487981
4.505, 0.0512685
4.61, 0.0497989
4.625, 0.0498253
4.685, 0.0488729
4.68, 0.048642
4.515, 0.0511877
4.52, 0.05087
4.615, 0.0502274
4.695, 0.0490171
4.385, 0.0535196
4.69, 0.0486985
4.67, 0.0492096
4.665, 0.0493425
4.39, 0.0528379
4.66, 0.0496275
4.655, 0.0493206
4.74, 0.0483266
4.445, 0.0516299
4.745, 0.0481493
4.73, 0.0482148
4.735, 0.0485132
4.65, 0.0493964
4.755, 0.0480521
4.71, 0.0484108
4.715, 0.0488763
4.725, 0.0485517
4.72, 0.0487669
4.7, 0.0487515
4.705, 0.0482435
4.75, 0.0475372
4.765, 0.0473961
4.77, 0.0478927
4.78, 0.0477514
4.775, 0.047422
4.785, 0.048224
4.79, 0.0472702
4.76, 0.0483707
4.795, 0.0472055
4.81, 0.0463868
4.805, 0.0478102
4.8, 0.0475546
4.815, 0.0464703
4.635, 0.049718
4.825, 0.0472199
4.82, 0.0473976
4.83, 0.0472542
4.835, 0.0468853
4.875, 0.0467835
4.865, 0.0462728
4.87, 0.0465963
4.86, 0.0469994
4.98, 0.0454187
4.93, 0.0459346
4.89, 0.0458742
4.92, 0.0461927
4.91, 0.0462951
4.925, 0.0458514
4.915, 0.0461938
4.94, 0.0462197
4.935, 0.046149
4.945, 0.04571
4.95, 0.0452812
4.985, 0.0456249
4.99, 0.0456533
4.955, 0.0460841
4.96, 0.0454805
4.965, 0.0454114
4.97, 0.0455055
4.975, 0.0455859
4.995, 0.0446993
5.005, 0.0451657
5.01, 0.0450076
5.02, 0.0447696
5.015, 0.0448982
4.895, 0.0462824
4.905, 0.0463304
5.035, 0.0446415
5.055, 0.0443545
5.06, 0.0448173
5.065, 0.0447069
5.05, 0.0445173
5.04, 0.0445873
5.025, 0.0451566
5.03, 0.0452715
4.9, 0.0467281
5.045, 0.0445065
5.09, 0.0440402
5.085, 0.0445291
5.095, 0.0440467
5.08, 0.0450261
5.075, 0.0447935
5.07, 0.0439103
5.105, 0.0436911
5.13, 0.0436443
5.12, 0.0443705
5.125, 0.0439266
5.115, 0.0440649
5.135, 0.0436098
5.11, 0.0436591
5.1, 0.04427
5.15, 0.0434987
5.16, 0.0431566
5.145, 0.0437041
5.175, 0.0432907
5.14, 0.0436425
5.2, 0.0426258
5.235, 0.0427629
5.215, 0.0425185
5.195, 0.0427673
5.18, 0.0429079
5.19, 0.0429155
5.185, 0.0431912
5.205, 0.0433475
5.225, 0.0426282
5.22, 0.0423899
5.25, 0.0427838
5.23, 0.0427393
5.245, 0.0421884
5.24, 0.0425423
5.21, 0.0433351
5.155, 0.0431508
5.255, 0.0425354
5.3, 0.0418821
5.295, 0.0421156
5.265, 0.0422424
5.29, 0.0418288
5.165, 0.0430736
5.27, 0.0424688
5.26, 0.0419664
5.285, 0.0416897
5.35, 0.0415308
5.33, 0.0417313
5.32, 0.0416426
5.325, 0.0416067
5.28, 0.0419152
5.335, 0.0412897
5.275, 0.0418059
5.345, 0.0413079
5.315, 0.041927
5.34, 0.0417061
5.375, 0.0408168
5.395, 0.0410088
5.36, 0.0413472
5.365, 0.0416499
5.39, 0.041086
5.38, 0.0409771
5.405, 0.0407024
5.37, 0.0408626
5.385, 0.0410385
5.355, 0.0409652
5.45, 0.0405297
5.4, 0.0411558
5.305, 0.0413034
5.455, 0.040301
5.435, 0.0403757
5.43, 0.0409018
5.42, 0.040349
5.445, 0.0404637
5.41, 0.0406628
5.44, 0.0408658
5.425, 0.0403523
5.415, 0.0404078
5.46, 0.0403892
5.17, 0.0430723
5.505, 0.0400891
5.51, 0.0404478
5.495, 0.0400437
5.5, 0.0399255
5.49, 0.0400539
5.485, 0.0400268
5.465, 0.039859
5.56, 0.0392888
5.555, 0.0395883
5.55, 0.0394379
5.53, 0.0396622
5.475, 0.0400279
5.48, 0.0402041
5.47, 0.0401286
5.545, 0.0391156
5.54, 0.0394037
5.31, 0.0418567
5.535, 0.0398246
5.585, 0.0389769
5.58, 0.0390458
5.575, 0.0393653
5.52, 0.0397599
5.515, 0.0396942
5.525, 0.0398318
5.565, 0.0393265
5.57, 0.0393608
5.59, 0.0389987
5.6, 0.0386303
5.595, 0.0389274
5.61, 0.0387109
5.66, 0.0385365
5.605, 0.0387307
5.92, 0.0365666
5.64, 0.0387096
5.63, 0.0384606
5.635, 0.0387828
5.625, 0.0385191
5.615, 0.039202
5.645, 0.038766
5.65, 0.0384301
5.655, 0.0383646
5.67, 0.0383443
5.705, 0.038005
5.685, 0.0383989
5.69, 0.0381457
5.68, 0.0383038
5.7, 0.037675
5.675, 0.0383444
5.665, 0.0387239
5.695, 0.0382338
5.74, 0.0374342
5.75, 0.0376206
5.83, 0.0369926
5.735, 0.0382441
5.815, 0.0375438
5.73, 0.0377244
5.755, 0.0376259
5.77, 0.0370357
5.805, 0.0371029
5.81, 0.0369991
5.82, 0.0372043
5.825, 0.0373184
5.85, 0.0365293
5.845, 0.0366228
5.835, 0.0372562
5.765, 0.0374933
5.84, 0.0365208
5.76, 0.0374076
5.88, 0.0368438
5.855, 0.0366296
5.745, 0.0373402
5.885, 0.0367918
5.905, 0.0362649
5.865, 0.0366718
5.9, 0.0363445
5.87, 0.0363808
5.91, 0.036348
5.89, 0.0366425
5.875, 0.0370481
5.86, 0.0368462
5.8, 0.0375973
5.795, 0.0375668
5.895, 0.0369423
5.915, 0.0366184
5.95, 0.0361417
5.71, 0.0383294
5.79, 0.0374674
5.785, 0.0376515
5.945, 0.0361999
5.78, 0.0377087
5.775, 0.0372296
5.96, 0.0355816
5.725, 0.0378589
5.955, 0.0361181
5.72, 0.0377132
5.93, 0.03619
5.715, 0.0380418
5.965, 0.0358304
5.94, 0.0358755
5.935, 0.0356732
5.925, 0.0359548
5.975, 0.0356941
5.97, 0.0355975
5.995, 0.0355639
5.98, 0.0359234
5.985, 0.0357546
5.99, 0.0357648
6, 0.0354632
6.055, 0.0351788
6.01, 0.0358114
6.005, 0.0357083
6.015, 0.0354284
6.02, 0.035533
6.025, 0.0354579
6.04, 0.0356816
6.035, 0.0352206
6.05, 0.035271
6.03, 0.0353625
6.045, 0.0353122
6.06, 0.0353467
6.065, 0.0350263
6.08, 0.0350506
6.09, 0.0353408
6.085, 0.0347737
6.07, 0.0349653
6.095, 0.0347404
6.1, 0.0348212
6.105, 0.0349967
6.075, 0.0349935
6.125, 0.0346763
6.15, 0.0343591
6.11, 0.0350763
6.145, 0.0342882
6.155, 0.034924
6.14, 0.0346887
6.115, 0.0347591
6.16, 0.0343518
6.17, 0.034215
6.175, 0.0344885
6.165, 0.0345002
6.19, 0.0340239
6.185, 0.0340661
6.18, 0.0337627
6.195, 0.0337505
6.205, 0.0340665
6.2, 0.0339579
6.135, 0.0347779
6.225, 0.0339509
6.245, 0.0337915
6.25, 0.0338703
6.235, 0.0339262
6.13, 0.0346815
6.255, 0.0338671
6.26, 0.0334632
6.24, 0.0338177
6.265, 0.0337448
6.295, 0.0334265
6.3, 0.0333028
6.29, 0.0331923
6.285, 0.0333478
6.275, 0.0338448
6.21, 0.0340323
6.28, 0.0331584
6.22, 0.0338684
6.31, 0.0332138
6.215, 0.0340439
6.325, 0.033141
6.32, 0.0334554
6.23, 0.0338705
6.33, 0.0333129
6.335, 0.0330546
6.315, 0.0331793
6.27, 0.0337493
6.305, 0.0330113
6.345, 0.0331272
6.35, 0.0327892
6.355, 0.0328313
6.34, 0.0330306
6.36, 0.0330899
6.365, 0.0328855
6.39, 0.0328603
6.41, 0.0325196
6.38, 0.0327747
6.405, 0.0327959
6.385, 0.0327365
6.4, 0.0328942
6.415, 0.0327869
6.395, 0.0332876
6.42, 0.0324723
6.425, 0.0324143
6.44, 0.0323348
6.43, 0.032589
6.455, 0.0319665
6.45, 0.0323845
6.445, 0.0323643
6.465, 0.0320501
6.37, 0.0331188
6.51, 0.0320187
6.5, 0.0321168
6.49, 0.0323471
6.505, 0.0323219
6.485, 0.0318899
6.535, 0.0319358
6.495, 0.0316785
6.53, 0.0317543
6.525, 0.0317621
6.48, 0.0322167
6.375, 0.0329716
6.585, 0.031457
6.565, 0.0318902
6.545, 0.0316708
6.58, 0.0316655
6.46, 0.0321388
6.55, 0.0317376
6.54, 0.0314499
6.56, 0.0314632
6.47, 0.0325143
6.57, 0.0320386
6.555, 0.0313993
6.515, 0.0319065
6.575, 0.0315417
6.52, 0.0317787
6.615, 0.0311393
6.6, 0.031325
6.605, 0.031451
6.61, 0.0312498
6.595, 0.0313982
6.645, 0.0310167
6.435, 0.0323308
6.66, 0.0309459
6.655, 0.0307841
6.65, 0.0309216
6.635, 0.0310008
6.62, 0.0312056
6.64, 0.0306483
6.625, 0.0312542
6.63, 0.0309153
6.59, 0.031525
6.475, 0.0321634
6.665, 0.0305386
6.675, 0.0312625
6.705, 0.0307207
6.71, 0.0309386
6.735, 0.0302752
6.74, 0.030263
6.685, 0.0307493
6.69, 0.0311703
6.68, 0.0310319
6.695, 0.0308043
6.73, 0.0302613
6.7, 0.0310682
6.755, 0.0301278
6.75, 0.0306186
6.77, 0.0301861
6.76, 0.0302338
6.765, 0.0303871
6.725, 0.0306703
6.72, 0.030537
6.78, 0.0303555
6.745, 0.030385
6.775, 0.0303133
6.67, 0.0308936
6.79, 0.0299927
6.795, 0.0304063
6.715, 0.0302825
6.785, 0.0303971
6.82, 0.0298336
6.8, 0.0299512
6.81, 0.0296402
6.805, 0.03015
6.815, 0.0300782
6.87, 0.0294206
6.83, 0.0299404
6.845, 0.0299947
6.825, 0.0301182
6.85, 0.0297321
6.855, 0.0297424
6.86, 0.0296524
6.84, 0.030131
6.865, 0.029608
6.875, 0.029754
6.88, 0.0296447
6.905, 0.0294172
6.915, 0.0297797
6.925, 0.0289699
6.92, 0.0292916
6.89, 0.0294954
6.885, 0.0296057
6.91, 0.0296593
6.895, 0.0294948
6.9, 0.0298517
6.965, 0.0290871
6.975, 0.0291297
6.95, 0.0292909
6.94, 0.0292129
6.97, 0.0287631
6.93, 0.0290247
6.945, 0.0289531
6.955, 0.0291074
6.96, 0.0291814
6.935, 0.0290929
7.065, 0.0285374
6.835, 0.0298666
7.045, 0.0285919
7.055, 0.0284622
7.08, 0.0279805
7.075, 0.02851
7.12, 0.0278105
7.11, 0.028149
7.085, 0.028363
7.09, 0.0283611
7.025, 0.0290858
7.115, 0.0280495
7.07, 0.0288598
7.06, 0.0285439
7.05, 0.02888
7, 0.0287017
6.995, 0.0287564
6.98, 0.0291933
7.135, 0.0281383
7.02, 0.0286759
7.04, 0.028865
7.13, 0.028382
7.125, 0.0283995
7.015, 0.0285408
7.145, 0.0279126
7.14, 0.0278856
7.005, 0.0287723
7.01, 0.0289519
7.035, 0.0287966
7.03, 0.0284644
7.15, 0.0280974
7.095, 0.0281847
7.165, 0.0278699
7.16, 0.0281518
7.105, 0.0283383
7.18, 0.0278795
7.1, 0.0279602
7.155, 0.0281036
6.985, 0.0289575
7.17, 0.0279894
7.175, 0.0279405
6.99, 0.0290613
7.195, 0.0276004
7.2, 0.0279312
7.185, 0.0276988
7.19, 0.0277963
7.21, 0.0277088
7.22, 0.0275861
7.215, 0.0277932
7.23, 0.0278565
7.205, 0.0277765
7.225, 0.0275835
7.24, 0.0272423
7.245, 0.0277982
7.27, 0.0272552
7.25, 0.0271972
7.255, 0.0276008
7.265, 0.0275582
7.26, 0.0275059
7.29, 0.0272275
7.285, 0.0270541
7.295, 0.0272922
7.28, 0.0272408
7.275, 0.0274115
7.3, 0.027212
7.31, 0.0272397
7.315, 0.0270836
7.235, 0.0273712
7.32, 0.0273352
7.325, 0.027238
7.345, 0.0270686
7.35, 0.0268305
7.33, 0.0268638
7.385, 0.026688
7.38, 0.0267313
7.39, 0.0267256
7.36, 0.0269071
7.375, 0.0266641
7.4, 0.0268058
7.41, 0.0268895
7.335, 0.0272643
7.425, 0.0264895
7.43, 0.0266758
7.355, 0.026947
7.46, 0.0263268
7.34, 0.0269938
7.485, 0.0264205
7.49, 0.0260442
7.415, 0.0265865
7.505, 0.0262933
7.395, 0.0269118
7.53, 0.0260767
7.535, 0.0257688
7.45, 0.0263131
7.475, 0.0263548
7.445, 0.0263829
7.545, 0.0262194
7.47, 0.0264243
7.48, 0.0258623
7.405, 0.0267533
7.54, 0.0260095
7.62, 0.0256878
7.495, 0.02666
7.515, 0.026108
7.55, 0.0260769
7.56, 0.0259001
7.42, 0.0266386
7.555, 0.0260461
7.57, 0.0260672
7.455, 0.0262694
7.5, 0.026183
7.51, 0.0262456
7.565, 0.0256494
7.44, 0.0263872
7.525, 0.0261496
7.52, 0.0260266
7.465, 0.0262888
7.615, 0.0258805
7.63, 0.0255776
7.655, 0.0256567
7.61, 0.0258342
7.67, 0.0252954
7.675, 0.0254505
7.435, 0.0265363
7.705, 0.0252543
7.72, 0.0252197
7.71, 0.0253335
7.725, 0.0253267
7.7, 0.0254966
7.695, 0.0253078
7.715, 0.0249145
7.625, 0.0256119
7.68, 0.0254484
7.685, 0.0246972
7.575, 0.0256732
7.745, 0.0246369
7.76, 0.0247444
7.735, 0.0249801
7.765, 0.0250879
7.77, 0.0249873
7.645, 0.0254347
4.85, 0.0469685
7.69, 0.0251631
7.64, 0.0256387
4.84, 0.0465644
7.635, 0.0256376
7.65, 0.0253461
4.855, 0.0468984
7.795, 0.0247422
4.845, 0.0470438
7.805, 0.0245958
7.73, 0.0253414
7.815, 0.0249007
7.58, 0.0261553
7.81, 0.0249247
7.585, 0.0258828
7.66, 0.0256401
7.82, 0.0247094
7.75, 0.0253393
7.59, 0.0258678
7.595, 0.0260564
7.775, 0.0249728
7.8, 0.024586
7.785, 0.0251178
7.665, 0.0256441
7.83, 0.0246152
7.825, 0.024642
7.835, 0.0244112
7.84, 0.0243592
7.74, 0.0249526
7.79, 0.0246647
7.855, 0.0244075
7.85, 0.0246244
7.755, 0.0249945
7.78, 0.0246361
7.86, 0.0245319
7.875, 0.0245204
7.87, 0.0245206
7.845, 0.024548
7.915, 0.0245008
7.88, 0.0246248
7.865, 0.0246794
7.95, 0.0241415
7.89, 0.0244995
7.895, 0.0241289
7.92, 0.0241849
7.885, 0.0241816
7.9, 0.0242306
7.91, 0.0243929
7.905, 0.0242136
7.935, 0.0240076
7.945, 0.024052
7.94, 0.0243074
7.955, 0.0239062
7.965, 0.0243467
7.96, 0.0242624
7.97, 0.0241123
7.975, 0.0240287
7.93, 0.0243177
7.925, 0.0244465
7.98, 0.0239706
7.605, 0.025783
7.99, 0.0242544
7.995, 0.0239728
8.015, 0.0239003
8.01, 0.023896
7.985, 0.0241152
8.005, 0.0237613
8.035, 0.0237569
7.6, 0.02578
8.045, 0.0236686
8.04, 0.023589
8.03, 0.0238364
8.09, 0.0235304
8.05, 0.023733
8.085, 0.0238995
8.055, 0.0238602
8.06, 0.0237376
8.095, 0.0233548
8.07, 0.0235342
8.08, 0.0233111
8.195, 0.0231148
8.075, 0.0238563
8.065, 0.0236143
8.175, 0.0229323
8.14, 0.0233339
8.12, 0.0230083
8.11, 0.0234558
8.13, 0.0234091
8.135, 0.0233587
8.125, 0.023429
8.145, 0.023409
8.115, 0.0233809
8.1, 0.0236856
8.16, 0.0230029
8.265, 0.0228197
8.27, 0.0227601
8.26, 0.022868
8, 0.0241596
8.165, 0.0231091
8.17, 0.0232236
8.255, 0.02277
8.15, 0.0233638
8.25, 0.022739
8.105, 0.023528
8.295, 0.022635
8.155, 0.0234
8.215, 0.023233
8.245, 0.0230027
8.24, 0.0231191
8.02, 0.0239594
8.225, 0.0230483
8.22, 0.0230066
8.23, 0.0231091
8.235, 0.0229448
8.18, 0.0232441
8.19, 0.0235212
8.2, 0.0231965
8.185, 0.023053
8.205, 0.0228379
8.21, 0.0232288
8.34, 0.0224924
8.345, 0.0223862
8.325, 0.0225773
8.33, 0.0226836
8.29, 0.022853
4.885, 0.0465822
8.32, 0.0226072
8.025, 0.024102
8.285, 0.0228595
8.435, 0.0223884
8.445, 0.0223091
8.44, 0.0223814
8.28, 0.0225107
8.275, 0.0231088
8.35, 0.0220709
8.355, 0.02219
8.36, 0.0224503
8.315, 0.0228155
8.31, 0.0227977
8.305, 0.0227013
5, 0.0450532
8.42, 0.0223162
8.3, 0.0227918
8.425, 0.022095
8.365, 0.0224203
8.43, 0.0221033
8.335, 0.0224418
8.39, 0.0221334
8.395, 0.0223288
8.4, 0.022296
8.37, 0.0223523
8.375, 0.0221525
8.475, 0.0222623
8.38, 0.0222731
8.385, 0.0222664
8.405, 0.0222302
8.415, 0.0221532
8.41, 0.02237
8.485, 0.0219724
8.495, 0.0220657
8.48, 0.0221497
8.49, 0.0222464
8.45, 0.0221486
8.455, 0.0222206
8.47, 0.0218189
8.465, 0.0220604
8.51, 0.0217845
8.515, 0.0219701
8.5, 0.0219448
8.46, 0.0221663
8.505, 0.0218055
8.52, 0.0217919
8.54, 0.0216886
8.535, 0.0217667
8.545, 0.0217469
8.555, 0.02142
8.57, 0.021832
8.56, 0.0215467
8.565, 0.0219968
8.55, 0.0218938
8.575, 0.0216803
8.58, 0.0214463
8.53, 0.0216261
8.59, 0.0215432
8.6, 0.0214253
8.595, 0.0214414
8.61, 0.0215265
8.585, 0.0214898
8.615, 0.0214019
8.63, 0.0216001
8.62, 0.0212734
8.625, 0.0213844
8.67, 0.0213704
8.525, 0.0218593
8.64, 0.0214286
8.665, 0.0214003
8.695, 0.0213425
8.69, 0.0210894
8.65, 0.0210598
8.645, 0.0211955
8.685, 0.0212689
8.605, 0.0216648
8.71, 0.021018
8.715, 0.0212023
8.675, 0.0213502
8.725, 0.0210925
8.72, 0.0213021
8.735, 0.0210426
8.745, 0.0209897
8.75, 0.0210889
8.635, 0.021322
8.66, 0.0213936
8.655, 0.0213109
8.7, 0.0208846
8.68, 0.0215175
8.74, 0.0213976
8.765, 0.0208895
8.705, 0.0213992
8.78, 0.0209387
8.775, 0.0208436
8.835, 0.0206818
8.81, 0.0208136
8.84, 0.0208003
8.825, 0.0207076
8.815, 0.0208625
8.73, 0.0210574
8.83, 0.0208793
8.82, 0.0207149
8.845, 0.0205493
8.805, 0.020957
8.88, 0.0207393
8.875, 0.0207405
8.87, 0.0207706
8.865, 0.0204494
8.85, 0.0207658
8.8, 0.0211154
8.86, 0.0206332
8.855, 0.0206684
8.885, 0.0204738
8.9, 0.0205436
8.895, 0.0206518
8.93, 0.0202827
8.935, 0.0206493
8.76, 0.0209873
8.755, 0.0208967
8.96, 0.0203273
8.955, 0.0202218
8.965, 0.0203488
8.94, 0.0203362
8.91, 0.0205121
8.975, 0.0204252
8.795, 0.0209053
8.79, 0.0205769
8.785, 0.0208243
9, 0.0202559
8.98, 0.020346
8.89, 0.0205023
8.99, 0.0201603
8.995, 0.0201391
9.02, 0.0200952
9.035, 0.019953
9.015, 0.0199678
8.945, 0.0202544
8.95, 0.0201236
8.97, 0.0203044
9.025, 0.0201648
9.03, 0.0202501
8.985, 0.0202495
9.01, 0.0202138
9.045, 0.0200194
9.04, 0.0203494
8.77, 0.0208032
9.065, 0.01984
9.05, 0.019877
9.075, 0.0200434
9.08, 0.0200291
9.055, 0.0199748
9.005, 0.0200806
9.06, 0.0201306
9.09, 0.0199956
9.085, 0.0198955
9.12, 0.0198607
9.1, 0.0196389
9.125, 0.0198314
9.095, 0.0199361
9.115, 0.0196585
9.105, 0.0197944
9.11, 0.0196305
9.14, 0.0196421
9.135, 0.0197013
9.15, 0.0195203
9.145, 0.0196797
9.165, 0.0198311
9.155, 0.0196635
9.13, 0.0200725
9.16, 0.0196989
9.17, 0.0193564
9.175, 0.0195668
9.18, 0.0195637
9.19, 0.019503
9.185, 0.0196089
9.22, 0.0195946
9.245, 0.0195537
9.24, 0.0193418
9.23, 0.0194271
9.235, 0.0195322
9.25, 0.0193695
9.195, 0.0195374
9.21, 0.0196727
9.2, 0.0194729
9.205, 0.0195379
9.385, 0.0190891
9.215, 0.0194952
9.47, 0.0187005
9.225, 0.0195214
9.485, 0.0186926
9.5, 0.0187524
9.48, 0.0187168
9.26, 0.0192854
9.265, 0.0194309
9.27, 0.0193987
9.255, 0.0193269
9.275, 0.0193617
9.46, 0.0185223
9.52, 0.0186344
9.53, 0.0184871
9.525, 0.0185421
9.3, 0.0191588
9.295, 0.0194947
9.29, 0.0191735
9.285, 0.0192238
9.28, 0.0193217
9.325, 0.0189073
9.315, 0.0193665
9.32, 0.0191852
9.31, 0.0191945
9.305, 0.0191455
9.37, 0.0190333
9.345, 0.0192195
9.365, 0.0192321
9.36, 0.0188427
9.35, 0.0189844
9.34, 0.0191455
9.33, 0.0192954
9.455, 0.0189601
9.355, 0.0190831
9.39, 0.0189983
9.375, 0.0189077
9.395, 0.0190676
9.405, 0.0186676
9.4, 0.0187421
9.41, 0.0188706
9.425, 0.0188935
9.56, 0.018337
9.555, 0.0185323
9.43, 0.0187912
9.335, 0.0192403
9.445, 0.0185881
9.44, 0.0186702
9.435, 0.0188108
9.465, 0.0187403
9.38, 0.0189689
9.45, 0.0187921
9.475, 0.0185597
6.12, 0.0350272
9.6, 0.0183182
9.595, 0.0184071
9.505, 0.0185778
9.625, 0.0181746
9.65, 0.0183377
9.42, 0.0188935
9.535, 0.0184404
9.565, 0.0185404
9.415, 0.0190396
9.49, 0.0184778
9.69, 0.0181141
9.495, 0.0185648
9.545, 0.0183232
9.55, 0.0183451
9.61, 0.0182484
9.605, 0.01823
9.54, 0.0184032
9.515, 0.0182918
9.685, 0.0181697
9.64, 0.018322
9.615, 0.0183378
9.645, 0.0182585
9.59, 0.0182177
9.695, 0.0180839
9.585, 0.0183749
9.58, 0.0185001
9.575, 0.0184372
9.655, 0.0182254
9.635, 0.0180793
9.62, 0.0183745
9.675, 0.0179903
9.66, 0.0181021
9.665, 0.0180917
9.63, 0.0181899
9.7, 0.0181077
9.68, 0.017965
9.705, 0.0179028
9.71, 0.0180506
9.73, 0.0179846
9.735, 0.018071
9.715, 0.0179566
9.72, 0.0177612
9.725, 0.0180294
9.745, 0.01793
9.74, 0.0177231
9.765, 0.0180514
9.755, 0.0178417
9.75, 0.017949
9.77, 0.0180295
9.78, 0.017888
9.775, 0.017668
9.8, 0.0179557
9.785, 0.0178132
9.79, 0.0175522
9.76, 0.0179541
9.795, 0.0177414
9.81, 0.0176805
9.82, 0.0177078
9.815, 0.0178574
9.825, 0.017731
9.84, 0.0175964
9.805, 0.0178514
9.835, 0.01797
9.845, 0.0176078
9.83, 0.0177294
9.88, 0.0175256
9.85, 0.0174921
9.86, 0.0175472
9.865, 0.0175336
9.9, 0.0175786
9.87, 0.0176396
9.91, 0.0172781
9.905, 0.017609
9.89, 0.0174731
9.875, 0.0175231
9.895, 0.0175836
9.885, 0.0175219
9.92, 0.0174158
9.915, 0.0176071
9.93, 0.0172615
9.925, 0.0174193
9.935, 0.0174204
9.94, 0.0172763
9.95, 0.017341
9.985, 0.0173895
9.98, 0.0173189
9.99, 0.0173136
10, 0.0172657
9.995, 0.0173003
9.975, 0.0171462
9.945, 0.0174518
9.955, 0.0173091
9.965, 0.0172334
9.96, 0.0172032
9.97, 0.0173768
9.855, 0.0176098
7.305, 0.0271253
7.365, 0.0266333
7.37, 0.02694
8.905, 0.0205192
8.925, 0.020206
8.92, 0.0207443
8.915, 0.0204248
9.07, 0.0202764
9.51, 0.0187211
9.57, 0.0185746
