0.02, 0, -0.803045
0.015, 0, -0.826333
0.05, 0, -0.903646
0.075, 0, -0.909561
0.065, 0, -0.907421
0.43, 0, -0.846058
0.45, 0, -0.842875
0.07, 0, -0.909052
0.185, 0, -0.895456
0.085, 0, -0.909621
0.14, 0, -0.906632
0.135, 0, -0.905431
0.055, 0, -0.908746
0.51, 0, -0.832307
0.08, 0, -0.909495
0.52, 0, -0.830583
0.435, 0, -0.845302
0.525, 0, -0.829748
0.3, 0, -0.867718
0.145, 0, -0.904466
0.515, 0, -0.831536
0.06, 0, -0.909301
0.445, 0, -0.843616
0.44, 0, -0.844502
0.13, 0, -0.90655
0.295, 0, -0.868637
0.12, 0, -0.907234
0.125, 0, -0.907664
0.26, 0, -0.874463
0.405, 0, -0.850424
0.265, 0, -0.873839
0.4, 0, -0.851195
0.395, 0, -0.852137
0.38, 0, -0.854428
0.29, 0, -0.869389
0.305, 0, -0.867058
0.475, 0, -0.838421
0.48, 0, -0.837507
0.39, 0, -0.85274
0.275, 0, -0.872146
0.385, 0, -0.853685
0.28, 0, -0.871223
0.415, 0, -0.848674
0.42, 0, -0.847911
0.27, 0, -0.873025
0.425, 0, -0.846954
0.285, 0, -0.87047
0.41, 0, -0.849445
0.89, 0, -0.76145
0.605, 0, -0.815239
0.635, 0, -0.80958
0.685, 0, -0.800244
0.61, 0, -0.814163
0.195, 0, -0.888809
0.19, 0, -0.889805
0.68, 0, -0.801127
0.645, 0, -0.807758
0.69, 0, -0.799307
0.21, 0, -0.884832
0.64, 0, -0.808616
0.675, 0, -0.802284
0.63, 0, -0.810599
0.945, 0, -0.751072
0.885, 0, -0.762549
1.005, 0, -0.740438
0.2, 0, -0.889302
0.975, 0, -0.745738
1, 0, -0.741144
0.99, 0, -0.743149
0.98, 0, -0.744659
0.985, 0, -0.743767
0.205, 0, -0.886217
1.01, 0, -0.739251
0.94, 0, -0.752165
0.615, 0, -0.81332
0.505, 0, -0.833234
0.485, 0, -0.836806
0.625, 0, -0.811431
0.935, 0, -0.753294
0.175, 0, -0.894566
0.5, 0, -0.834072
0.62, 0, -0.812293
0.865, 0, -0.766295
0.67, 0, -0.802826
0.495, 0, -0.835033
0.875, 0, -0.764214
0.88, 0, -0.763397
0.165, 0, -0.904036
0.155, 0, -0.901671
0.49, 0, -0.835937
1.075, 0, -0.727767
0.995, 0, -0.742064
0.655, 0, -0.805807
1.07, 0, -0.728634
0.665, 0, -0.803879
0.66, 0, -0.805
1.08, 0, -0.726973
0.16, 0, -0.904883
0.65, 0, -0.806815
0.15, 0, -0.90198
0.96, 0, -0.748638
0.955, 0, -0.749548
1.125, 0, -0.719088
0.97, 0, -0.746664
1.06, 0, -0.730318
0.04, 0, -0.893983
0.045, 0, -0.897988
1.055, 0, -0.731467
0.95, 0, -0.750307
0.035, 0, -0.895582
0.17, 0, -0.893363
1.045, 0, -0.733128
0.965, 0, -0.747613
1.065, 0, -0.729231
1.05, 0, -0.732157
0.92, 0, -0.756007
0.925, 0, -0.754862
0.915, 0, -0.756716
1.13, 0, -0.718187
1.135, 0, -0.717206
0.93, 0, -0.753909
1.14, 0, -0.71662
0.18, 0, -0.892915
0.03, 0, -0.851247
1.18, 0, -0.7096
0.025, 0, -0.770978
1.195, 0, -0.707063
1.2, 0, -0.706098
1.23, 0, -0.701258
1.025, 0, -0.736718
1.115, 0, -0.720734
1.11, 0, -0.721598
1.02, 0, -0.737776
0.465, 0, -0.840171
1.235, 0, -0.70017
1.015, 0, -0.738387
0.46, 0, -0.841103
0.47, 0, -0.839328
1.21, 0, -0.704586
1.215, 0, -0.703781
1.12, 0, -0.719863
1.22, 0, -0.702756
1.205, 0, -0.705402
1.225, 0, -0.701563
0.895, 0, -0.76064
0.01, 0, -0.750599
0.905, 0, -0.758752
0.9, 0, -0.759779
0.25, 0, -0.876675
0.36, 0, -0.857856
0.355, 0, -0.858718
0.235, 0, -0.879378
0.24, 0, -0.878307
0.225, 0, -0.881724
0.255, 0, -0.875908
0.35, 0, -0.859607
0.34, 0, -0.86126
0.365, 0, -0.857029
0.23, 0, -0.879694
0.345, 0, -0.860296
0.375, 0, -0.855272
0.1, 0, -0.909012
0.37, 0, -0.856193
0.32, 0, -0.864463
0.85, 0, -0.76892
0.315, 0, -0.86548
0.22, 0, -0.882268
0.11, 0, -0.90767
0.86, 0, -0.767103
0.31, 0, -0.866071
0.245, 0, -0.877414
0.855, 0, -0.76807
0.105, 0, -0.909339
0.325, 0, -0.863949
0.215, 0, -0.884318
0.335, 0, -0.862038
0.115, 0, -0.907496
0.33, 0, -0.862911
0.54, 0, -0.827032
0.535, 0, -0.827809
0.91, 0, -0.757732
0.585, 0, -0.81892
0.555, 0, -0.824447
0.53, 0, -0.828895
0.56, 0, -0.823489
0.55, 0, -0.825311
0.59, 0, -0.81802
0.545, 0, -0.82612
0.575, 0, -0.820688
0.76, 0, -0.785933
0.75, 0, -0.788078
0.82, 0, -0.77467
0.57, 0, -0.821553
0.755, 0, -0.787067
0.565, 0, -0.822731
0.825, 0, -0.773724
0.58, 0, -0.819698
0.745, 0, -0.788877
0.815, 0, -0.775553
0.74, 0, -0.789797
0.455, 0, -0.841948
0.81, 0, -0.776568
0.595, 0, -0.81697
0.6, 0, -0.816074
0.765, 0, -0.785138
0.78, 0, -0.78218
0.77, 0, -0.783991
0.8, 0, -0.778558
0.775, 0, -0.783148
0.725, 0, -0.792607
0.72, 0, -0.793535
0.73, 0, -0.791738
0.09, 0, -0.90945
0.715, 0, -0.794567
0.095, 0, -0.90914
0.835, 0, -0.771744
1.19, 0, -0.707819
0.71, 0, -0.795383
0.84, 0, -0.770848
0.7, 0, -0.797408
0.845, 0, -0.769905
0.705, 0, -0.796423
0.79, 0, -0.780372
0.795, 0, -0.779409
1.185, 0, -0.708717
1.04, 0, -0.733992
0.805, 0, -0.777458
1.24, 0, -0.699356
1.035, 0, -0.735091
1.03, 0, -0.73591
1.25, 0, -0.697547
1.245, 0, -0.698493
0.735, 0, -0.790787
0.785, 0, -0.781197
0.695, 0, -0.798282
0.005, 0, -0.709156
1.26, 0, -0.69575
1.265, 0, -0.695406
1.27, 0, -0.694403
1.275, 0, -0.693556
1.375, 0, -0.677452
1.305, 0, -0.688729
1.315, 0, -0.687166
1.295, 0, -0.690155
1.285, 0, -0.691937
1.31, 0, -0.688201
1.3, 0, -0.689506
1.32, 0, -0.686341
1.29, 0, -0.691519
1.28, 0, -0.693071
1.325, 0, -0.685471
1.365, 0, -0.679233
1.335, 0, -0.684074
1.37, 0, -0.678279
1.35, 0, -0.681625
1.345, 0, -0.682294
1.34, 0, -0.683055
1.355, 0, -0.680793
1.36, 0, -0.679966
1.33, 0, -0.684702
1.385, 0, -0.676187
1.38, 0, -0.677014
1.43, 0, -0.6692
1.42, 0, -0.670798
1.39, 0, -0.675205
1.425, 0, -0.669759
1.415, 0, -0.671508
1.475, 0, -0.662348
1.52, 0, -0.655506
1.525, 0, -0.654934
1.445, 0, -0.667015
1.44, 0, -0.667692
1.255, 0, -0.697006
1.55, 0, -0.651329
1.555, 0, -0.650639
1.56, 0, -0.649785
1.495, 0, -0.659117
1.565, 0, -0.648871
1.545, 0, -0.651587
1.41, 0, -0.672102
1.505, 0, -0.657695
1.5, 0, -0.65859
1.515, 0, -0.656468
1.405, 0, -0.67312
1.51, 0, -0.657124
1.395, 0, -0.674572
1.4, 0, -0.673998
1.46, 0, -0.664346
1.465, 0, -0.663869
1.45, 0, -0.66581
1.47, 0, -0.662908
1.645, 0, -0.637761
1.61, 0, -0.64257
5
1.62, 0, -0.640909
1.615, 0, -0.641796
1.695, 0, -0.630803
1.69, 0, -0.631216
2.015, 0, -0.590009
2, 0, -0.59211
1.7, 0, -0.630073
1.435, 0, -0.668299
2.005, 0, -0.591618
1.625, 0, -0.640805
2.01, 0, -0.590683
1.65, 0, -0.637062
1.965, 0, -0.596213
1.795, 0, -0.617202
1.93, 0, -0.600447
1.935, 0, -0.599894
1.785, 0, -0.618578
1.75, 0, -0.623379
1.755, 0, -0.62279
1.945, 0, -0.598249
1.94, 0, -0.599207
1.97, 0, -0.595546
1.49, 0, -0.66019
1.79, 0, -0.617918
1.96, 0, -0.596613
1.955, 0, -0.597005
1.895, 0, -0.604796
1.95, 0, -0.597518
1.89, 0, -0.605316
1.9, 0, -0.604045
1.485, 0, -0.660717
1.535, 0, -0.653448
1.57, 0, -0.648185
1.575, 0, -0.647759
1.48, 0, -0.66161
1.635, 0, -0.639202
2.31, 0, -0.557547
2.265, 0, -0.562134
2.295, 0, -0.558361
2.345, 0, -0.553538
2.34, 0, -0.554153
2.26, 0, -0.5624
2.3, 0, -0.558327
2.27, 0, -0.561029
2.305, 0, -0.557558
2.315, 0, -0.556154
1.64, 0, -0.638132
1.605, 0, -0.643348
1.585, 0, -0.646448
1.905, 0, -0.603012
1.58, 0, -0.647091
1.91, 0, -0.602962
2.29, 0, -0.559071
1.66, 0, -0.635434
1.665, 0, -0.634831
1.78, 0, -0.619744
1.915, 0, -0.602316
1.67, 0, -0.634152
1.925, 0, -0.601064
2.28, 0, -0.56022
2.275, 0, -0.561322
2.285, 0, -0.559617
1.88, 0, -0.606403
1.875, 0, -0.607147
1.675, 0, -0.633548
1.92, 0, -0.601489
1.76, 0, -0.621799
1.77, 0, -0.62079
1.775, 0, -0.619908
1.765, 0, -0.621467
1.685, 0, -0.63245
1.54, 0, -0.652613
1.98, 0, -0.594086
1.99, 0, -0.592773
1.985, 0, -0.593712
1.885, 0, -0.606049
1.975, 0, -0.595232
2.215, 0, -0.567261
2.21, 0, -0.567965
1.995, 0, -0.592601
2.205, 0, -0.568544
1.53, 0, -0.654276
2.255, 0, -0.563312
2.32, 0, -0.556342
1.595, 0, -0.644763
1.59, 0, -0.64589
1.745, 0, -0.62381
1.85, 0, -0.61019
2.15, 0, -0.574669
1.6, 0, -0.643867
1.735, 0, -0.625503
1.73, 0, -0.626058
2.165, 0, -0.573092
1.865, 0, -0.608585
2.2, 0, -0.568767
1.74, 0, -0.624551
2.14, 0, -0.57536
8
2.19, 0, -0.570516
2.185, 0, -0.570802
1.855, 0, -0.609543
2.13, 0, -0.576924
2.145, 0, -0.575349
2.135, 0, -0.576582
1.725, 0, -0.626693
1.86, 0, -0.609056
1.825, 0, -0.61331
2.17, 0, -0.572227
1.815, 0, -0.614674
2.18, 0, -0.571298
2.175, 0, -0.57175
2.09, 0, -0.581338
1.82, 0, -0.614328
2.08, 0, -0.582763
1.81, 0, -0.615935
1.84, 0, -0.611991
1.835, 0, -0.612277
2.075, 0, -0.583157
2.085, 0, -0.581965
1.715, 0, -0.62831
1.845, 0, -0.611093
1.805, 0, -0.616057
1.8, 0, -0.616531
1.705, 0, -0.629574
1.71, 0, -0.628611
2.105, 0, -0.579302
2.065, 0, -0.584222
2.095, 0, -0.580911
1.63, 0, -0.639904
1.72, 0, -0.627083
2.07, 0, -0.583627
2.06, 0, -0.584884
2.1, 0, -0.580354
2.055, 0, -0.585594
1.83, 0, -0.612823
2.115, 0, -0.578214
2.12, 0, -0.577782
2.11, 0, -0.579034
2.05, 0, -0.586147

2.35, 0, -0.553385
2.36, 0, -0.551913
2.04, 0, -0.587091
2.045, 0, -0.586371
2.155, 0, -0.573683
2.355, 0, -0.552952
2.33, 0, -0.555234
2.365, 0, -0.551433
2.16, 0, -0.572797
2.335, 0, -0.554497
2.235, 0, -0.56469
2.23, 0, -0.565848
2.02, 0, -0.589427
2.035, 0, -0.587997
2.03, 0, -0.588017
2.025, 0, -0.588949
1.68, 0, -0.632982
2.37, 0, -0.551048
2.225, 0, -0.565764
2.25, 0, -0.563343
2.22, 0, -0.566953
2.425, 0, -0.545308
2.385, 0, -0.549475
2.415, 0, -0.546605
2.41, 0, -0.54682
2.42, 0, -0.545833
2.405, 0, -0.547444
2.325, 0, -0.555666
2.24, 0, -0.564328
2.375, 0, -0.550245
2.245, 0, -0.564199
2.38, 0, -0.54936
2.39, 0, -0.54913
2.4, 0, -0.547756
2.395, 0, -0.548272
2.43, 0, -0.545023
2.435, 0, -0.544075
2.44, 0, -0.54361
2.51, 0, -0.537345
2.515, 0, -0.536432
2.445, 0, -0.543374
2.485, 0, -0.539424
2.495, 0, -0.538296
2.5, 0, -0.537983
2.455, 0, -0.542386
2.48, 0, -0.539571
2.47, 0, -0.540542
2.475, 0, -0.540109
2.49, 0, -0.538529
2.56, 0, -0.532162
2.465, 0, -0.54122
2.46, 0, -0.541623
2.52, 0, -0.535973
2.53, 0, -0.535177
2.525, 0, -0.535029
2.54, 0, -0.534078
2.535, 0, -0.534217
2.45, 0, -0.54315
2.545, 0, -0.53333
2.555, 0, -0.532519
2.55, 0, -0.533353
2.565, 0, -0.531938
2.57, 0, -0.531212
2.575, 0, -0.530864
2.585, 0, -0.529439
2.605, 0, -0.527618
2.61, 0, -0.528001
2.6, 0, -0.528267
2.595, 0, -0.528985
2.59, 0, -0.529641
2.62, 0, -0.526252
2.625, 0, -0.525793
2.63, 0, -0.525469
2.645, 0, -0.524128
2.635, 0, -0.5251
2.655, 0, -0.523292
2.65, 0, -0.523619
2.675, 0, -0.521449
2.69, 0, -0.520107
2.64, 0, -0.524593
2.68, 0, -0.521421
2.505, 0, -0.537347
2.685, 0, -0.520944
2.67, 0, -0.521577
2.58, 0, -0.530395
2.665, 0, -0.522093
2.66, 0, -0.522768
2.695, 0, -0.519764
2.7, 0, -0.519127
2.705, 0, -0.518437
2.71, 0, -0.517858
2.715, 0, -0.517757
2.615, 0, -0.526456
3.175, 0, -0.47963
2.74, 0, -0.51544
2.735, 0, -0.515679
2.72, 0, -0.517105
2.775, 0, -0.512773
3.08, 0, -0.48655
3.24, 0, -0.474899
2.94, 0, -0.498564
3.09, 0, -0.486078
3.25, 0, -0.474058
3.085, 0, -0.486432
3.21, 0, -0.476823
2.945, 0, -0.497692
2.95, 0, -0.497309
3.095, 0, -0.485697
3.245, 0, -0.474225
3.205, 0, -0.476619
3.2, 0, -0.47763
68
2.9, 0, -0.502024
3.05, 0, -0.489338
3.04, 0, -0.489806
2.925, 0, -0.499387
2.845, 0, -0.505453
2.915, 0, -0.500069
2.835, 0, -0.506817
2.84, 0, -0.506933
2.935, 0, -0.498812
3.305, 0, -0.470217
2.92, 0, -0.499841
2.93, 0, -0.499083
3.03, 0, -0.490939
3.025, 0, -0.491792
3.195, 0, -0.478223
3.035, 0, -0.490316
3.295, 0, -0.47023
3.3, 0, -0.470515
3.185, 0, -0.478783
3.19, 0, -0.478334
3.18, 0, -0.47915
3.435, 0, -0.460631
3.34, 0, -0.467187
3.45, 0, -0.459393
3.405, 0, -0.462385
3.44, 0, -0.459878
3.335, 0, -0.467979
3.345, 0, -0.467037
3.445, 0, -0.459585
3.395, 0, -0.463396
3.4, 0, -0.462853
2.755, 0, -0.514449
3.33, 0, -0.467912
2.76, 0, -0.513699
2.765, 0, -0.513391
3.065, 0, -0.488023
2.73, 0, -0.516256
3.055, 0, -0.489119
3.06, 0, -0.488399
3.07, 0, -0.487637
3.075, 0, -0.487126
3.255, 0, -0.473543
3.235, 0, -0.474806
3.23, 0, -0.475523
3.265, 0, -0.472312
3.27, 0, -0.471944
3.215, 0, -0.476461
3.225, 0, -0.475747
3.29, 0, -0.470632
3.285, 0, -0.471308
3.22, 0, -0.476339
3.275, 0, -0.471947
3.28, 0, -0.471895
3.375, 0, -0.46473
3.39, 0, -0.46356
3.38, 0, -0.464535
3.385, 0, -0.463756
3.415, 0, -0.462069
3.42, 0, -0.461472
3.43, 0, -0.460774
3.41, 0, -0.462337
2.78, 0, -0.511937
3.425, 0, -0.461278
2.905, 0, -0.501436
2.785, 0, -0.510962
2.745, 0, -0.514958
2.75, 0, -0.514635
3.045, 0, -0.489265
2.91, 0, -0.500775
2.725, 0, -0.516665
3.37, 0, -0.465047
2.82, 0, -0.508787
2.825, 0, -0.507719
2.83, 0, -0.50796
3.315, 0, -0.469039
3.31, 0, -0.469168
3.325, 0, -0.468441
3.32, 0, -0.468975
2.885, 0, -0.502889
2.88, 0, -0.503145
3, 0, -0.493464
2.87, 0, -0.504709
2.89, 0, -0.502527
3.12, 0, -0.483845
3.02, 0, -0.491841
2.99, 0, -0.494556
2.985, 0, -0.494603
3.13, 0, -0.482553
3.115, 0, -0.484087
2.995, 0, -0.493744
2.865, 0, -0.505038
3.005, 0, -0.49307
2.875, 0, -0.503888
3.15, 0, -0.481421
2.97, 0, -0.49564
3.105, 0, -0.48499
3.01, 0, -0.493128
3.355, 0, -0.466085
2.85, 0, -0.506348
3.36, 0, -0.465585
2.855, 0, -0.505305
3.11, 0, -0.484453
3.14, 0, -0.482326
3.1, 0, -0.485021
3.365, 0, -0.465381
2.96, 0, -0.496886
3.125, 0, -0.483491
2.955, 0, -0.49681

3.145, 0, -0.481878
3.165, 0, -0.480115
3.135, 0, -0.482616
3.16, 0, -0.480526
2.965, 0, -0.496396
2.86, 0, -0.505155
3.155, 0, -0.481131
2.975, 0, -0.495234
3.17, 0, -0.479857
2.98, 0, -0.495117
3.525, 0, -0.454264
3.53, 0, -0.453918
3.545, 0, -0.453059
3.555, 0, -0.452278
3.55, 0, -0.45258
3.56, 0, -0.452131
3.565, 0, -0.451744
3.52, 0, -0.454138
3.535, 0, -0.452946
3.515, 0, -0.455063
2.81, 0, -0.509209
3.54, 0, -0.453052
3.57, 0, -0.451267
2.815, 0, -0.509144
2.805, 0, -0.51007
3.465, 0, -0.458431
2.77, 0, -0.512995
2.8, 0, -0.510462
3.46, 0, -0.458875
3.475, 0, -0.457626
3.48, 0, -0.45742
3.455, 0, -0.459249
3.485, 0, -0.456852
3.47, 0, -0.458012
3.495, 0, -0.456452
3.505, 0, -0.455869
3.5, 0, -0.456087
2.795, 0, -0.510359
2.79, 0, -0.510695
3.51, 0, -0.455125
3.35, 0, -0.466574
3.575, 0, -0.450939
3.49, 0, -0.456669
3.585, 0, -0.450066
3.58, 0, -0.450841
3.59, 0, -0.450493
3.605, 0, -0.448644
3.595, 0, -0.450031
3.6, 0, -0.448748
3.62, 0, -0.447615
3.615, 0, -0.448205
3.61, 0, -0.448484
3.625, 0, -0.447101
3.63, 0, -0.44691
1.085, 0, -0.726021
1.09, 0, -0.72517
1.095, 0, -0.724344
1.175, 0, -0.71016
1.145, 0, -0.715292
1.155, 0, -0.714043
1.165, 0, -0.712044
1.16, 0, -0.712788
1.15, 0, -0.714758
1.17, 0, -0.711462
1.105, 0, -0.722627
1.1, 0, -0.723376
3.64, 0, -0.446313
3.685, 0, -0.44316
3.665, 0, -0.44505
3.68, 0, -0.443735
3.65, 0, -0.446007
3.67, 0, -0.444861
3.655, 0, -0.445545
3.66, 0, -0.444926
3.675, 0, -0.444353
3.645, 0, -0.446406
3.71, 0, -0.442006
3.695, 0, -0.443274
3.7, 0, -0.442649
3.705, 0, -0.442511
3.765, 0, -0.438213
3.725, 0, -0.440859
3.72, 0, -0.441299
3.735, 0, -0.440477
3.75, 0, -0.439279
3.745, 0, -0.439543
3.74, 0, -0.43951
3.715, 0, -0.44146
3.755, 0, -0.438755
3.77, 0, -0.43808
3.76, 0, -0.438227
3.635, 0, -0.446895
3.78, 0, -0.437587
3.775, 0, -0.437932
3.795, 0, -0.435996
3.69, 0, -0.443353
3.79, 0, -0.43705
3.8, 0, -0.436361
3.81, 0, -0.435311
3.82, 0, -0.4352
3.815, 0, -0.435343
3.805, 0, -0.435696
3.785, 0, -0.437021
3.86, 0, -0.432403
3.845, 0, -0.433605
3.85, 0, -0.433073
3.855, 0, -0.432738
3.835, 0, -0.434089
3.84, 0, -0.433849
3.73, 0, -0.440387
3.83, 0, -0.434344
3.865, 0, -0.432412
3.87, 0, -0.431957
3.88, 0, -0.431098
3.875, 0, -0.43145
3.895, 0, -0.430225
3.885, 0, -0.431098
3.825, 0, -0.434364
3.9, 0, -0.429596
3.905, 0, -0.429659
3.915, 0, -0.429598
3.92, 0, -0.42872
3.91, 0, -0.429586
3.89, 0, -0.430681
3.925, 0, -0.428791
3.94, 0, -0.427774
3.975, 0, -0.425472
3.955, 0, -0.426916
3.945, 0, -0.427261
3.935, 0, -0.428313
3.95, 0, -0.426551
3.96, 0, -0.426824
3.965, 0, -0.426247
3.97, 0, -0.426116
4.08, 0, -0.419408
4.07, 0, -0.42034
4.065, 0, -0.420691
4.075, 0, -0.419168
4.06, 0, -0.420256
4.055, 0, -0.420691
4.05, 0, -0.42089
4.035, 0, -0.422072
4.045, 0, -0.42167
3.985, 0, -0.425022
4.1, 0, -0.418533
4.105, 0, -0.418018
4.03, 0, -0.422163
3.99, 0, -0.424371
4.005, 0, -0.423661
3.93, 0, -0.428374
4, 0, -0.423778
3.995, 0, -0.424271
4.095, 0, -0.419073
3.98, 0, -0.425191
4.04, 0, -0.42173
4.085, 0, -0.419056
4.01, 0, -0.423277
4.09, 0, -0.418522
4.02, 0, -0.422978
4.025, 0, -0.422886
4.15, 0, -0.415199
4.21, 0, -0.411869
4.185, 0, -0.4135
4.19, 0, -0.412778
4.015, 0, -0.423337
4.145, 0, -0.415522
4.195, 0, -0.412645
4.18, 0, -0.413379
4.205, 0, -0.411892
4.13, 0, -0.417047
4.2, 0, -0.412237
4.135, 0, -0.416203
4.17, 0, -0.414642
4.175, 0, -0.413885
4.165, 0, -0.414119
4.155, 0, -0.414555
4.16, 0, -0.414626
4.14, 0, -0.415921
4.24, 0, -0.409955
4.235, 0, -0.410301
4.23, 0, -0.410796
4.11, 0, -0.417459
4.28, 0, -0.407966
4.285, 0, -0.407725
4.275, 0, -0.408167
4.31, 0, -0.406541
4.29, 0, -0.407745
4.25, 0, -0.410247
4.295, 0, -0.407331
4.27, 0, -0.409547
4.3, 0, -0.406691
4.26, 0, -0.409322
4.305, 0, -0.407114
4.265, 0, -0.409301
4.12, 0, -0.417414
4.115, 0, -0.417479
4.255, 0, -0.409266
4.355, 0, -0.403761
4.125, 0, -0.416489
4.22, 0, -0.411481
4.215, 0, -0.411936
4.225, 0, -0.411036
4.365, 0, -0.404182
4.245, 0, -0.410284
4.36, 0, -0.403892
4.345, 0, -0.404326
4.34, 0, -0.404944
4.35, 0, -0.404431
4.32, 0, -0.405983
4.33, 0, -0.405822
4.325, 0, -0.405596
4.335, 0, -0.404874
4.315, 0, -0.40627
4.645, 0, -0.389206
4.63, 0, -0.390133
4.41, 0, -0.401265
4.42, 0, -0.400876
4.415, 0, -0.400772
4.37, 0, -0.403016
4.375, 0, -0.403267
4.405, 0, -0.401309
4.38, 0, -0.402593
4.395, 0, -0.40207
4.435, 0, -0.399775
4.45, 0, -0.399182
4.465, 0, -0.397883
4.55, 0, -0.393533
4.475, 0, -0.398223
4.44, 0, -0.399572
4.455, 0, -0.398905
4.43, 0, -0.400204
4.425, 0, -0.400613
4.49, 0, -0.396578
4.47, 0, -0.39784
5
4.535, 0, -0.394731
4.64, 0, -0.389112
4.53, 0, -0.395138
4.575, 0, -0.39248
4.565, 0, -0.393479
4.5, 0, -0.395955
4.555, 0, -0.394229
4.495, 0, -0.396811
4.525, 0, -0.39545
4.46, 0, -0.398283
4.54, 0, -0.394614
4.48, 0, -0.397222
4.57, 0, -0.393568
4.545, 0, -0.394361
4.51, 0, -0.396071
4.585, 0, -0.391899
4.4, 0, -0.401823
4.605, 0, -0.391056
4.59, 0, -0.391964
4.6, 0, -0.390724
4.62, 0, -0.389897
4.595, 0, -0.391631
4.58, 0, -0.391601
4.675, 0, -0.387715
4.505, 0, -0.396542
4.61, 0, -0.3905
4.625, 0, -0.39097
4.685, 0, -0.38699
4.68, 0, -0.38794
4.515, 0, -0.395962
4.52, 0, -0.39538
4.615, 0, -0.390114
4.695, 0, -0.387081
4.385, 0, -0.402237
4.69, 0, -0.386757
4.67, 0, -0.387631
4.665, 0, -0.38823
4.39, 0, -0.402479
4.66, 0, -0.388649
4.655, 0, -0.388956
4.74, 0, -0.38444
4.445, 0, -0.399289
4.745, 0, -0.384635
4.73, 0, -0.385324
4.735, 0, -0.384164
4.65, 0, -0.388522
4.755, 0, -0.384014
4.71, 0, -0.386241
4.715, 0, -0.385351
4.725, 0, -0.384935
4.72, 0, -0.385931
4.7, 0, -0.38599
4.705, 0, -0.386283
4.75, 0, -0.384105
4.765, 0, -0.383346
4.77, 0, -0.382681
4.78, 0, -0.382302
4.775, 0, -0.383201
4.785, 0, -0.38176
4.79, 0, -0.38216
4.76, 0, -0.3836
4.795, 0, -0.382348
4.81, 0, -0.381719
4.805, 0, -0.38138
4.8, 0, -0.381305
4.815, 0, -0.381286
4.635, 0, -0.39005
4.825, 0, -0.380113
4.82, 0, -0.380509
4.83, 0, -0.380092
4.835, 0, -0.380266
4.875, 0, -0.378074
4.865, 0, -0.378727
4.87, 0, -0.377916
4.86, 0, -0.379115
4.98, 0, -0.372839
4.93, 0, -0.375605
4.89, 0, -0.377076
4.92, 0, -0.376266
4.91, 0, -0.376907
4.925, 0, -0.375848
4.915, 0, -0.376378
4.94, 0, -0.375208
4.935, 0, -0.375384
4.945, 0, -0.374868
4.95, 0, -0.374896
4.985, 0, -0.373557
4.99, 0, -0.37274
4.955, 0, -0.373929
4.96, 0, -0.374786
4.965, 0, -0.373804
4.97, 0, -0.373211
4.975, 0, -0.372913
4.995, 0, -0.372209
5.005, 0, -0.372144
5.01, 0, -0.372069
5.02, 0, -0.371182
5.015, 0, -0.371282
4.895, 0, -0.377107
4.905, 0, -0.376771
5.035, 0, -0.370434
5.055, 0, -0.369782
5.06, 0, -0.369827
5.065, 0, -0.368956
5.05, 0, -0.370683
5.04, 0, -0.370564
5.025, 0, -0.371561
5.03, 0, -0.370626
4.9, 0, -0.37662
5.045, 0, -0.370543
5.09, 0, -0.368411
5.085, 0, -0.368719
5.095, 0, -0.368323
5.08, 0, -0.368943
5.075, 0, -0.369074
5.07, 0, -0.369527
5.105, 0, -0.367745
5.13, 0, -0.366475
5.12, 0, -0.367024
5.125, 0, -0.366982
5.115, 0, -0.367029
5.135, 0, -0.36674
5.11, 0, -0.367004
5.1, 0, -0.367746
5.15, 0, -0.365335
5.16, 0, -0.365447
5.145, 0, -0.366307
5.175, 0, -0.36468
5.14, 0, -0.366357
5.2, 0, -0.363345
5.235, 0, -0.361844
5.215, 0, -0.362987
5.195, 0, -0.363876
5.18, 0, -0.364849
5.19, 0, -0.364463
5.185, 0, -0.364183
5.205, 0, -0.364006
5.225, 0, -0.362538
5.22, 0, -0.362757
5.25, 0, -0.361109
5.23, 0, -0.363266
5.245, 0, -0.362083
5.24, 0, -0.362277
5.21, 0, -0.362929
5.155, 0, -0.365213
5.255, 0, -0.361534
5.3, 0, -0.35967
5.295, 0, -0.359637
5.265, 0, -0.360476
5.29, 0, -0.359859
5.165, 0, -0.364781
5.27, 0, -0.360821
5.26, 0, -0.361105
5.285, 0, -0.360177
5.35, 0, -0.357739
5.33, 0, -0.358495
5.32, 0, -0.35842
5.325, 0, -0.358949
5.28, 0, -0.360303
5.335, 0, -0.358073
5.275, 0, -0.360551
5.345, 0, -0.357225
5.315, 0, -0.358684
5.34, 0, -0.357797
5.375, 0, -0.355979
5.395, 0, -0.355168
5.36, 0, -0.356778
5.365, 0, -0.356391
5.39, 0, -0.355958
5.38, 0, -0.355552
5.405, 0, -0.354547
5.37, 0, -0.356526
5.385, 0, -0.35543
5.355, 0, -0.357282
5.45, 0, -0.35248
5.4, 0, -0.35539
5.305, 0, -0.359322
5.455, 0, -0.353037
5.435, 0, -0.353549
5.43, 0, -0.354018
5.42, 0, -0.354366
5.445, 0, -0.35353
5.41, 0, -0.355103
5.44, 0, -0.353574
5.425, 0, -0.353956
5.415, 0, -0.354098
5.46, 0, -0.352752
5.17, 0, -0.364747
5.505, 0, -0.350989
5.51, 0, -0.351027
5.495, 0, -0.351715
5.5, 0, -0.351407
5.49, 0, -0.351628
5.485, 0, -0.351476
5.465, 0, -0.352485
5.56, 0, -0.349014
5.555, 0, -0.349177
5.55, 0, -0.349405
5.53, 0, -0.350295
5.475, 0, -0.352303
5.48, 0, -0.351735
5.47, 0, -0.352904
5.545, 0, -0.349387
5.54, 0, -0.349676
5.31, 0, -0.3589
5.535, 0, -0.34955
5.585, 0, -0.347868
5.58, 0, -0.348242
5.575, 0, -0.348446
5.52, 0, -0.350407
5.515, 0, -0.350855
5.525, 0, -0.350666
5.565, 0, -0.348069
5.57, 0, -0.349027
5.59, 0, -0.347506
5.6, 0, -0.347376
5.595, 0, -0.34701
5.61, 0, -0.347353
5.66, 0, -0.345025
5.605, 0, -0.346892
5.92, 0, -0.334723
5.64, 0, -0.345756
5.63, 0, -0.346333
5.635, 0, -0.34566
5.625, 0, -0.346048
5.615, 0, -0.34627
5.645, 0, -0.345911
5.65, 0, -0.345311
5.655, 0, -0.345417
5.67, 0, -0.345101
5.705, 0, -0.342873
5.685, 0, -0.34413
5.69, 0, -0.344141
5.68, 0, -0.343675
5.7, 0, -0.343062
5.675, 0, -0.344727
5.665, 0, -0.344899
5.695, 0, -0.344151
5.74, 0, -0.342105
5.75, 0, -0.341826
5.83, 0, -0.338633
5.735, 0, -0.341806
5.815, 0, -0.339347
5.73, 0, -0.342279
5.755, 0, -0.341151
5.77, 0, -0.340993
5.805, 0, -0.340061
5.81, 0, -0.339472
5.82, 0, -0.338739
5.825, 0, -0.338403
5.85, 0, -0.33806
5.845, 0, -0.337818
5.835, 0, -0.338043
5.765, 0, -0.341039
5.84, 0, -0.337635
5.76, 0, -0.341466
5.88, 0, -0.336391
5.855, 0, -0.337975
5.745, 0, -0.341746
5.885, 0, -0.336215
5.905, 0, -0.336097
5.865, 0, -0.336749
5.9, 0, -0.335817
5.87, 0, -0.337282
5.91, 0, -0.335724
5.89, 0, -0.335745
5.875, 0, -0.33686
5.86, 0, -0.338143
5.8, 0, -0.339156
5.795, 0, -0.340083
5.895, 0, -0.335629
5.915, 0, -0.335335
5.95, 0, -0.334482
5.71, 0, -0.343482
5.79, 0, -0.340317
5.785, 0, -0.340043
5.945, 0, -0.334325
5.78, 0, -0.340198
5.775, 0, -0.340838
5.96, 0, -0.333811
5.725, 0, -0.342427
5.955, 0, -0.334031
5.72, 0, -0.342884
5.93, 0, -0.334752
5.715, 0, -0.343394
5.965, 0, -0.332913
5.94, 0, -0.334178
5.935, 0, -0.334663
5.925, 0, -0.334365
5.975, 0, -0.333112
5.97, 0, -0.333655
5.995, 0, -0.332626
5.98, 0, -0.332689
5.985, 0, -0.333065
5.99, 0, -0.332853
6, 0, -0.332569
6.055, 0, -0.329733
6.01, 0, -0.331769
6.005, 0, -0.3324
6.015, 0, -0.331469
6.02, 0, -0.331722
6.025, 0, -0.33159
6.04, 0, -0.330939
6.035, 0, -0.331117
6.05, 0, -0.330654
6.03, 0, -0.331616
6.045, 0, -0.330795
6.06, 0, -0.330557
6.065, 0, -0.330231
6.08, 0, -0.32936
6.09, 0, -0.329747
6.085, 0, -0.329709
6.07, 0, -0.329672
6.095, 0, -0.328671
6.1, 0, -0.328641
6.105, 0, -0.328538
6.075, 0, -0.329792
6.125, 0, -0.327536
6.15, 0, -0.327106
6.11, 0, -0.328232
6.145, 0, -0.327565
6.155, 0, -0.326818
6.14, 0, -0.327485
6.115, 0, -0.328156
6.16, 0, -0.326701
6.17, 0, -0.326587
6.175, 0, -0.326259
6.165, 0, -0.326731
6.19, 0, -0.325911
6.185, 0, -0.325933
6.18, 0, -0.325888
6.195, 0, -0.326027
6.205, 0, -0.324936
6.2, 0, -0.325505
6.135, 0, -0.32749
6.225, 0, -0.324571
6.245, 0, -0.323456
6.25, 0, -0.323248
6.235, 0, -0.323963
6.13, 0, -0.328102
6.255, 0, -0.323199
6.26, 0, -0.322959
6.24, 0, -0.323827
6.265, 0, -0.322704
6.295, 0, -0.322547
6.3, 0, -0.321924
6.29, 0, -0.322145
6.285, 0, -0.322372
6.275, 0, -0.322924
6.21, 0, -0.324431
6.28, 0, -0.322666
6.22, 0, -0.325218
6.31, 0, -0.321363
6.215, 0, -0.324163
6.325, 0, -0.321784
6.32, 0, -0.321488
6.23, 0, -0.324368
6.33, 0, -0.321733
6.335, 0, -0.32068
6.315, 0, -0.320869
6.27, 0, -0.32325
6.305, 0, -0.321208
6.345, 0, -0.320842
6.35, 0, -0.320158
6.355, 0, -0.320548
6.34, 0, -0.320056
6.36, 0, -0.319929
6.365, 0, -0.319203
6.39, 0, -0.319522
6.41, 0, -0.318215
6.38, 0, -0.319335
6.405, 0, -0.317706
6.385, 0, -0.319627
6.4, 0, -0.318228
6.415, 0, -0.318226
6.395, 0, -0.319089
6.42, 0, -0.318109
6.425, 0, -0.317303
6.44, 0, -0.317758
6.43, 0, -0.317176
6.455, 0, -0.317097
6.45, 0, -0.316632
6.445, 0, -0.317878
6.465, 0, -0.316485
6.37, 0, -0.319142
6.51, 0, -0.315029
6.5, 0, -0.315448
6.49, 0, -0.3157
6.505, 0, -0.315951
6.485, 0, -0.315641
6.535, 0, -0.314136
6.495, 0, -0.31563
6.53, 0, -0.315155
6.525, 0, -0.314306
6.48, 0, -0.315964
6.375, 0, -0.31945
6.585, 0, -0.313078
6.565, 0, -0.313696
6.545, 0, -0.314247
6.58, 0, -0.313119
6.46, 0, -0.316623
6.55, 0, -0.314002
6.54, 0, -0.314578
6.56, 0, -0.313912
6.47, 0, -0.316362
6.57, 0, -0.314088
6.555, 0, -0.31392
6.515, 0, -0.314616
6.575, 0, -0.313277
6.52, 0, -0.314753
6.615, 0, -0.311908
6.6, 0, -0.312649
6.605, 0, -0.312508
6.61, 0, -0.311875
6.595, 0, -0.312413
6.645, 0, -0.311091
6.435, 0, -0.317185
6.66, 0, -0.310601
6.655, 0, -0.310697
6.65, 0, -0.310809
6.635, 0, -0.311672
6.62, 0, -0.311202
6.64, 0, -0.311198
6.625, 0, -0.311582
6.63, 0, -0.311648
6.59, 0, -0.312529
6.475, 0, -0.316273
6.665, 0, -0.310561
6.675, 0, -0.309945
6.705, 0, -0.3082
6.71, 0, -0.308154
6.735, 0, -0.308203
6.74, 0, -0.30817
6.685, 0, -0.30957
6.69, 0, -0.309138
6.68, 0, -0.309579
6.695, 0, -0.309247
6.73, 0, -0.308356
6.7, 0, -0.309588
6.755, 0, -0.307624
6.75, 0, -0.307595
6.77, 0, -0.306862
6.76, 0, -0.307271
6.765, 0, -0.307485
6.725, 0, -0.308743
6.72, 0, -0.308657
6.78, 0, -0.306663
6.745, 0, -0.308318
6.775, 0, -0.306935
6.67, 0, -0.310335
6.79, 0, -0.306746
6.795, 0, -0.305882
6.715, 0, -0.309
6.785, 0, -0.306789
6.82, 0, -0.305592
6.8, 0, -0.306332
6.81, 0, -0.305439
6.805, 0, -0.305674
6.815, 0, -0.305462
6.87, 0, -0.304251
6.83, 0, -0.305253
6.845, 0, -0.304589
6.825, 0, -0.305937
6.85, 0, -0.305037
6.855, 0, -0.304838
6.86, 0, -0.304826
6.84, 0, -0.304419
6.865, 0, -0.304007
6.875, 0, -0.304128
6.88, 0, -0.303999
6.905, 0, -0.302563
6.915, 0, -0.302329
6.925, 0, -0.302413
6.92, 0, -0.302701
6.89, 0, -0.302897
6.885, 0, -0.303464
6.91, 0, -0.302607
6.895, 0, -0.303145
6.9, 0, -0.303489
6.965, 0, -0.301083
6.975, 0, -0.301373
6.95, 0, -0.301398
6.94, 0, -0.302406
6.97, 0, -0.301524
6.93, 0, -0.301909
6.945, 0, -0.302466
6.955, 0, -0.301073
6.96, 0, -0.301971
6.935, 0, -0.303171
7.065, 0, -0.29846
6.835, 0, -0.305188
7.045, 0, -0.298913
7.055, 0, -0.298305
7.08, 0, -0.298232
7.075, 0, -0.297947
7.12, 0, -0.296963
7.11, 0, -0.297139
7.085, 0, -0.297216
7.09, 0, -0.297726
7.025, 0, -0.299146
7.115, 0, -0.2963
7.07, 0, -0.298439
7.06, 0, -0.298795
7.05, 0, -0.298576
7, 0, -0.299718
6.995, 0, -0.299953
6.98, 0, -0.301063
7.135, 0, -0.296555
7.02, 0, -0.299518
7.04, 0, -0.298743
7.13, 0, -0.297046
7.125, 0, -0.296618
7.015, 0, -0.299429
7.145, 0, -0.296221
7.14, 0, -0.296007
7.005, 0, -0.300281
7.01, 0, -0.299527
7.035, 0, -0.299328
7.03, 0, -0.299635
7.15, 0, -0.296969
7.095, 0, -0.297093
7.165, 0, -0.295047
7.16, 0, -0.295741
7.105, 0, -0.297412
7.18, 0, -0.295666
7.1, 0, -0.297751
7.155, 0, -0.295722
6.985, 0, -0.301388
7.17, 0, -0.295302
7.175, 0, -0.295512
6.99, 0, -0.301232
7.195, 0, -0.294267
7.2, 0, -0.294045
7.185, 0, -0.294897
7.19, 0, -0.294969
7.21, 0, -0.294526
7.22, 0, -0.294374
7.215, 0, -0.294361
7.23, 0, -0.293763
7.205, 0, -0.294497
7.225, 0, -0.294707
7.24, 0, -0.293552
7.245, 0, -0.293154
7.27, 0, -0.292996
7.25, 0, -0.293352
7.255, 0, -0.292194
7.265, 0, -0.292635
7.26, 0, -0.293329
7.29, 0, -0.292485
7.285, 0, -0.292773
7.295, 0, -0.292632
7.28, 0, -0.292279
7.275, 0, -0.292017
7.3, 0, -0.291583
7.31, 0, -0.290965
7.315, 0, -0.2906
7.235, 0, -0.293496
7.32, 0, -0.290756
7.325, 0, -0.291368
7.345, 0, -0.290921
7.35, 0, -0.290042
7.33, 0, -0.291317
7.385, 0, -0.289589
7.38, 0, -0.289873
7.39, 0, -0.28905
7.36, 0, -0.290091
7.375, 0, -0.289813
7.4, 0, -0.288476
7.41, 0, -0.28835
7.335, 0, -0.291309
7.425, 0, -0.289087
7.43, 0, -0.288544
7.355, 0, -0.290655
7.46, 0, -0.287646
7.34, 0, -0.29064
7.485, 0, -0.28729
7.49, 0, -0.286789
7.415, 0, -0.28934
7.505, 0, -0.286238
7.395, 0, -0.289002
7.53, 0, -0.285468
7.535, 0, -0.285838
7.45, 0, -0.28773
7.475, 0, -0.287406
7.445, 0, -0.287314
7.545, 0, -0.285168
7.47, 0, -0.287312
7.48, 0, -0.286901
7.405, 0, -0.288591
7.54, 0, -0.285846
7.62, 0, -0.28379
7.495, 0, -0.286271
7.515, 0, -0.285791
7.55, 0, -0.284975
7.56, 0, -0.285595
7.42, 0, -0.288622
7.555, 0, -0.284596
7.57, 0, -0.28437
7.455, 0, -0.287984
7.5, 0, -0.287063
7.51, 0, -0.286922
7.565, 0, -0.28531
7.44, 0, -0.288078
7.525, 0, -0.285345
7.52, 0, -0.285231
7.465, 0, -0.287697
7.615, 0, -0.282693
7.63, 0, -0.282906
7.655, 0, -0.282538
7.61, 0, -0.283723
7.67, 0, -0.282305
7.675, 0, -0.281889
7.435, 0, -0.288527
7.705, 0, -0.28185
7.72, 0, -0.28064
7.71, 0, -0.281557
7.725, 0, -0.28048
7.7, 0, -0.281455
7.695, 0, -0.281722
7.715, 0, -0.280879
7.625, 0, -0.282741
7.68, 0, -0.281635
7.685, 0, -0.282436
7.575, 0, -0.285015
7.745, 0, -0.280619
7.76, 0, -0.279986
7.735, 0, -0.279843
7.765, 0, -0.280175
7.77, 0, -0.27949
7.645, 0, -0.282918
4.85, 0, -0.380042
7.69, 0, -0.28181
7.64, 0, -0.283006
4.84, 0, -0.380025
7.635, 0, -0.282483
7.65, 0, -0.282954
4.855, 0, -0.379068
7.795, 0, -0.279278
4.845, 0, -0.379446
7.805, 0, -0.279455
7.73, 0, -0.280773
7.815, 0, -0.27887
7.58, 0, -0.284297
7.81, 0, -0.278779
7.585, 0, -0.284653
7.66, 0, -0.281864
7.82, 0, -0.278894
7.75, 0, -0.279541
7.59, 0, -0.284215
7.595, 0, -0.283709
7.775, 0, -0.279475
7.8, 0, -0.279139
7.785, 0, -0.279355
7.665, 0, -0.28159
7.83, 0, -0.277756
7.825, 0, -0.277642
7.835, 0, -0.27781
7.84, 0, -0.277649
7.74, 0, -0.280139
7.79, 0, -0.279028
7.855, 0, -0.277294
7.85, 0, -0.277759
7.755, 0, -0.280322
7.78, 0, -0.27915

7.86, 0, -0.277222
7.875, 0, -0.277041
7.87, 0, -0.276863
7.845, 0, -0.277373
7.915, 0, -0.275633
7.88, 0, -0.276731
7.865, 0, -0.277386
7.95, 0, -0.275236
7.89, 0, -0.276882
7.895, 0, -0.276322
7.92, 0, -0.276512
7.885, 0, -0.277128
7.9, 0, -0.275941
7.91, 0, -0.276164
7.905, 0, -0.276593
7.935, 0, -0.275579
7.945, 0, -0.275923
7.94, 0, -0.275575
7.955, 0, -0.275817
7.965, 0, -0.274929
7.96, 0, -0.274909
7.97, 0, -0.27424
7.975, 0, -0.274544
7.93, 0, -0.275293
7.925, 0, -0.276036
7.98, 0, -0.274511
7.605, 0, -0.283932
7.99, 0, -0.274426
7.995, 0, -0.273695
8.015, 0, -0.274204
8.01, 0, -0.273682
7.985, 0, -0.274319
8.005, 0, -0.273801
8.035, 0, -0.273553
7.6, 0, -0.283698
8.045, 0, -0.273811
8.04, 0, -0.273278
8.03, 0, -0.273163
8.09, 0, -0.271748
8.05, 0, -0.273066
8.085, 0, -0.271672
8.055, 0, -0.272536
8.06, 0, -0.272236
8.095, 0, -0.271401
8.07, 0, -0.272705
8.08, 0, -0.272169
8.195, 0, -0.26914
8.075, 0, -0.271822
8.065, 0, -0.272483
8.175, 0, -0.270569
8.14, 0, -0.270855
8.12, 0, -0.271263
8.11, 0, -0.272083
8.13, 0, -0.271141
8.135, 0, -0.270517
8.125, 0, -0.27071
8.145, 0, -0.269897
8.115, 0, -0.271506
8.1, 0, -0.271452
8.16, 0, -0.27044
8.265, 0, -0.267372
8.27, 0, -0.267989
8.26, 0, -0.267498
8, 0, -0.273858
8.165, 0, -0.27037
8.17, 0, -0.270771
8.255, 0, -0.268547
8.15, 0, -0.270081
8.25, 0, -0.267503
8.105, 0, -0.2724
8.295, 0, -0.266421
8.155, 0, -0.270114
8.215, 0, -0.269012
8.245, 0, -0.268023
8.24, 0, -0.268401
8.02, 0, -0.273774
8.225, 0, -0.268965
8.22, 0, -0.268976
8.23, 0, -0.26919
8.235, 0, -0.268416
8.18, 0, -0.269938
8.19, 0, -0.269485
8.2, 0, -0.268683
8.185, 0, -0.269322
8.205, 0, -0.269338
8.21, 0, -0.268985
8.34, 0, -0.265943
8.345, 0, -0.265876
8.325, 0, -0.266651
8.33, 0, -0.266592
8.29, 0, -0.267692
4.885, 0, -0.378087
8.32, 0, -0.265962
8.025, 0, -0.27276
8.285, 0, -0.267935
8.435, 0, -0.263879
8.445, 0, -0.263614
8.44, 0, -0.263754
8.28, 0, -0.267361
8.275, 0, -0.266975
8.35, 0, -0.265388
8.355, 0, -0.265357
8.36, 0, -0.265366
8.315, 0, -0.266426
8.31, 0, -0.266669
8.305, 0, -0.266485
5, 0, -0.37199
8.42, 0, -0.26485
8.3, 0, -0.266379
8.425, 0, -0.26399
8.365, 0, -0.265051
8.43, 0, -0.264182
8.335, 0, -0.26682
8.39, 0, -0.264869
8.395, 0, -0.263663
8.4, 0, -0.264843
8.37, 0, -0.265927
8.375, 0, -0.26472
8.475, 0, -0.263383
8.38, 0, -0.265327
8.385, 0, -0.265101
8.405, 0, -0.264304
8.415, 0, -0.264352
8.41, 0, -0.264784
8.485, 0, -0.263226
8.495, 0, -0.262351
8.48, 0, -0.263652
8.49, 0, -0.262543
8.45, 0, -0.263872
8.455, 0, -0.263072
8.47, 0, -0.263143
8.465, 0, -0.262702
8.51, 0, -0.262567
8.515, 0, -0.262701
8.5, 0, -0.262477
8.46, 0, -0.263429
8.505, 0, -0.263
8.52, 0, -0.262119
8.54, 0, -0.261454
8.535, 0, -0.260832
8.545, 0, -0.261325
8.555, 0, -0.261272
8.57, 0, -0.260958
8.56, 0, -0.260281
8.565, 0, -0.260399
8.55, 0, -0.2608
8.575, 0, -0.261378
8.58, 0, -0.260963
8.53, 0, -0.262282
8.59, 0, -0.2606
8.6, 0, -0.260697
8.595, 0, -0.260631
8.61, 0, -0.260264
8.585, 0, -0.260832
8.615, 0, -0.259518
8.63, 0, -0.259492
8.62, 0, -0.26034
8.625, 0, -0.259633
8.67, 0, -0.258335
8.525, 0, -0.262054
8.64, 0, -0.259637
8.665, 0, -0.258285
8.695, 0, -0.258342
8.69, 0, -0.259127
8.65, 0, -0.258981
8.645, 0, -0.259576
8.685, 0, -0.258843
8.605, 0, -0.259818
8.71, 0, -0.258939
8.715, 0, -0.257122
8.675, 0, -0.259217
8.725, 0, -0.257581
8.72, 0, -0.258787
8.735, 0, -0.257245
8.745, 0, -0.257881
8.75, 0, -0.257129
8.635, 0, -0.259376
8.66, 0, -0.258604
8.655, 0, -0.258238
8.7, 0, -0.258724
8.68, 0, -0.258993
8.74, 0, -0.257637
8.765, 0, -0.25637
8.705, 0, -0.258215
8.78, 0, -0.257219
8.775, 0, -0.25707
8.835, 0, -0.255003
8.81, 0, -0.255943
8.84, 0, -0.254951
8.825, 0, -0.25571
8.815, 0, -0.255249
8.73, 0, -0.25722
8.83, 0, -0.255178
8.82, 0, -0.255223
8.845, 0, -0.25514
8.805, 0, -0.256083
8.88, 0, -0.254531
8.875, 0, -0.25451
8.87, 0, -0.254897
8.865, 0, -0.254738
8.85, 0, -0.254792
8.8, 0, -0.256102
8.86, 0, -0.255332
8.855, 0, -0.254708
8.885, 0, -0.253604
8.9, 0, -0.253799
8.895, 0, -0.253662
8.93, 0, -0.253985
8.935, 0, -0.253293
8.76, 0, -0.257105
8.755, 0, -0.256973
8.96, 0, -0.252509
8.955, 0, -0.252713
8.965, 0, -0.253309
8.94, 0, -0.253791
8.91, 0, -0.253779
8.975, 0, -0.252415
8.795, 0, -0.256358
8.79, 0, -0.256835
8.785, 0, -0.256702
9, 0, -0.251979
8.98, 0, -0.251884
8.89, 0, -0.254126
8.99, 0, -0.252386
8.995, 0, -0.252078
9.02, 0, -0.251775
9.035, 0, -0.251173
9.015, 0, -0.250973
8.945, 0, -0.253409
8.95, 0, -0.253036
8.97, 0, -0.251848
9.025, 0, -0.251197
9.03, 0, -0.251466
8.985, 0, -0.25187
9.01, 0, -0.251913
9.045, 0, -0.251394
9.04, 0, -0.251604
8.77, 0, -0.256689
9.065, 0, -0.250781
9.05, 0, -0.251215
9.075, 0, -0.250313
9.08, 0, -0.250211
9.055, 0, -0.250906
9.005, 0, -0.252661
9.06, 0, -0.250553
9.09, 0, -0.249652
9.085, 0, -0.250742
9.12, 0, -0.249571
9.1, 0, -0.25075
9.125, 0, -0.249735
9.095, 0, -0.24995
9.115, 0, -0.249403
9.105, 0, -0.250334
9.11, 0, -0.250406
9.14, 0, -0.249221
9.135, 0, -0.249475
9.15, 0, -0.248923
9.145, 0, -0.248875
9.165, 0, -0.248737
9.155, 0, -0.248189
9.13, 0, -0.249713
9.16, 0, -0.248784
9.17, 0, -0.248763
9.175, 0, -0.248825
9.18, 0, -0.24781
9.19, 0, -0.248585
9.185, 0, -0.248735
9.22, 0, -0.246949
9.245, 0, -0.247415
9.24, 0, -0.247611
9.23, 0, -0.247273
9.235, 0, -0.247216
9.25, 0, -0.246703
9.195, 0, -0.248376
9.21, 0, -0.247491
9.2, 0, -0.247377
9.205, 0, -0.247898
9.385, 0, -0.244046
9.215, 0, -0.247758
9.47, 0, -0.243213
9.225, 0, -0.247755
9.485, 0, -0.242546
9.5, 0, -0.242158
9.48, 0, -0.24261
9.26, 0, -0.246483
9.265, 0, -0.246633
9.27, 0, -0.246241
9.255, 0, -0.246517
9.275, 0, -0.246007
9.46, 0, -0.24241
9.52, 0, -0.24153
9.53, 0, -0.241448
9.525, 0, -0.241203
9.3, 0, -0.246081
9.295, 0, -0.24641
9.29, 0, -0.246491
9.285, 0, -0.246917
9.28, 0, -0.246585
9.325, 0, -0.245201
9.315, 0, -0.246126
9.32, 0, -0.24579
9.31, 0, -0.245853
9.305, 0, -0.247019
9.37, 0, -0.244819
9.345, 0, -0.245979
9.365, 0, -0.244976
9.36, 0, -0.244899
9.35, 0, -0.244756
9.34, 0, -0.245773
9.33, 0, -0.245466
9.455, 0, -0.242561
9.355, 0, -0.244693
9.39, 0, -0.244565
9.375, 0, -0.245132
9.395, 0, -0.244345
9.405, 0, -0.244703
9.4, 0, -0.244459
9.41, 0, -0.24466
9.425, 0, -0.243599
9.56, 0, -0.241751
9.555, 0, -0.240791
9.43, 0, -0.243619
9.335, 0, -0.245208
9.445, 0, -0.243532
9.44, 0, -0.243615
9.435, 0, -0.243361
9.465, 0, -0.243067
9.38, 0, -0.244436
9.45, 0, -0.244121
9.475, 0, -0.242755
6.12, 0, -0.32842
9.6, 0, -0.240717
9.595, 0, -0.240983
9.505, 0, -0.242267
9.625, 0, -0.239582
9.65, 0, -0.239686
9.42, 0, -0.243364
9.535, 0, -0.240951
9.565, 0, -0.241122
9.415, 0, -0.244301
9.49, 0, -0.242001
9.69, 0, -0.238855
9.495, 0, -0.242177
9.545, 0, -0.241377
9.55, 0, -0.241623
9.61, 0, -0.239923
9.605, 0, -0.240374
9.54, 0, -0.241016
9.515, 0, -0.242403
9.685, 0, -0.239072
9.64, 0, -0.239912
9.615, 0, -0.240303
9.645, 0, -0.239915
9.59, 0, -0.240292
9.695, 0, -0.238853
9.585, 0, -0.241224
9.58, 0, -0.241192
9.575, 0, -0.240701
9.655, 0, -0.239674
9.635, 0, -0.239785
9.62, 0, -0.2404
9.675, 0, -0.239979
9.66, 0, -0.239506
9.665, 0, -0.238446
9.63, 0, -0.240059
9.7, 0, -0.238649
9.68, 0, -0.23902
9.705, 0, -0.238392
9.71, 0, -0.237996
9.73, 0, -0.238488
9.735, 0, -0.23773
9.715, 0, -0.23854
9.72, 0, -0.238273
9.725, 0, -0.237799
9.745, 0, -0.237761
9.74, 0, -0.237371
9.765, 0, -0.237627
9.755, 0, -0.237297
9.75, 0, -0.238128
9.77, 0, -0.237479
9.78, 0, -0.236843
9.775, 0, -0.236997
9.8, 0, -0.236964
9.785, 0, -0.237272
9.79, 0, -0.237073
9.76, 0, -0.236934
9.795, 0, -0.236898
9.81, 0, -0.237011
9.82, 0, -0.236803
9.815, 0, -0.236577
9.825, 0, -0.236346
9.84, 0, -0.236323
9.805, 0, -0.235802
9.835, 0, -0.236638
9.845, 0, -0.235798
9.83, 0, -0.23681
9.88, 0, -0.235998
9.85, 0, -0.235699
9.86, 0, -0.236099
9.865, 0, -0.235568
9.9, 0, -0.234865
9.87, 0, -0.236264
9.91, 0, -0.23586
9.905, 0, -0.235395
9.89, 0, -0.235629
9.875, 0, -0.235274
9.895, 0, -0.234963
9.885, 0, -0.235777
9.92, 0, -0.235264
9.915, 0, -0.234523
9.93, 0, -0.234959
9.925, 0, -0.23409
9.935, 0, -0.234484
9.94, 0, -0.233998
9.95, 0, -0.234063
9.985, 0, -0.234531
9.98, 0, -0.233997
9.99, 0, -0.23333
10, 0, -0.232478
9.995, 0, -0.23348
9.975, 0, -0.234505
9.945, 0, -0.234642
9.955, 0, -0.234048
9.965, 0, -0.234086
9.96, 0, -0.234763
9.97, 0, -0.233857
9.855, 0, -0.235386
7.305, 0, -0.291467
7.365, 0, -0.289987
7.37, 0, -0.290084
8.905, 0, -0.253651
8.925, 0, -0.253884
8.92, 0, -0.253918
8.915, 0, -0.253811
9.07, 0, -0.250624
9.51, 0, -0.242355
9.57, 0, -0.240746
