0.02, 0.0816683, 0.00675756, 4.81566e-05
0.015, 0.0117136, 0.000154258, 4.57846e-08
0.05, 0.167901, 0.0282045, 0.000797039
0.075, 0.188483, 0.035529, 0.00126273
0.065, 0.327368, 0.107177, 0.0114902
0.43, 0.0381254, 0.00229897, 1.34208e-05
0.45, 0.0386468, 0.00225936, 1.25048e-05
0.07, 0.326555, 0.106639, 0.0113723
0.185, 0.135724, 0.0203589, 0.000566083
0.085, 0.163299, 0.0266667, 0.000711111
0.14, 0.188562, 0.0355556, 0.0012642
0.135, 0, 0, 0
0.055, 0.325975, 0.106283, 0.0113052
0.51, 0.039206, 0.00210655, 9.92968e-06
0.08, 0.188562, 0.0355556, 0.0012642
0.52, 0.0390193, 0.00206945, 9.53663e-06
0.435, 0.037778, 0.00224916, 1.28935e-05
0.525, 0.0390226, 0.00206575, 9.45159e-06
0.3, 0.0380865, 0.00349637, 3.66964e-05
0.145, 0.0942809, 0.00888889, 7.90123e-05
0.515, 0.0392611, 0.00210674, 9.9712e-06
0.06, 0.248616, 0.06184, 0.00383044
0.445, 0.0381022, 0.0022285, 1.24492e-05
0.44, 0.0374208, 0.0021927, 1.23741e-05
0.13, 0.0942809, 0.00888889, 7.90123e-05
0.295, 0.0399167, 0.00372514, 3.96916e-05
0.12, 0.326599, 0.106667, 0.0113778
0.125, 0.249444, 0.0622222, 0.0038716
0.26, 0.0488769, 0.00494475, 6.0836e-05
0.405, 0.0369896, 0.0023653, 1.5225e-05
0.265, 0.0504699, 0.00513165, 6.4479e-05
0.4, 0.0367262, 0.00237636, 1.55524e-05
0.395, 0.0364469, 0.0024152, 1.66827e-05
0.38, 0.0355956, 0.00243758, 1.73808e-05
0.29, 0.0398326, 0.0037948, 4.28666e-05
0.305, 0.0385472, 0.00346695, 3.46266e-05
0.475, 0.0391201, 0.00219715, 1.1389e-05
0.48, 0.0388013, 0.00215245, 1.09333e-05
0.39, 0.036015, 0.00239912, 1.65992e-05
0.275, 0.0480779, 0.00467852, 5.22956e-05
0.385, 0.0357525, 0.00240953, 1.68091e-05
0.28, 0.0428152, 0.00411049, 4.49011e-05
0.415, 0.0371377, 0.00231249, 1.41893e-05
0.42, 0.0369573, 0.00226537, 1.37031e-05
0.27, 0.0475417, 0.00462019, 5.02976e-05
0.425, 0.0376284, 0.00229396, 1.37202e-05
0.285, 0.0423869, 0.00419653, 5.14838e-05
0.41, 0.0372139, 0.00234615, 1.48264e-05
0.89, 0.0350828, 0.00157101, 5.00439e-06
0.605, 0.0384779, 0.00192595, 7.8177e-06
0.635, 0.0379645, 0.00186263, 7.19426e-06
0.685, 0.0373575, 0.00179392, 6.61752e-06
0.61, 0.0386174, 0.00193647, 7.83149e-06
0.195, 0.0942812, 0.00888896, 7.9014e-05
0.19, 0.0854553, 0.00805651, 7.16112e-05
0.68, 0.0374769, 0.00180608, 6.68621e-06
0.645, 0.0379677, 0.00186127, 7.16839e-06
0.69, 0.0372153, 0.00178097, 6.52849e-06
0.21, 0.0714216, 0.0082056, 0.000135073
0.64, 0.0379413, 0.00186071, 7.20818e-06
0.675, 0.0374896, 0.00180577, 6.66677e-06
0.63, 0.0382218, 0.00188904, 7.41724e-06
0.945, 0.0346003, 0.00152684, 4.72389e-06
0.885, 0.0351744, 0.00157967, 5.04544e-06
1.005, 0.034215, 0.00149321, 4.52358e-06
0.2, 0.119203, 0.0168209, 0.000387865
0.975, 0.0343167, 0.00150317, 4.57332e-06
1, 0.034161, 0.00148958, 4.48961e-06
0.99, 0.0342369, 0.00149549, 4.53099e-06
0.98, 0.0344056, 0.00150709, 4.57436e-06
0.985, 0.0342727, 0.00149785, 4.51945e-06
0.205, 0.0869974, 0.00896501, 0.000111988
1.01, 0.0341036, 0.00148355, 4.45129e-06
0.94, 0.0347073, 0.00153691, 4.77468e-06
0.615, 0.038164, 0.00189289, 7.54137e-06
0.505, 0.0390597, 0.0021057, 1.01215e-05
0.485, 0.0388776, 0.00214322, 1.06829e-05
0.625, 0.0382587, 0.00188938, 7.39596e-06
0.935, 0.0345986, 0.00152886, 4.73709e-06
0.175, 0.0942808, 0.00888887, 7.9012e-05
0.5, 0.0388716, 0.00209676, 1.00054e-05
0.62, 0.0382909, 0.00189707, 7.49178e-06
0.865, 0.0352615, 0.00158783, 5.12223e-06
0.67, 0.0375294, 0.00181378, 6.79193e-06
0.495, 0.0389449, 0.00211813, 1.02364e-05
0.875, 0.0351667, 0.00157433, 4.99594e-06
0.88, 0.0353345, 0.00159214, 5.15216e-06
0.165, 0.188562, 0.0355556, 0.0012642
0.155, 0.163298, 0.0266666, 0.000711139
0.49, 0.0394394, 0.00218053, 1.08509e-05
1.075, 0.0337101, 0.00145367, 4.30378e-06
0.995, 0.034287, 0.00149821, 4.5307e-06
0.655, 0.0378519, 0.00184894, 7.10016e-06
1.07, 0.0337363, 0.00145252, 4.26723e-06
0.665, 0.0375492, 0.00181474, 6.79966e-06
0.66, 0.0377063, 0.00183138, 6.88236e-06
1.08, 0.0335217, 0.00143466, 4.15048e-06
0.16, 0.188562, 0.0355556, 0.0012642
0.65, 0.0378401, 0.00184472, 7.06379e-06
0.15, 0.0942809, 0.00888889, 7.90123e-05
0.96, 0.0345188, 0.00151853, 4.65455e-06
0.955, 0.0345091, 0.00151477, 4.60684e-06
1.125, 0.0333943, 0.00142073, 4.08486e-06
0.97, 0.0344042, 0.00151137, 4.61954e-06
1.06, 0.0337308, 0.00145531, 4.32905e-06
0.04, 0.22266, 0.050354, 0.00262293
0.045, 0.1757, 0.0308997, 0.000957163
1.055, 0.0338932, 0.00146245, 4.29971e-06
0.95, 0.0346091, 0.00152667, 4.69735e-06
0.035, 0.171559, 0.0294723, 0.000873775
0.17, 0, 0, 0
1.045, 0.0340051, 0.0014747, 4.40502e-06
0.965, 0.0344358, 0.00151237, 4.60305e-06
1.065, 0.0337885, 0.00145531, 4.27654e-06
1.05, 0.033878, 0.00146171, 4.29718e-06
0.92, 0.0348433, 0.00155312, 4.91211e-06
0.925, 0.0346799, 0.00153568, 4.78452e-06
0.915, 0.0347936, 0.00154033, 4.74587e-06
1.13, 0.0333965, 0.00142479, 4.11949e-06
1.135, 0.0334137, 0.00142309, 4.08394e-06
0.93, 0.0347639, 0.00154015, 4.78769e-06
1.14, 0.0331128, 0.00140062, 3.97464e-06
0.18, 0.0942845, 0.00888974, 7.90365e-05
0.03, 0.179167, 0.0329521, 0.00118724
1.18, 0.033122, 0.00140099, 3.96892e-06
0.025, 0.0665486, 0.00453191, 2.23465e-05
1.195, 0.0330541, 0.00139357, 3.92945e-06
1.2, 0.0330771, 0.00139456, 3.90562e-06
1.23, 0.0329793, 0.00138518, 3.86567e-06
1.025, 0.0341237, 0.00148404, 4.45773e-06
1.115, 0.0334991, 0.00142721, 4.09104e-06
1.11, 0.0335554, 0.0014369, 4.1623e-06
1.02, 0.0340776, 0.00148066, 4.43366e-06
0.465, 0.0385871, 0.00218177, 1.14473e-05
1.235, 0.0328427, 0.00137541, 3.81077e-06
1.015, 0.0342007, 0.0014916, 4.5005e-06
0.46, 0.0389119, 0.00223517, 1.19996e-05
0.47, 0.0387135, 0.00217324, 1.12345e-05
1.21, 0.0328969, 0.0013826, 3.88779e-06
1.215, 0.0328596, 0.00138158, 3.89433e-06
1.12, 0.0333865, 0.00141818, 4.03894e-06
1.22, 0.0329298, 0.00138365, 3.85338e-06
1.205, 0.0329609, 0.00138403, 3.86588e-06
1.225, 0.0328759, 0.00137856, 3.83798e-06
0.895, 0.0347709, 0.00154329, 4.80774e-06
0.01, 0.0231457, 0.000536129, 2.88066e-07
0.905, 0.0348804, 0.00155492, 4.9199e-06
0.9, 0.0350376, 0.00156581, 4.96346e-06
0.25, 0.0584834, 0.00639223, 9.50864e-05
0.36, 0.03481, 0.002571, 2.0496e-05
0.355, 0.035537, 0.00267839, 2.15841e-05
0.235, 0.0589325, 0.00685222, 0.00011635
0.24, 0.0560161, 0.00601891, 8.54262e-05
0.225, 0.0761261, 0.00792517, 0.000102546
0.255, 0.0550989, 0.00598457, 8.94037e-05
0.35, 0.0363468, 0.00284368, 2.50851e-05
0.34, 0.0357197, 0.00287608, 2.54765e-05
0.365, 0.0344419, 0.00249056, 1.94604e-05
0.23, 0.0481086, 0.00519657, 7.45784e-05
0.345, 0.0361627, 0.00282981, 2.40213e-05
0.375, 0.0356772, 0.00248503, 1.81099e-05
0.1, 0.0942809, 0.00888889, 7.90123e-05
0.37, 0.0358865, 0.00257842, 2.00133e-05
0.32, 0.0358898, 0.00307362, 2.9128e-05
0.85, 0.0354674, 0.00160628, 5.22851e-06
0.315, 0.0366601, 0.00321506, 3.16e-05
0.22, 0.0626258, 0.00724947, 0.000121377
0.11, 0.326599, 0.106667, 0.0113778
0.86, 0.0353677, 0.00159458, 5.11858e-06
0.31, 0.0375035, 0.00332129, 3.26563e-05
0.245, 0.0588597, 0.00580554, 6.35476e-05
0.855, 0.035379, 0.00160187, 5.21524e-06
0.105, 0.163299, 0.0266667, 0.000711111
0.325, 0.0367707, 0.00318176, 3.42917e-05
0.215, 0.0856042, 0.00961692, 0.000150634
0.335, 0.0360974, 0.00294298, 2.65391e-05
0.115, 0.326599, 0.106667, 0.0113778
0.33, 0.0347054, 0.00287832, 2.64031e-05
0.54, 0.039205, 0.00205354, 9.10331e-06
0.535, 0.0391525, 0.00205491, 9.17927e-06
0.91, 0.0347555, 0.00153912, 4.77984e-06
0.585, 0.038661, 0.00195018, 7.98372e-06
0.555, 0.0388715, 0.00200526, 8.70147e-06
0.53, 0.0392002, 0.00206953, 9.35469e-06
0.56, 0.0390603, 0.00201643, 8.70778e-06
0.55, 0.0389407, 0.00202026, 8.88067e-06
0.59, 0.0385767, 0.00194806, 8.02538e-06
0.545, 0.0390909, 0.00203705, 8.9871e-06
0.575, 0.0386608, 0.00196615, 8.28284e-06
0.76, 0.0365118, 0.00170758, 5.98419e-06
0.75, 0.0365527, 0.00171014, 5.98035e-06
0.82, 0.0356197, 0.00162201, 5.35211e-06
0.57, 0.0387604, 0.00197522, 8.31017e-06
0.755, 0.0365129, 0.00170571, 5.95035e-06
0.565, 0.0388521, 0.00199565, 8.64423e-06
0.825, 0.0357137, 0.00162981, 5.43196e-06
0.58, 0.0388681, 0.0019798, 8.31849e-06
0.745, 0.0367035, 0.00172479, 6.01528e-06
0.815, 0.0359781, 0.00165374, 5.53848e-06
0.74, 0.0367028, 0.00172085, 5.99528e-06
0.455, 0.0385556, 0.0022275, 1.22421e-05
0.81, 0.0358433, 0.00164336, 5.48295e-06
0.595, 0.0383627, 0.00192416, 7.88619e-06
0.6, 0.0385329, 0.00193324, 7.8286e-06
0.765, 0.0363117, 0.00169014, 5.84681e-06
0.78, 0.0361997, 0.00167425, 5.67718e-06
0.77, 0.0362327, 0.00168025, 5.7433e-06
0.8, 0.0360639, 0.00166017, 5.55478e-06
0.775, 0.036214, 0.00168103, 5.81808e-06
0.725, 0.0368907, 0.00174267, 6.18125e-06
0.72, 0.0367843, 0.00173333, 6.10697e-06
0.73, 0.0368308, 0.00173893, 6.1719e-06
0.09, 0.163299, 0.0266667, 0.000711111
0.715, 0.0369412, 0.00175187, 6.31724e-06
0.095, 0.163299, 0.0266667, 0.000711111
0.835, 0.0356284, 0.00162155, 5.32844e-06
1.19, 0.0330973, 0.00139544, 3.93592e-06
0.71, 0.0370376, 0.00175528, 6.23634e-06
0.84, 0.0355815, 0.00161576, 5.26674e-06
0.7, 0.0372073, 0.00177965, 6.51554e-06
0.845, 0.0354509, 0.00160418, 5.19338e-06
0.705, 0.0370915, 0.00176541, 6.4136e-06
0.79, 0.036354, 0.00168795, 5.77085e-06
0.795, 0.0360384, 0.00165965, 5.58849e-06
1.185, 0.0330304, 0.0013889, 3.88399e-06
1.04, 0.0339939, 0.00147334, 4.39508e-06
0.805, 0.0360204, 0.00165296, 5.52283e-06
1.24, 0.0328436, 0.00137402, 3.8058e-06
1.035, 0.0338855, 0.00146425, 4.31438e-06
1.03, 0.0340715, 0.00147925, 4.39382e-06
1.25, 0.0329552, 0.00138292, 3.84348e-06
1.245, 0.0327549, 0.0013688, 3.77735e-06
0.735, 0.0367702, 0.00173394, 6.13166e-06
0.785, 0.0361097, 0.0016674, 5.67387e-06
0.695, 0.0371314, 0.00177123, 6.47525e-06
0.005, 0.0475871, 0.00227952, 5.42226e-06
1.26, 0.0327704, 0.00136811, 3.76837e-06
1.265, 0.0328283, 0.0013732, 3.79571e-06
1.27, 0.0327429, 0.00136476, 3.72902e-06
1.275, 0.0328139, 0.00136807, 3.72605e-06
1.375, 0.0321839, 0.00131993, 3.49619e-06
1.305, 0.0325562, 0.00135159, 3.68575e-06
1.315, 0.0324942, 0.00134612, 3.63888e-06
1.295, 0.0325952, 0.00135279, 3.68441e-06
1.285, 0.0326027, 0.00135409, 3.69913e-06
1.31, 0.0326067, 0.00135362, 3.68836e-06
1.3, 0.0325329, 0.00134852, 3.67583e-06
1.32, 0.032471, 0.00134283, 3.6173e-06
1.29, 0.0325582, 0.00134978, 3.65701e-06
1.28, 0.032784, 0.00136983, 3.78804e-06
1.325, 0.0325547, 0.00135164, 3.68343e-06
1.365, 0.0323191, 0.00133255, 3.58401e-06
1.335, 0.0326417, 0.0013586, 3.73592e-06
1.37, 0.0323523, 0.00133444, 3.57166e-06
1.35, 0.0324187, 0.00133982, 3.62822e-06
1.345, 0.0322938, 0.00133123, 3.60356e-06
1.34, 0.0324304, 0.00134074, 3.62604e-06
1.355, 0.0322919, 0.00133035, 3.56734e-06
1.36, 0.0322001, 0.00132105, 3.49929e-06
1.33, 0.0324822, 0.00134437, 3.6153e-06
1.385, 0.0321065, 0.00131381, 3.47112e-06
1.38, 0.0322321, 0.00132335, 3.51439e-06
1.43, 0.0320824, 0.00131336, 3.47833e-06
1.42, 0.0320523, 0.00131093, 3.49682e-06
1.39, 0.0322279, 0.00132327, 3.51856e-06
1.425, 0.0320946, 0.00131252, 3.46364e-06
1.415, 0.0322087, 0.00132181, 3.51912e-06
1.475, 0.0318925, 0.00129416, 3.36452e-06
1.52, 0.0318675, 0.00129496, 3.38708e-06
1.525, 0.0316964, 0.00128025, 3.30803e-06
1.445, 0.0320558, 0.00130621, 3.41594e-06
1.44, 0.0319356, 0.00129814, 3.37893e-06
1.255, 0.0326852, 0.00136298, 3.76782e-06
1.55, 0.031612, 0.00127681, 3.31034e-06
1.555, 0.0317433, 0.00128654, 3.34119e-06
1.56, 0.0317878, 0.00128478, 3.29973e-06
1.495, 0.0318337, 0.00129396, 3.40118e-06
1.565, 0.0316659, 0.00127977, 3.31969e-06
1.545, 0.0316958, 0.00127982, 3.28197e-06
1.41, 0.0322237, 0.00132345, 3.53138e-06
1.505, 0.0318821, 0.00129698, 3.40945e-06
1.5, 0.0317676, 0.00129028, 3.36936e-06
1.515, 0.0317986, 0.00128922, 3.34352e-06
1.405, 0.0321462, 0.00131996, 3.53091e-06
1.51, 0.0319115, 0.00129806, 3.38259e-06
1.395, 0.0323507, 0.00133101, 3.54393e-06
1.4, 0.0322602, 0.00132432, 3.52418e-06
1.46, 0.0319913, 0.00130611, 3.46238e-06
1.465, 0.032091, 0.00131037, 3.4491e-06
1.45, 0.0319035, 0.00129843, 3.40138e-06
1.47, 0.0319132, 0.00129878, 3.41383e-06
1.645, 0.0314454, 0.00126207, 3.21601e-06
1.61, 0.0313712, 0.00125458, 3.15159e-06

1.62, 0.0313975, 0.00125783, 3.19115e-06
1.615, 0.0314644, 0.00126132, 3.19642e-06
1.695, 0.0312658, 0.00124855, 3.14743e-06
1.69, 0.0313864, 0.00125248, 3.15084e-06
2.015, 0.0307455, 0.00120401, 2.90172e-06
2, 0.030687, 0.00120129, 2.91084e-06
1.7, 0.0313315, 0.00125102, 3.14223e-06
1.435, 0.032074, 0.00130971, 3.41735e-06
2.005, 0.0306283, 0.00119602, 2.88651e-06
1.625, 0.0314659, 0.00126459, 3.23252e-06
2.01, 0.0305908, 0.00119194, 2.84835e-06
1.65, 0.0315451, 0.0012657, 3.21953e-06
1.965, 0.0307973, 0.00120848, 2.9307e-06
1.795, 0.0310674, 0.0012326, 3.06312e-06
1.93, 0.0307665, 0.00120723, 2.94361e-06
1.935, 0.0307878, 0.00120858, 2.9453e-06
1.785, 0.0312142, 0.00124142, 3.10774e-06
1.75, 0.0311632, 0.00123664, 3.06381e-06
1.755, 0.0312827, 0.00124531, 3.11877e-06
1.945, 0.0307665, 0.00120498, 2.90513e-06
1.94, 0.0307639, 0.00120729, 2.95997e-06
1.97, 0.0306542, 0.00119542, 2.85854e-06
1.49, 0.0319679, 0.00130167, 3.41507e-06
1.79, 0.0310352, 0.00122965, 3.04477e-06
1.96, 0.0307457, 0.00120327, 2.89973e-06
1.955, 0.030774, 0.00120673, 2.91863e-06
1.895, 0.0309755, 0.00122066, 2.97443e-06
1.95, 0.0307223, 0.00120137, 2.89352e-06
1.89, 0.0309021, 0.00121545, 2.95887e-06
1.9, 0.030863, 0.00121311, 2.94634e-06
1.485, 0.0317462, 0.00128331, 3.30163e-06
1.535, 0.0316839, 0.00127961, 3.28788e-06
1.57, 0.0315801, 0.00127376, 3.28866e-06
1.575, 0.0315625, 0.00127209, 3.2609e-06
1.48, 0.032, 0.00130301, 3.38988e-06
1.635, 0.0314257, 0.00125857, 3.18122e-06
2.31, 0.0302044, 0.00116354, 2.72134e-06
2.265, 0.0301311, 0.00116242, 2.75445e-06
2.295, 0.0303691, 0.00117215, 2.7416e-06
2.345, 0.0301412, 0.00115705, 2.69355e-06
2.34, 0.0301785, 0.00116325, 2.74924e-06
2.26, 0.0303502, 0.00117384, 2.76534e-06
2.3, 0.0302951, 0.00117075, 2.76343e-06
2.27, 0.0303075, 0.00117067, 2.75534e-06
2.305, 0.0302574, 0.00116654, 2.72615e-06
2.315, 0.0301484, 0.00115833, 2.70297e-06
1.64, 0.0315057, 0.00126393, 3.21202e-06
1.605, 0.0315509, 0.00126935, 3.24636e-06
1.585, 0.0316642, 0.00128038, 3.31234e-06
1.905, 0.0308426, 0.00121201, 2.95133e-06
1.58, 0.0315988, 0.00127184, 3.26103e-06
1.91, 0.0308235, 0.00121426, 2.99624e-06
2.29, 0.0302923, 0.00116659, 2.70494e-06
1.66, 0.0314684, 0.00126126, 3.21547e-06
1.665, 0.0313255, 0.00125113, 3.15472e-06
1.78, 0.0311681, 0.00123694, 3.07084e-06
1.915, 0.0308833, 0.00121423, 2.96276e-06
1.67, 0.0313427, 0.00125047, 3.13377e-06
1.925, 0.030874, 0.00121651, 2.98956e-06
2.28, 0.0302119, 0.00116306, 2.71726e-06
2.275, 0.0302447, 0.0011649, 2.71993e-06
2.285, 0.0303459, 0.00117235, 2.76106e-06
1.88, 0.0307895, 0.00121048, 2.97186e-06
1.875, 0.030933, 0.00122194, 3.01559e-06
1.675, 0.0313595, 0.00125404, 3.17932e-06
1.92, 0.0308062, 0.00120808, 2.92141e-06
1.76, 0.0311439, 0.00123581, 3.08287e-06
1.77, 0.0311395, 0.00123685, 3.08666e-06
1.775, 0.0310762, 0.00122862, 3.02177e-06
1.765, 0.0311707, 0.00123923, 3.09183e-06
1.685, 0.0312884, 0.0012476, 3.13656e-06
1.54, 0.0317769, 0.00128959, 3.36925e-06
1.98, 0.0307699, 0.00120805, 2.94184e-06
1.99, 0.0306981, 0.00120094, 2.90529e-06
1.985, 0.0306109, 0.00119429, 2.84909e-06
1.885, 0.0309944, 0.00122497, 3.0212e-06
1.975, 0.0306963, 0.0012039, 2.92373e-06
2.215, 0.0304123, 0.00117616, 2.76429e-06
2.21, 0.0304011, 0.00118097, 2.82109e-06
1.995, 0.0307234, 0.00120338, 2.91827e-06
2.205, 0.0304601, 0.00118096, 2.79335e-06
1.53, 0.0316992, 0.00127979, 3.31119e-06
2.255, 0.0302853, 0.0011671, 2.71742e-06
2.32, 0.0302411, 0.00116283, 2.70368e-06
1.595, 0.0315267, 0.00126675, 3.23641e-06
1.59, 0.031629, 0.00127436, 3.28315e-06
1.745, 0.0311385, 0.00123745, 3.10386e-06
1.85, 0.0310931, 0.00122935, 3.01034e-06
2.15, 0.0306027, 0.00119234, 2.85247e-06
1.6, 0.0315825, 0.0012687, 3.23566e-06
1.735, 0.0312571, 0.00124666, 3.14645e-06
1.73, 0.0313176, 0.00124827, 3.11923e-06
2.165, 0.0304276, 0.00117868, 2.78365e-06
1.865, 0.0309199, 0.00121974, 3.00292e-06
2.2, 0.0304062, 0.00117624, 2.76958e-06
1.74, 0.0313448, 0.00125016, 3.13096e-06
2.14, 0.0303503, 0.00117354, 2.7765e-06
6
2.19, 0.0304778, 0.00118238, 2.80274e-06
2.185, 0.0303787, 0.00117657, 2.79448e-06
1.855, 0.0309586, 0.00122171, 3.00751e-06
2.13, 0.0304966, 0.00118595, 2.83556e-06
2.145, 0.0304337, 0.00118219, 2.82374e-06
2.135, 0.0304726, 0.00118057, 2.77088e-06
1.725, 0.0313288, 0.00124906, 3.13446e-06
1.86, 0.0308929, 0.00121651, 2.97802e-06
1.825, 0.0310947, 0.00123057, 3.04677e-06
2.17, 0.0304119, 0.00118032, 2.81021e-06
1.815, 0.031124, 0.00123647, 3.09314e-06
2.18, 0.030542, 0.00118526, 2.80648e-06
2.175, 0.0304715, 0.00118332, 2.80756e-06
2.09, 0.0304703, 0.00118259, 2.82596e-06
1.82, 0.0310741, 0.00122956, 3.04161e-06
2.08, 0.0304863, 0.00118504, 2.81304e-06
1.81, 0.0310503, 0.00122861, 3.03462e-06
1.84, 0.0309246, 0.00121867, 2.99148e-06
1.835, 0.0310271, 0.00122621, 3.0087e-06
2.075, 0.0305343, 0.00118819, 2.84557e-06
2.085, 0.0305514, 0.00118733, 2.81984e-06
1.715, 0.0312063, 0.00124414, 3.13018e-06
1.845, 0.0308636, 0.00121683, 2.99341e-06
1.805, 0.0309862, 0.00122391, 3.02079e-06
1.8, 0.0311483, 0.00123703, 3.09622e-06
1.705, 0.0313145, 0.00124716, 3.10805e-06
1.71, 0.0313649, 0.00125383, 3.16694e-06
2.105, 0.0304758, 0.00118244, 2.80222e-06
2.065, 0.0305375, 0.00118551, 2.81308e-06
2.095, 0.0305197, 0.00118607, 2.82294e-06
1.63, 0.0315479, 0.00126748, 3.23187e-06
1.72, 0.0313473, 0.00125198, 3.15385e-06
2.07, 0.0306127, 0.00119338, 2.85872e-06
2.06, 0.0306416, 0.00119477, 2.87386e-06
2.1, 0.0306113, 0.00119225, 2.83563e-06
2.055, 0.0306997, 0.00120061, 2.88297e-06
1.83, 0.030901, 0.00121771, 2.988e-06
2.115, 0.0304285, 0.00117987, 2.78962e-06
2.12, 0.0304087, 0.00117584, 2.75665e-06
2.11, 0.0305697, 0.00119153, 2.85854e-06
2.05, 0.0306008, 0.00119475, 2.87874e-06
2.35, 0.0301465, 0.0011576, 2.69837e-06
2.36, 0.0302789, 0.00116895, 2.76219e-06
2.04, 0.0306854, 0.00119908, 2.88479e-06
2.045, 0.0306967, 0.00120097, 2.91983e-06
2.155, 0.0304726, 0.00118306, 2.80773e-06
2.355, 0.0301894, 0.00116086, 2.70201e-06
2.33, 0.0303907, 0.00117446, 2.75035e-06
2.365, 0.0301703, 0.00115868, 2.68522e-06
2.16, 0.0304003, 0.00117858, 2.8053e-06
2.335, 0.030183, 0.00116154, 2.72151e-06
2.235, 0.0301611, 0.00115894, 2.69308e-06
2.23, 0.0303988, 0.00117719, 2.79206e-06
2.02, 0.0306441, 0.00119737, 2.87106e-06
2.035, 0.0306839, 0.0012001, 2.90443e-06
2.03, 0.0307123, 0.00120141, 2.89833e-06
2.025, 0.0305925, 0.00119322, 2.87989e-06
1.68, 0.031244, 0.00124573, 3.1224e-06
2.37, 0.0302496, 0.00116396, 2.71498e-06
2.225, 0.0303323, 0.00117157, 2.74295e-06
2.25, 0.0303463, 0.00117216, 2.75625e-06
2.22, 0.0303048, 0.00116941, 2.74226e-06
2.425, 0.0301108, 0.00115671, 2.70673e-06
2.385, 0.030061, 0.00115148, 2.67185e-06
2.415, 0.0301466, 0.00115968, 2.70555e-06
2.41, 0.0301456, 0.00115663, 2.68679e-06
2.42, 0.0301342, 0.00115634, 2.67953e-06
2.405, 0.0301109, 0.00115323, 2.6542e-06
2.325, 0.0302014, 0.00116227, 2.7076e-06
2.24, 0.0303122, 0.00117067, 2.74013e-06
2.375, 0.0301987, 0.00116267, 2.72274e-06
2.245, 0.0303469, 0.00117494, 2.78625e-06
2.38, 0.0301838, 0.00115851, 2.68486e-06
2.39, 0.0300332, 0.00114946, 2.65537e-06
2.4, 0.0300917, 0.00115327, 2.65275e-06
2.395, 0.0301716, 0.00115929, 2.69813e-06
2.43, 0.0300619, 0.00115227, 2.66344e-06
2.435, 0.0300412, 0.00114866, 2.63523e-06
2.44, 0.0301287, 0.00115732, 2.69563e-06
2.51, 0.0301239, 0.00115478, 2.67878e-06
2.515, 0.0299365, 0.00114075, 2.60388e-06
2.445, 0.0300485, 0.00115017, 2.66918e-06
2.485, 0.0300545, 0.00115035, 2.64499e-06
2.495, 0.0298813, 0.00113853, 2.60712e-06
2.5, 0.0300735, 0.00114958, 2.63706e-06
2.455, 0.0300801, 0.00115301, 2.67143e-06
2.48, 0.0301767, 0.00115932, 2.70187e-06
2.47, 0.0300569, 0.00115232, 2.67519e-06
2.475, 0.0300722, 0.00115185, 2.66384e-06
2.49, 0.0301279, 0.00115864, 2.71569e-06
2.56, 0.0298818, 0.00114003, 2.61133e-06
2.465, 0.0301021, 0.00115528, 2.6941e-06
2.46, 0.0300311, 0.00114984, 2.66138e-06
2.52, 0.030029, 0.0011507, 2.66472e-06
2.53, 0.0300489, 0.00114894, 2.65163e-06
2.525, 0.029915, 0.00113898, 2.60014e-06
2.54, 0.0298896, 0.00113922, 2.60856e-06
2.535, 0.0299344, 0.00114281, 2.632e-06
2.45, 0.030032, 0.0011491, 2.6554e-06
2.545, 0.0301382, 0.00115731, 2.69499e-06
2.555, 0.0298348, 0.00113604, 2.61931e-06
2.55, 0.0299935, 0.00114606, 2.64065e-06
2.565, 0.0299361, 0.00114371, 2.64118e-06
2.57, 0.0299716, 0.00114215, 2.61593e-06
2.575, 0.0299574, 0.00114044, 2.60505e-06
2.585, 0.0298933, 0.00114059, 2.61699e-06
2.605, 0.029937, 0.00114178, 2.62374e-06
2.61, 0.0299012, 0.00113668, 2.57435e-06
2.6, 0.0297994, 0.00113233, 2.59089e-06
2.595, 0.0299527, 0.00114576, 2.65739e-06
2.59, 0.0299459, 0.00114125, 2.59037e-06
2.62, 0.0299626, 0.00114349, 2.62289e-06
2.625, 0.029889, 0.00114085, 2.63007e-06
2.63, 0.0299165, 0.00113989, 2.60578e-06
2.645, 0.0298827, 0.00113827, 2.59657e-06
2.635, 0.0299769, 0.00114364, 2.61804e-06
2.655, 0.0297805, 0.00112922, 2.54773e-06
2.65, 0.0299472, 0.00113955, 2.58565e-06
2.675, 0.0298016, 0.00113165, 2.5755e-06
2.69, 0.029797, 0.00112957, 2.53778e-06
2.64, 0.0299181, 0.00113861, 2.58687e-06
2.68, 0.0298588, 0.00113405, 2.57757e-06
2.505, 0.0300857, 0.00115181, 2.65795e-06
2.685, 0.0297439, 0.00113008, 2.59838e-06
2.67, 0.0298636, 0.00113661, 2.58688e-06
2.58, 0.0299983, 0.0011464, 2.64574e-06
2.665, 0.0297801, 0.00112994, 2.55832e-06
2.66, 0.0298524, 0.00113777, 2.61325e-06
2.695, 0.0298605, 0.00113737, 2.61079e-06
2.7, 0.0298289, 0.0011328, 2.59048e-06
2.705, 0.0297857, 0.0011287, 2.55561e-06
2.71, 0.0297278, 0.00112679, 2.5438e-06
2.715, 0.0298663, 0.00113703, 2.59848e-06
2.615, 0.0298913, 0.00113695, 2.58676e-06
3.175, 0.0293442, 0.00109696, 2.41355e-06
2.74, 0.0297661, 0.00112718, 2.52779e-06
2.735, 0.0297457, 0.00112633, 2.54319e-06
2.72, 0.0297652, 0.00112911, 2.56228e-06
2.775, 0.0297669, 0.00112862, 2.55e-06
3.08, 0.0295662, 0.0011124, 2.47405e-06
3.24, 0.0294487, 0.00110577, 2.46646e-06
2.94, 0.0296501, 0.00111595, 2.46343e-06
3.09, 0.0294956, 0.00110532, 2.42622e-06
3.25, 0.0293581, 0.00109578, 2.39378e-06
3.085, 0.029525, 0.00110839, 2.45005e-06
3.21, 0.0293752, 0.0010979, 2.41662e-06
2.945, 0.0295431, 0.00111056, 2.46127e-06
2.95, 0.0296935, 0.00112191, 2.51281e-06
3.095, 0.0293923, 0.00110195, 2.4431e-06
3.245, 0.029424, 0.00110559, 2.46307e-06
3.205, 0.0294523, 0.00110439, 2.44994e-06
3.2, 0.0294729, 0.00110596, 2.45665e-06
6
2.9, 0.0294928, 0.00110964, 2.47289e-06
3.05, 0.0295733, 0.00111559, 2.49535e-06
3.04, 0.0294571, 0.00110579, 2.45486e-06
2.925, 0.0296643, 0.00111851, 2.50106e-06
2.845, 0.0296599, 0.00112221, 2.54078e-06
2.915, 0.0296162, 0.0011182, 2.51958e-06
2.835, 0.0296767, 0.00112235, 2.53245e-06
2.84, 0.0297146, 0.00112786, 2.5705e-06
2.935, 0.0296601, 0.0011204, 2.51906e-06
3.305, 0.0293785, 0.00109762, 2.40262e-06
2.92, 0.0294917, 0.00111069, 2.49445e-06
2.93, 0.0295946, 0.00111705, 2.51171e-06
3.03, 0.0294992, 0.0011096, 2.48256e-06
3.025, 0.0295208, 0.00111105, 2.48031e-06
3.195, 0.0294792, 0.00110533, 2.44604e-06
3.035, 0.0296112, 0.00111639, 2.49789e-06
3.295, 0.0293416, 0.00109766, 2.42802e-06
3.3, 0.0294096, 0.0011006, 2.42226e-06
3.185, 0.0294334, 0.00110192, 2.4238e-06
3.19, 0.0294638, 0.00110513, 2.44393e-06
3.18, 0.0294472, 0.00110307, 2.43529e-06
3.435, 0.029387, 0.00109834, 2.40728e-06
3.34, 0.0293038, 0.00109365, 2.40639e-06
3.45, 0.0293143, 0.00109402, 2.40271e-06
3.405, 0.029229, 0.0010899, 2.39485e-06
3.44, 0.0292175, 0.00108823, 2.39224e-06
3.335, 0.0294051, 0.00110111, 2.42733e-06
3.345, 0.0292893, 0.00109174, 2.39588e-06
3.445, 0.0292343, 0.00108948, 2.38231e-06
3.395, 0.0292091, 0.00108716, 2.36685e-06
3.4, 0.0292702, 0.00108948, 2.37752e-06
2.755, 0.0297087, 0.00112464, 2.54054e-06
3.33, 0.0293428, 0.00109906, 2.42685e-06
2.76, 0.0295809, 0.00111458, 2.48947e-06
2.765, 0.029677, 0.00112026, 2.50592e-06
3.065, 0.0295051, 0.0011095, 2.47602e-06
2.73, 0.0299096, 0.00113835, 2.5838e-06
3.055, 0.0296002, 0.00111879, 2.53023e-06
3.06, 0.0295494, 0.00111015, 2.45377e-06
3.07, 0.0295323, 0.00111025, 2.47509e-06
3.075, 0.0295086, 0.00111004, 2.4759e-06
3.255, 0.0293422, 0.00109833, 2.42683e-06
3.235, 0.0293282, 0.00109758, 2.42691e-06
3.23, 0.0294782, 0.00110479, 2.44319e-06
3.265, 0.0294131, 0.00110189, 2.4345e-06
3.27, 0.0292733, 0.00109095, 2.36363e-06
3.215, 0.0294709, 0.00110488, 2.43416e-06
3.225, 0.0294922, 0.00110797, 2.46755e-06
3.29, 0.0293378, 0.00109639, 2.4115e-06

3.285, 0.0294055, 0.00110277, 2.44946e-06
3.22, 0.0293519, 0.00109664, 2.41279e-06
3.275, 0.0291339, 0.00108389, 2.37542e-06
3.28, 0.0293761, 0.00110187, 2.46316e-06
3.375, 0.0293111, 0.00109344, 2.39262e-06
3.39, 0.0293018, 0.00109395, 2.40635e-06
3.38, 0.0294123, 0.00110097, 2.42259e-06
3.385, 0.0293361, 0.00109683, 2.41106e-06
3.415, 0.029297, 0.00109321, 2.39927e-06
3.42, 0.0293844, 0.00109949, 2.41963e-06
3.43, 0.0293036, 0.00109353, 2.40313e-06
3.41, 0.0294012, 0.00110136, 2.43227e-06
2.78, 0.0297763, 0.00113019, 2.56166e-06
3.425, 0.0293385, 0.00109669, 2.41055e-06
2.905, 0.0296049, 0.00111786, 2.51895e-06
2.785, 0.0297276, 0.00112781, 2.56196e-06
2.745, 0.0297022, 0.00112557, 2.56243e-06
2.75, 0.0297977, 0.00112959, 2.56626e-06
3.045, 0.0296738, 0.00112206, 2.52348e-06
2.91, 0.0295353, 0.00111116, 2.47234e-06
2.725, 0.0297156, 0.00112458, 2.53164e-06
3.37, 0.0293902, 0.00110095, 2.43174e-06
2.82, 0.0298294, 0.00113354, 2.57169e-06
2.825, 0.0296061, 0.00111859, 2.53486e-06
2.83, 0.0296356, 0.00112061, 2.52807e-06
3.315, 0.0294894, 0.00110714, 2.45666e-06
3.31, 0.0293303, 0.00109667, 2.41984e-06
3.325, 0.029407, 0.0011027, 2.44191e-06
3.32, 0.0294054, 0.00110181, 2.43728e-06
2.885, 0.0296287, 0.00111629, 2.47913e-06
2.88, 0.0297549, 0.0011296, 2.58054e-06
3, 0.0295865, 0.00111367, 2.49532e-06
2.87, 0.0297241, 0.00112387, 2.5164e-06
2.89, 0.0296012, 0.00111646, 2.49803e-06
3.12, 0.0293262, 0.00109769, 2.44869e-06
3.02, 0.0295907, 0.00111827, 2.53509e-06
2.99, 0.0295989, 0.00111623, 2.4858e-06
2.985, 0.0296802, 0.00112165, 2.51507e-06
3.13, 0.0294333, 0.00110302, 2.44394e-06
3.115, 0.0296143, 0.00111586, 2.4959e-06
2.995, 0.0295658, 0.00111408, 2.49964e-06
2.865, 0.0295321, 0.00111472, 2.51688e-06
3.005, 0.0296957, 0.0011253, 2.54226e-06
2.875, 0.0296077, 0.00111681, 2.50991e-06
3.15, 0.0294855, 0.00110552, 2.42834e-06
2.97, 0.0295239, 0.00110945, 2.47893e-06
3.105, 0.0294695, 0.0011064, 2.43493e-06
3.01, 0.0295916, 0.00111627, 2.49501e-06
3.355, 0.0293331, 0.00109749, 2.42144e-06
2.85, 0.0297016, 0.00112341, 2.52904e-06
3.36, 0.0292302, 0.00108624, 2.3604e-06
2.855, 0.0297471, 0.00112949, 2.5768e-06
3.11, 0.0295051, 0.00110903, 2.46921e-06
3.14, 0.0295064, 0.00111025, 2.47616e-06
3.1, 0.029492, 0.0011081, 2.4604e-06
3.365, 0.0292261, 0.00108899, 2.38192e-06
2.96, 0.0296106, 0.00111717, 2.50561e-06
3.125, 0.0295848, 0.00111315, 2.47339e-06
2.955, 0.0295376, 0.00111188, 2.48346e-06
3.145, 0.0294252, 0.00110402, 2.45076e-06
3.165, 0.029428, 0.00110319, 2.44225e-06
3.135, 0.0294858, 0.00110764, 2.45029e-06
3.16, 0.0295272, 0.00111096, 2.4669e-06
2.965, 0.0296127, 0.00111785, 2.50978e-06
2.86, 0.0296143, 0.00111794, 2.51052e-06
3.155, 0.0294298, 0.0011022, 2.42312e-06
2.975, 0.0295676, 0.00111266, 2.465e-06
3.17, 0.0292852, 0.0010943, 2.4229e-06
2.98, 0.0295199, 0.00111185, 2.4966e-06
3.525, 0.029191, 0.00108898, 2.40803e-06
3.53, 0.0292072, 0.00108697, 2.37984e-06
3.545, 0.0291426, 0.00108294, 2.36119e-06
3.555, 0.0292462, 0.00109258, 2.41544e-06
3.55, 0.0293421, 0.0010949, 2.40199e-06
3.56, 0.02909, 0.00107825, 2.34301e-06
3.565, 0.0292509, 0.00108726, 2.36366e-06
3.52, 0.0293173, 0.00109115, 2.37097e-06
3.535, 0.0291677, 0.00108397, 2.35389e-06
3.515, 0.0293334, 0.00109639, 2.41236e-06
2.81, 0.0296487, 0.00111947, 2.51077e-06
3.54, 0.0292453, 0.00108789, 2.36215e-06
3.57, 0.0292363, 0.00108639, 2.34716e-06
2.815, 0.0296399, 0.00112141, 2.53757e-06
2.805, 0.0298175, 0.00113323, 2.57996e-06
3.465, 0.0291888, 0.0010866, 2.37477e-06
2.77, 0.0296958, 0.00112448, 2.54379e-06
2.8, 0.0297204, 0.00112541, 2.54575e-06
3.46, 0.0293047, 0.00109213, 2.38507e-06
3.475, 0.0293512, 0.00109569, 2.39697e-06
3.48, 0.0292107, 0.00108722, 2.38517e-06
3.455, 0.0293577, 0.00109713, 2.40774e-06
3.485, 0.0293066, 0.0010939, 2.40659e-06
3.47, 0.029272, 0.00109184, 2.39178e-06
3.495, 0.0292568, 0.0010899, 2.37427e-06
3.505, 0.0293297, 0.00109362, 2.37805e-06
3.5, 0.029165, 0.00108481, 2.36604e-06
2.795, 0.0296721, 0.00112482, 2.54605e-06
2.79, 0.0296939, 0.00112557, 2.54559e-06
3.51, 0.0293572, 0.00109597, 2.39109e-06
3.35, 0.0292481, 0.00109049, 2.37914e-06
3.575, 0.0291283, 0.00107955, 2.32332e-06
3.49, 0.0292964, 0.00109172, 2.38174e-06
3.585, 0.0292057, 0.00108688, 2.37596e-06
3.58, 0.0292561, 0.00108945, 2.37629e-06
3.59, 0.0292186, 0.00109027, 2.40149e-06
3.605, 0.0291544, 0.00108319, 2.35437e-06
3.595, 0.0292223, 0.00108913, 2.38361e-06
3.6, 0.0290688, 0.00107647, 2.32452e-06
3.62, 0.0292696, 0.00109092, 2.3809e-06
3.615, 0.0293184, 0.00109369, 2.40902e-06
3.61, 0.0291426, 0.00108227, 2.35113e-06
3.625, 0.0291756, 0.00108323, 2.35068e-06
3.63, 0.0291252, 0.00108234, 2.3602e-06
1.085, 0.0336883, 0.00144336, 4.17705e-06
1.09, 0.0334715, 0.00143093, 4.13712e-06
1.095, 0.033651, 0.00144812, 4.25964e-06
1.175, 0.0330814, 0.00139769, 3.9598e-06
1.145, 0.0333871, 0.00141961, 4.05746e-06
1.155, 0.0333047, 0.00141319, 4.02992e-06
1.165, 0.0332172, 0.00140523, 3.98295e-06
1.16, 0.0332326, 0.00140899, 4.0143e-06
1.15, 0.0332417, 0.00140863, 4.01129e-06
1.17, 0.0331861, 0.0014035, 3.96574e-06
1.105, 0.0336252, 0.0014388, 4.13706e-06
1.1, 0.033608, 0.00143987, 4.17998e-06
3.64, 0.0290835, 0.00107814, 2.32344e-06
3.685, 0.0291462, 0.00108249, 2.35141e-06
3.665, 0.0292113, 0.00109017, 2.4029e-06
3.68, 0.0291785, 0.00108494, 2.35565e-06
3.65, 0.0291404, 0.00108018, 2.32542e-06
3.67, 0.0291357, 0.0010812, 2.34494e-06
3.655, 0.0292463, 0.00108844, 2.38109e-06
3.66, 0.0291601, 0.00108093, 2.34427e-06
3.675, 0.0291271, 0.00108165, 2.34728e-06
3.645, 0.0290788, 0.00107877, 2.34733e-06
3.71, 0.0290666, 0.00107703, 2.32146e-06
3.695, 0.0290806, 0.00107729, 2.33532e-06
3.7, 0.0290292, 0.0010715, 2.29094e-06
3.705, 0.0291758, 0.0010834, 2.35825e-06
3.765, 0.0292689, 0.00108908, 2.35207e-06
3.725, 0.0292426, 0.0010888, 2.37693e-06
3.72, 0.0291642, 0.00108378, 2.36087e-06
3.735, 0.0291049, 0.00108003, 2.35247e-06
3.75, 0.0291538, 0.00108378, 2.36354e-06
3.745, 0.0291973, 0.0010859, 2.36734e-06
3.74, 0.0291553, 0.00108327, 2.36262e-06
3.715, 0.0290933, 0.00107929, 2.34494e-06
3.755, 0.0290752, 0.00107693, 2.32622e-06
3.77, 0.0291637, 0.00108475, 2.35862e-06
3.76, 0.0291446, 0.00108122, 2.34039e-06
3.635, 0.0291136, 0.00107937, 2.33124e-06
3.78, 0.0290249, 0.00107414, 2.31827e-06
3.775, 0.029159, 0.00108298, 2.3551e-06
3.795, 0.0290469, 0.00107436, 2.30463e-06
3.69, 0.0291974, 0.00108352, 2.33155e-06
3.79, 0.0291922, 0.00108419, 2.35481e-06
3.8, 0.0290379, 0.00107712, 2.35534e-06
3.81, 0.0291686, 0.0010843, 2.36891e-06
3.82, 0.0290406, 0.00107553, 2.33192e-06
3.815, 0.0291067, 0.0010783, 2.33348e-06
3.805, 0.0291633, 0.00108265, 2.34298e-06
3.785, 0.0291654, 0.00108031, 2.31474e-06
3.86, 0.0290311, 0.0010729, 2.31549e-06
3.845, 0.0291322, 0.00108106, 2.35475e-06
3.85, 0.0290137, 0.00107129, 2.3004e-06
3.855, 0.0288973, 0.00106184, 2.25665e-06
3.835, 0.0290175, 0.00107339, 2.31084e-06
3.84, 0.0291126, 0.00108113, 2.35593e-06
3.73, 0.0291756, 0.00108457, 2.35434e-06
3.83, 0.0292408, 0.00108822, 2.3808e-06
3.865, 0.0291333, 0.00108225, 2.35725e-06
3.87, 0.0290333, 0.0010715, 2.27757e-06
3.88, 0.0292598, 0.00109005, 2.38946e-06
3.875, 0.0290448, 0.00107322, 2.31005e-06
3.895, 0.0290512, 0.00107419, 2.31489e-06
3.885, 0.0290669, 0.00107362, 2.29622e-06
3.825, 0.0292066, 0.00108643, 2.36957e-06
3.9, 0.0290559, 0.00107592, 2.32059e-06
3.905, 0.0290665, 0.00107574, 2.31553e-06
3.915, 0.029076, 0.00107278, 2.28961e-06
3.92, 0.029083, 0.00107699, 2.32078e-06
3.91, 0.0289914, 0.00107303, 2.32163e-06
3.89, 0.0290805, 0.00107819, 2.34383e-06
3.925, 0.0290625, 0.00107755, 2.33895e-06
3.94, 0.0290856, 0.00107661, 2.3185e-06
3.975, 0.0290972, 0.00107909, 2.34662e-06
3.955, 0.029051, 0.00107426, 2.29993e-06
3.945, 0.0290611, 0.00107391, 2.31138e-06
3.935, 0.028999, 0.00106902, 2.27692e-06
3.95, 0.0291136, 0.00107906, 2.32689e-06
3.96, 0.0291719, 0.00108539, 2.36739e-06
3.965, 0.02915, 0.00108053, 2.32992e-06
3.97, 0.0291306, 0.0010828, 2.35762e-06
4.08, 0.0289715, 0.00107156, 2.32084e-06
4.07, 0.0289383, 0.0010666, 2.27458e-06
4.065, 0.0289957, 0.0010693, 2.28785e-06
4.075, 0.0289926, 0.00106939, 2.28079e-06
4.06, 0.0288741, 0.0010642, 2.29211e-06
4.055, 0.0290023, 0.00106977, 2.28165e-06
4.05, 0.0289514, 0.00106874, 2.29505e-06
4.035, 0.0288796, 0.0010635, 2.27885e-06
4.045, 0.0290174, 0.00106885, 2.26907e-06
3.985, 0.0290422, 0.0010733, 2.30427e-06
4.1, 0.0290052, 0.00107093, 2.29308e-06
4.105, 0.0290394, 0.00107497, 2.31834e-06
4.03, 0.0290355, 0.00107208, 2.29565e-06
3.99, 0.0289548, 0.00106556, 2.26979e-06
4.005, 0.0289774, 0.00106968, 2.2984e-06
3.93, 0.0290553, 0.00107278, 2.29519e-06
4, 0.0289812, 0.00107041, 2.29984e-06
3.995, 0.0291117, 0.00108058, 2.35704e-06
4.095, 0.0290253, 0.00107326, 2.30812e-06
3.98, 0.0289838, 0.00106967, 2.29508e-06
4.04, 0.0290005, 0.00107036, 2.28838e-06
4.085, 0.0290806, 0.00107636, 2.32564e-06
4.01, 0.0290101, 0.00107395, 2.32972e-06
4.09, 0.0289144, 0.00106414, 2.26831e-06
4.02, 0.0290425, 0.00107188, 2.28647e-06
4.025, 0.0291007, 0.00107699, 2.31773e-06
4.15, 0.0289548, 0.00106954, 2.31166e-06
4.21, 0.0290147, 0.00107375, 2.32538e-06
4.185, 0.0289385, 0.00106707, 2.2893e-06
4.19, 0.028994, 0.00106857, 2.27993e-06
4.015, 0.0290032, 0.00107131, 2.30906e-06
4.145, 0.0289687, 0.00106963, 2.29231e-06
4.195, 0.0289645, 0.00106649, 2.27667e-06
4.18, 0.0289204, 0.00106534, 2.28317e-06
4.205, 0.0289391, 0.00106886, 2.30108e-06
4.13, 0.0289143, 0.00106609, 2.27937e-06
4.2, 0.0290573, 0.00107475, 2.31472e-06
4.135, 0.0289809, 0.00107157, 2.32152e-06
4.17, 0.0288568, 0.00106023, 2.25208e-06
4.175, 0.0289353, 0.00106819, 2.28768e-06
4.165, 0.0290617, 0.00107516, 2.32045e-06
4.155, 0.0289357, 0.00106666, 2.29491e-06
4.16, 0.0288679, 0.00106156, 2.26436e-06
4.14, 0.0290427, 0.00107252, 2.28884e-06
4.24, 0.0289706, 0.0010721, 2.31422e-06
4.235, 0.028782, 0.00105775, 2.27102e-06
4.23, 0.0289527, 0.00106905, 2.28946e-06
4.11, 0.0289855, 0.0010721, 2.32215e-06
4.28, 0.0288822, 0.00106157, 2.24588e-06
4.285, 0.0289601, 0.00106956, 2.28949e-06
4.275, 0.0288843, 0.00106151, 2.24978e-06
4.31, 0.0288575, 0.00106205, 2.27018e-06
4.29, 0.0289503, 0.00106682, 2.28755e-06
4.25, 0.0289812, 0.00106999, 2.29538e-06
4.295, 0.0290885, 0.00107965, 2.35887e-06
4.27, 0.0290321, 0.00107228, 2.29756e-06
4.3, 0.0289345, 0.00106584, 2.26699e-06
4.26, 0.0289562, 0.00106952, 2.30305e-06
4.305, 0.028983, 0.00107014, 2.29087e-06
4.265, 0.0289686, 0.00106791, 2.28042e-06
4.12, 0.0290392, 0.00107244, 2.29225e-06
4.115, 0.0290474, 0.0010741, 2.31264e-06
4.255, 0.0288246, 0.00105626, 2.23128e-06
4.355, 0.028888, 0.00106611, 2.29952e-06
4.125, 0.0290634, 0.00107666, 2.32975e-06
4.22, 0.0290631, 0.00107507, 2.30095e-06
4.215, 0.0289032, 0.00106277, 2.26917e-06
4.225, 0.0289807, 0.0010685, 2.27932e-06
4.365, 0.0288521, 0.00106026, 2.25773e-06
4.245, 0.0289966, 0.00107033, 2.30183e-06
4.36, 0.028943, 0.00106295, 2.24727e-06
4.345, 0.0288284, 0.00105585, 2.21845e-06
4.34, 0.0289902, 0.00106845, 2.28226e-06
4.35, 0.0288535, 0.00105914, 2.23653e-06
4.32, 0.0288674, 0.00106086, 2.26565e-06
4.33, 0.028874, 0.00106135, 2.26368e-06
4.325, 0.0288967, 0.0010637, 2.27765e-06
4.335, 0.0289137, 0.00106328, 2.26341e-06
4.315, 0.0288945, 0.00106477, 2.28161e-06
4.645, 0.0287474, 0.00105366, 2.22434e-06
4.63, 0.0288464, 0.00106005, 2.25744e-06
4.41, 0.0289099, 0.00106678, 2.2887e-06
4.42, 0.0288616, 0.00105997, 2.25259e-06
4.415, 0.0288937, 0.00106582, 2.28232e-06
4.37, 0.0289645, 0.0010706, 2.3051e-06
4.375, 0.0288454, 0.00105837, 2.22955e-06
4.405, 0.0289581, 0.00106734, 2.28198e-06
4.38, 0.028836, 0.00105758, 2.24756e-06
4.395, 0.0288502, 0.00106006, 2.24294e-06
4.435, 0.0288254, 0.00105712, 2.23229e-06
4.45, 0.028857, 0.00106036, 2.25674e-06
4.465, 0.0287687, 0.00105509, 2.24206e-06
4.55, 0.0289583, 0.00106878, 2.28527e-06
4.475, 0.0288861, 0.00106045, 2.2388e-06
4.44, 0.0289295, 0.00106503, 2.26723e-06
4.455, 0.0288942, 0.0010614, 2.25512e-06
4.43, 0.0287117, 0.00105263, 2.25096e-06
4.425, 0.0289782, 0.0010686, 2.2897e-06
4.49, 0.0288222, 0.00105829, 2.24193e-06
4.47, 0.028942, 0.00106855, 2.30217e-06
6
4.535, 0.0288602, 0.0010596, 2.261e-06
4.64, 0.0288534, 0.00106085, 2.2527e-06
4.53, 0.0287908, 0.0010549, 2.22041e-06
4.575, 0.0286775, 0.00105048, 2.22239e-06
4.565, 0.0288033, 0.00105668, 2.23166e-06
4.5, 0.0288837, 0.00106307, 2.27453e-06
4.555, 0.0289524, 0.00106726, 2.28002e-06
4.495, 0.0287712, 0.00105791, 2.25657e-06
4.525, 0.0288702, 0.00106148, 2.25785e-06
4.46, 0.0288055, 0.00105863, 2.25246e-06
4.54, 0.0287931, 0.0010567, 2.24565e-06
4.48, 0.0287743, 0.00105668, 2.25047e-06
4.57, 0.028696, 0.00105008, 2.21023e-06
4.545, 0.028839, 0.0010591, 2.24772e-06

4.51, 0.0287655, 0.00105636, 2.25411e-06
4.585, 0.02888, 0.00106313, 2.2628e-06
4.4, 0.029012, 0.00107229, 2.30853e-06
4.605, 0.0288579, 0.00106261, 2.27703e-06
4.59, 0.028847, 0.0010603, 2.25494e-06
4.6, 0.0287861, 0.00105438, 2.23082e-06
4.62, 0.0288996, 0.00106554, 2.29442e-06
4.595, 0.0287664, 0.00105359, 2.21354e-06
4.58, 0.028729, 0.00105163, 2.22664e-06
4.675, 0.0288, 0.00105706, 2.24102e-06
4.505, 0.0288092, 0.00105711, 2.24019e-06
4.61, 0.0288573, 0.00105865, 2.23835e-06
4.625, 0.0288448, 0.00106024, 2.26469e-06
4.685, 0.0288172, 0.00105578, 2.22303e-06
4.68, 0.0287399, 0.00105503, 2.25468e-06
4.515, 0.0288559, 0.00106068, 2.24526e-06
4.52, 0.0288493, 0.00106116, 2.26324e-06
4.615, 0.0288004, 0.00105521, 2.22968e-06
4.695, 0.028858, 0.00106146, 2.26212e-06
4.385, 0.0288529, 0.00105961, 2.24311e-06
4.69, 0.0287888, 0.0010564, 2.24328e-06
4.67, 0.0287884, 0.0010566, 2.2483e-06
4.665, 0.0289232, 0.00106495, 2.27628e-06
4.39, 0.0290231, 0.00107396, 2.32995e-06
4.66, 0.0287873, 0.00105654, 2.24472e-06
4.655, 0.0287989, 0.00105932, 2.26313e-06
4.74, 0.0288859, 0.00105911, 2.22593e-06
4.445, 0.0289018, 0.00106313, 2.26534e-06
4.745, 0.0287128, 0.00105144, 2.22702e-06
4.73, 0.02874, 0.00105485, 2.23977e-06
4.735, 0.0288864, 0.00106366, 2.26514e-06
4.65, 0.028823, 0.00105771, 2.23318e-06
4.755, 0.0288283, 0.00105724, 2.22938e-06
4.71, 0.0287918, 0.0010567, 2.23756e-06
4.715, 0.0287827, 0.00105265, 2.20777e-06
4.725, 0.0287519, 0.00105174, 2.21448e-06
4.72, 0.028798, 0.00105678, 2.23931e-06
4.7, 0.0288133, 0.00105475, 2.21921e-06
4.705, 0.0288742, 0.00106224, 2.25919e-06
4.75, 0.0287529, 0.00105361, 2.23419e-06
4.765, 0.0288193, 0.00105932, 2.25215e-06
4.77, 0.0287228, 0.00104869, 2.19334e-06
4.78, 0.028822, 0.00105815, 2.2489e-06
4.775, 0.0288351, 0.00105658, 2.21822e-06
4.785, 0.0287732, 0.001055, 2.23024e-06
4.79, 0.0287381, 0.00105236, 2.23295e-06
4.76, 0.028812, 0.00105804, 2.24394e-06
4.795, 0.0288234, 0.00105849, 2.23735e-06
4.81, 0.0287875, 0.00105675, 2.24067e-06
4.805, 0.0287562, 0.00105225, 2.21121e-06
4.8, 0.0286356, 0.00104569, 2.19355e-06
4.815, 0.0286593, 0.00105005, 2.21975e-06
4.635, 0.0288166, 0.00105757, 2.24782e-06
4.825, 0.0287504, 0.00105208, 2.21442e-06
4.82, 0.0288202, 0.00105534, 2.21877e-06
4.83, 0.0287086, 0.00104984, 2.20767e-06
4.835, 0.0287022, 0.0010493, 2.19712e-06
4.875, 0.0285721, 0.00104151, 2.18657e-06
4.865, 0.028661, 0.00104422, 2.18272e-06
4.87, 0.0287753, 0.00105354, 2.23207e-06
4.86, 0.0286547, 0.0010449, 2.18362e-06
4.98, 0.0287667, 0.00105364, 2.22202e-06
4.93, 0.0288212, 0.00105829, 2.25274e-06
4.89, 0.0286331, 0.00104596, 2.20215e-06
4.92, 0.0287844, 0.00105652, 2.24068e-06
4.91, 0.0288411, 0.00105877, 2.23524e-06
4.925, 0.0287972, 0.00105368, 2.21187e-06
4.915, 0.0286894, 0.00104755, 2.20172e-06
4.94, 0.0288144, 0.00105717, 2.23666e-06
4.935, 0.028624, 0.00104429, 2.18549e-06
4.945, 0.0287954, 0.00105549, 2.22964e-06
4.95, 0.028768, 0.00105475, 2.2323e-06
4.985, 0.0288281, 0.00106048, 2.27061e-06
4.99, 0.0288204, 0.00105679, 2.24391e-06
4.955, 0.0287782, 0.00105517, 2.23006e-06
4.96, 0.0287796, 0.00105467, 2.22292e-06
4.965, 0.0287125, 0.0010509, 2.22065e-06
4.97, 0.0287166, 0.00104954, 2.19717e-06
4.975, 0.0287883, 0.00105149, 2.18198e-06
4.995, 0.0286042, 0.00104215, 2.17321e-06
5.005, 0.0285812, 0.00103995, 2.16449e-06
5.01, 0.0286389, 0.00104637, 2.19551e-06
5.02, 0.0286996, 0.00104908, 2.21399e-06
5.015, 0.0287733, 0.00105372, 2.21917e-06
4.895, 0.0288055, 0.00105538, 2.22491e-06
4.905, 0.0286716, 0.00104733, 2.19883e-06
5.035, 0.0286543, 0.00104868, 2.21567e-06
5.055, 0.0287078, 0.00104909, 2.19787e-06
5.06, 0.0287055, 0.00104798, 2.19841e-06
5.065, 0.0286461, 0.00104345, 2.17721e-06
5.05, 0.0287856, 0.00105515, 2.22543e-06
5.04, 0.0287095, 0.00104814, 2.18904e-06
5.025, 0.0286981, 0.00105001, 2.21671e-06
5.03, 0.0286646, 0.00104693, 2.19069e-06
4.9, 0.0287309, 0.00105148, 2.2231e-06
5.045, 0.0286686, 0.0010461, 2.20401e-06
5.09, 0.0287226, 0.00105128, 2.21386e-06
5.085, 0.0287437, 0.00105403, 2.23083e-06
5.095, 0.0286742, 0.0010462, 2.18575e-06
5.08, 0.0286379, 0.0010438, 2.17347e-06
5.075, 0.0286814, 0.0010464, 2.1854e-06
5.07, 0.0286938, 0.00105026, 2.21174e-06
5.105, 0.0285936, 0.0010469, 2.23344e-06
5.13, 0.0286828, 0.00105182, 2.24618e-06
5.12, 0.0286477, 0.00104316, 2.18038e-06
5.125, 0.0286293, 0.00104569, 2.20537e-06
5.115, 0.0287614, 0.00105226, 2.21649e-06
5.135, 0.0286948, 0.00104995, 2.21491e-06
5.11, 0.0286411, 0.00104754, 2.20748e-06
5.1, 0.0287986, 0.00105702, 2.24322e-06
5.15, 0.02865, 0.00104583, 2.19775e-06
5.16, 0.0287276, 0.00105057, 2.20659e-06
5.145, 0.0286221, 0.0010426, 2.16952e-06
5.175, 0.0286895, 0.00104807, 2.20846e-06
5.14, 0.0286441, 0.00104629, 2.20324e-06
5.2, 0.0286767, 0.00104701, 2.1904e-06
5.235, 0.0285584, 0.00104008, 2.17949e-06
5.215, 0.0287832, 0.00105518, 2.22703e-06
5.195, 0.0287225, 0.00105132, 2.2304e-06
5.18, 0.0287376, 0.00105151, 2.21144e-06
5.19, 0.0288076, 0.00105579, 2.21927e-06
5.185, 0.0287487, 0.00105204, 2.21545e-06
5.205, 0.0287809, 0.00105689, 2.24889e-06
5.225, 0.0287103, 0.00105006, 2.21644e-06
5.22, 0.0287828, 0.00105274, 2.19377e-06
5.25, 0.0287753, 0.0010537, 2.2272e-06
5.23, 0.0286714, 0.00104934, 2.24046e-06
5.245, 0.0286757, 0.00104818, 2.21035e-06
5.24, 0.0287376, 0.00104895, 2.17959e-06
5.21, 0.0286837, 0.00104942, 2.21805e-06
5.155, 0.0285879, 0.00104015, 2.15583e-06
5.255, 0.0285677, 0.00103767, 2.14933e-06
5.3, 0.0285295, 0.00103642, 2.14796e-06
5.295, 0.0287314, 0.00105271, 2.23444e-06
5.265, 0.0285545, 0.00103888, 2.1648e-06
5.29, 0.0286095, 0.00104218, 2.17567e-06
5.165, 0.0287714, 0.00105516, 2.23904e-06
5.27, 0.0287359, 0.0010522, 2.22702e-06
5.26, 0.0285969, 0.00104087, 2.16124e-06
5.285, 0.0286642, 0.00104541, 2.18597e-06
5.35, 0.0286288, 0.00104347, 2.18779e-06
5.33, 0.0286631, 0.00104655, 2.19716e-06
5.32, 0.0286521, 0.00104762, 2.20853e-06
5.325, 0.0287207, 0.00104924, 2.20522e-06
5.28, 0.0287445, 0.00105289, 2.23401e-06
5.335, 0.0286305, 0.00104345, 2.17772e-06
5.275, 0.0287326, 0.00105068, 2.20904e-06
5.345, 0.0286615, 0.00104655, 2.19132e-06
5.315, 0.0286942, 0.00104673, 2.18317e-06
5.34, 0.0286576, 0.0010496, 2.22717e-06
5.375, 0.0287599, 0.00105313, 2.21902e-06
5.395, 0.02855, 0.00104034, 2.17615e-06
5.36, 0.0287531, 0.00105003, 2.19997e-06
5.365, 0.0286845, 0.00104602, 2.18829e-06
5.39, 0.0286303, 0.00104323, 2.17704e-06
5.38, 0.0287029, 0.00104836, 2.19749e-06
5.405, 0.0287043, 0.00105109, 2.22141e-06
5.37, 0.0286998, 0.00104839, 2.197e-06
5.385, 0.0285955, 0.00104299, 2.19768e-06
5.355, 0.0286627, 0.00104569, 2.18973e-06
5.45, 0.0285466, 0.001037, 2.14635e-06
5.4, 0.0286511, 0.0010462, 2.20599e-06
5.305, 0.0287166, 0.00104931, 2.20573e-06
5.455, 0.0286879, 0.0010489, 2.19871e-06
5.435, 0.0286279, 0.00104485, 2.18897e-06
5.43, 0.0285448, 0.00103915, 2.17722e-06
5.42, 0.0285811, 0.0010424, 2.1898e-06
5.445, 0.0286511, 0.00104574, 2.186e-06
5.41, 0.0286179, 0.00104441, 2.19211e-06
5.44, 0.0286465, 0.00104566, 2.20701e-06
5.425, 0.028678, 0.00104867, 2.20572e-06
5.415, 0.0286477, 0.00104453, 2.18362e-06
5.46, 0.028705, 0.00104994, 2.21147e-06
5.17, 0.0287117, 0.00105019, 2.21216e-06
5.505, 0.0286066, 0.00104248, 2.1853e-06
5.51, 0.0286554, 0.00104684, 2.21045e-06
5.495, 0.0286131, 0.00104304, 2.18643e-06
5.5, 0.0284556, 0.00103076, 2.12553e-06
5.49, 0.0286551, 0.00104408, 2.16904e-06
5.485, 0.0286638, 0.00104696, 2.20625e-06
5.465, 0.0286308, 0.00104396, 2.18466e-06
5.56, 0.0286028, 0.00104025, 2.15732e-06
5.555, 0.0286883, 0.00104887, 2.19837e-06
5.55, 0.0285741, 0.00103987, 2.15772e-06
5.53, 0.0286122, 0.00104068, 2.15465e-06
5.475, 0.0286578, 0.00104442, 2.1857e-06
5.48, 0.0285639, 0.00103956, 2.16901e-06
5.47, 0.0286569, 0.00104625, 2.20594e-06
5.545, 0.0286642, 0.00104446, 2.17661e-06
5.54, 0.0286013, 0.00104186, 2.18253e-06
5.31, 0.0287224, 0.00105088, 2.22363e-06
5.535, 0.0285616, 0.00103996, 2.18238e-06
5.585, 0.0286198, 0.00104199, 2.16664e-06
5.58, 0.0286012, 0.00104144, 2.16931e-06
5.575, 0.0286278, 0.0010422, 2.17104e-06
5.52, 0.0285856, 0.00104125, 2.18189e-06
5.515, 0.0286426, 0.00104678, 2.19748e-06
5.525, 0.0286391, 0.00104572, 2.2014e-06
5.565, 0.0285163, 0.00103454, 2.13518e-06
5.57, 0.028513, 0.00103512, 2.14501e-06
5.59, 0.0285108, 0.00103524, 2.14373e-06
5.6, 0.0286744, 0.00104646, 2.19147e-06
5.595, 0.0285614, 0.00103796, 2.15025e-06
5.61, 0.0286338, 0.00104425, 2.1795e-06
5.66, 0.028556, 0.00103738, 2.14106e-06
5.605, 0.0285363, 0.00103649, 2.14279e-06
5.92, 0.0284907, 0.00103559, 2.15793e-06
5.64, 0.0285631, 0.00104086, 2.18315e-06
5.63, 0.0285359, 0.00103768, 2.1531e-06
5.635, 0.0285804, 0.00104144, 2.17468e-06
5.625, 0.0285381, 0.00103897, 2.17452e-06
5.615, 0.0285596, 0.00104182, 2.19995e-06
5.645, 0.0286188, 0.00104267, 2.17134e-06
5.65, 0.0286258, 0.00104542, 2.19253e-06
5.655, 0.0286158, 0.00104338, 2.18886e-06
5.67, 0.0285523, 0.00103843, 2.17146e-06
5.705, 0.028669, 0.00104688, 2.19615e-06
5.685, 0.0286894, 0.00104772, 2.18977e-06
5.69, 0.0284284, 0.00103061, 2.14097e-06
5.68, 0.028633, 0.00104363, 2.17957e-06
5.7, 0.0286589, 0.00104458, 2.17616e-06
5.675, 0.0286548, 0.00104831, 2.22174e-06
5.665, 0.0285417, 0.00103677, 2.1464e-06
5.695, 0.0286513, 0.00104286, 2.16968e-06
5.74, 0.0285581, 0.00103922, 2.18247e-06
5.75, 0.0285697, 0.00104029, 2.17582e-06
5.83, 0.0288101, 0.00105557, 2.21717e-06
5.735, 0.0285676, 0.00103932, 2.16164e-06
5.815, 0.0286337, 0.00104485, 2.19122e-06
5.73, 0.0285866, 0.00104089, 2.17442e-06
5.755, 0.0286262, 0.00104335, 2.17883e-06
5.77, 0.028635, 0.0010442, 2.18024e-06
5.805, 0.0287086, 0.00104683, 2.18255e-06
5.81, 0.0285646, 0.00103897, 2.15952e-06
5.82, 0.0284871, 0.00103481, 2.15169e-06
5.825, 0.0286462, 0.00104168, 2.16129e-06
5.85, 0.0287066, 0.00104773, 2.18925e-06
5.845, 0.0286277, 0.00104418, 2.17684e-06
5.835, 0.0285878, 0.00104213, 2.18626e-06
5.765, 0.0285153, 0.00103375, 2.11753e-06
5.84, 0.0285185, 0.00103456, 2.13425e-06
5.76, 0.0285863, 0.00104027, 2.16081e-06
5.88, 0.0285071, 0.00103586, 2.15488e-06
5.855, 0.0285819, 0.00104072, 2.16864e-06
5.745, 0.0285333, 0.0010371, 2.15368e-06
5.885, 0.0285667, 0.00103959, 2.15743e-06
5.905, 0.0286161, 0.00104496, 2.20443e-06
5.865, 0.0284842, 0.00103069, 2.11392e-06
5.9, 0.0286323, 0.00104065, 2.1481e-06
5.87, 0.0284881, 0.00103496, 2.15608e-06
5.91, 0.0285429, 0.00103728, 2.14987e-06
5.89, 0.0285817, 0.00103938, 2.15993e-06
5.875, 0.028544, 0.00103632, 2.14241e-06
5.86, 0.0285583, 0.0010394, 2.15949e-06
5.8, 0.028491, 0.00103633, 2.16088e-06
5.795, 0.0285865, 0.00103866, 2.137e-06
5.895, 0.0285126, 0.00103603, 2.14966e-06
5.915, 0.0284627, 0.00103207, 2.14168e-06
5.95, 0.0285132, 0.00103485, 2.1446e-06
5.71, 0.0285807, 0.00103967, 2.16052e-06
5.79, 0.028499, 0.00103599, 2.1622e-06
5.785, 0.0286416, 0.00104659, 2.20368e-06
5.945, 0.0286026, 0.00104077, 2.16664e-06
5.78, 0.0284805, 0.00103241, 2.14125e-06
5.775, 0.0285701, 0.00103753, 2.14743e-06
5.96, 0.0284971, 0.00103658, 2.16122e-06
5.725, 0.0286486, 0.00104509, 2.1962e-06
5.955, 0.0285317, 0.00103477, 2.13826e-06
5.72, 0.0285889, 0.00104202, 2.1913e-06
5.93, 0.0284868, 0.00103612, 2.16534e-06
5.715, 0.0286147, 0.00104194, 2.1641e-06
5.965, 0.0285392, 0.00103619, 2.14519e-06
5.94, 0.0284567, 0.00103282, 2.15908e-06
5.935, 0.0285328, 0.00103816, 2.15041e-06
5.925, 0.0285638, 0.00103895, 2.16384e-06
5.975, 0.0284602, 0.00103212, 2.14442e-06
5.97, 0.0284856, 0.0010344, 2.14354e-06
5.995, 0.028524, 0.00103689, 2.15483e-06
5.98, 0.0284846, 0.00103368, 2.14611e-06
5.985, 0.0285464, 0.00103761, 2.15729e-06
5.99, 0.0285419, 0.00103663, 2.15497e-06
6, 0.0285476, 0.00103818, 2.15754e-06
6.055, 0.0285765, 0.00104049, 2.17084e-06
6.01, 0.0285095, 0.00103391, 2.13139e-06
6.005, 0.0284053, 0.0010278, 2.12988e-06
6.015, 0.0285607, 0.00103728, 2.13935e-06
6.02, 0.0284362, 0.00102909, 2.12728e-06
6.025, 0.0285303, 0.00103356, 2.11621e-06
6.04, 0.0285034, 0.00103683, 2.16029e-06
6.035, 0.0284743, 0.00103304, 2.13585e-06
6.05, 0.0285527, 0.00103789, 2.15573e-06
6.03, 0.0285428, 0.00103667, 2.15094e-06
6.045, 0.0286338, 0.00104243, 2.16474e-06
6.06, 0.0285388, 0.00103531, 2.14127e-06
6.065, 0.0285298, 0.00103629, 2.14867e-06
6.08, 0.028507, 0.00103653, 2.1608e-06
6.09, 0.0285679, 0.00104082, 2.19273e-06
6.085, 0.0285385, 0.00103774, 2.16508e-06
6.07, 0.0285404, 0.00103549, 2.13385e-06
6.095, 0.0286288, 0.00104384, 2.17688e-06
6.1, 0.0285414, 0.00103705, 2.15612e-06
6.105, 0.0286086, 0.00104012, 2.15801e-06
6.075, 0.0286302, 0.00104306, 2.17186e-06
6.125, 0.0284512, 0.0010309, 2.13473e-06
6.15, 0.028439, 0.00103216, 2.13978e-06
6.11, 0.0284835, 0.00103333, 2.14334e-06
6.145, 0.0285443, 0.00103476, 2.12801e-06
6.155, 0.0284525, 0.00103239, 2.13953e-06
6.14, 0.0283956, 0.00102761, 2.10939e-06
6.115, 0.0284664, 0.00103196, 2.13582e-06
6.16, 0.0284884, 0.00103422, 2.1461e-06
6.17, 0.028606, 0.00104098, 2.16708e-06
6.175, 0.0286636, 0.001046, 2.19387e-06
6.165, 0.0284413, 0.00102889, 2.11222e-06
6.19, 0.0286199, 0.00104296, 2.17778e-06
6.185, 0.0285662, 0.00103916, 2.16753e-06
6.18, 0.0283644, 0.00102676, 2.12007e-06
6.195, 0.0284984, 0.00103289, 2.12015e-06
6.205, 0.0284818, 0.00103165, 2.13347e-06
6.2, 0.0285789, 0.00103899, 2.15612e-06
6.135, 0.0285414, 0.00103672, 2.15899e-06
6.225, 0.0284939, 0.00103459, 2.14708e-06
6.245, 0.0284554, 0.00103092, 2.12447e-06
6.25, 0.0284559, 0.00103154, 2.13283e-06
6.235, 0.0285247, 0.00103632, 2.15072e-06
6.13, 0.028537, 0.00103605, 2.1427e-06
6.255, 0.0286274, 0.00104403, 2.17957e-06
6.26, 0.0283671, 0.001023, 2.0857e-06
6.24, 0.028606, 0.00104179, 2.18449e-06
6.265, 0.0285801, 0.00104199, 2.17824e-06
6.295, 0.0284623, 0.00103193, 2.14523e-06
6.3, 0.0285199, 0.00103565, 2.15196e-06
6.29, 0.028585, 0.00104125, 2.18236e-06
6.285, 0.0285558, 0.0010365, 2.13781e-06
6.275, 0.0285254, 0.00103574, 2.15206e-06
6.21, 0.0284506, 0.00103176, 2.1385e-06
6.28, 0.0284776, 0.00103508, 2.16741e-06
6.22, 0.0284431, 0.00103113, 2.14032e-06
6.31, 0.0284077, 0.00103032, 2.14207e-06
6.215, 0.0284592, 0.00103015, 2.12489e-06
6.325, 0.0286244, 0.00104268, 2.16753e-06
6.32, 0.0284619, 0.00103338, 2.14704e-06
6.23, 0.0285056, 0.00103441, 2.14741e-06
6.33, 0.0285049, 0.00103436, 2.14462e-06
6.335, 0.0285208, 0.00103381, 2.12727e-06
6.315, 0.0285313, 0.00103311, 2.1075e-06
6.27, 0.0284216, 0.00103069, 2.1382e-06
6.305, 0.0284997, 0.001033, 2.12565e-06
6.345, 0.0285039, 0.00103302, 2.1328e-06
6.35, 0.0285098, 0.00103327, 2.12716e-06
6.355, 0.0284378, 0.00103078, 2.13152e-06
6.34, 0.0284436, 0.00103075, 2.12773e-06
6.36, 0.0285443, 0.00103515, 2.12517e-06
6.365, 0.0284655, 0.00103281, 2.13958e-06
6.39, 0.0284261, 0.00102877, 2.11125e-06
6.41, 0.0285521, 0.00104041, 2.17804e-06
6.38, 0.0283445, 0.00102574, 2.12003e-06
6.405, 0.02849, 0.001032, 2.12969e-06
6.385, 0.0284363, 0.00102926, 2.10724e-06
6.4, 0.0285504, 0.00103684, 2.13814e-06
6.415, 0.0284099, 0.00103166, 2.1683e-06
6.395, 0.0285017, 0.00103424, 2.14627e-06
6.42, 0.0284223, 0.00102556, 2.08883e-06
6.425, 0.028473, 0.00103202, 2.13679e-06
6.44, 0.0284772, 0.00103414, 2.16058e-06
6.43, 0.0285625, 0.00103744, 2.14167e-06
6.455, 0.0285188, 0.00103756, 2.15813e-06
6.45, 0.0283462, 0.00102401, 2.10773e-06
6.445, 0.0285397, 0.00103607, 2.15118e-06
6.465, 0.0284423, 0.00102783, 2.10455e-06
6.37, 0.0284956, 0.00103269, 2.13753e-06
6.51, 0.0285252, 0.00103531, 2.13422e-06
6.5, 0.0283742, 0.0010262, 2.1054e-06
6.49, 0.0285983, 0.00104204, 2.18251e-06
6.505, 0.0284864, 0.00103489, 2.15268e-06
6.485, 0.0285412, 0.00103733, 2.1624e-06
6.535, 0.0286242, 0.0010403, 2.15554e-06
6.495, 0.0282901, 0.00102121, 2.10171e-06
6.53, 0.028439, 0.00102916, 2.13212e-06
6.525, 0.0284481, 0.00103003, 2.12404e-06
6.48, 0.0285045, 0.00103454, 2.13803e-06
6.375, 0.0283838, 0.00102613, 2.11256e-06
6.585, 0.0283019, 0.00101961, 2.07771e-06
6.565, 0.0283635, 0.0010236, 2.0919e-06
6.545, 0.0284387, 0.00103053, 2.12398e-06
6.58, 0.0284171, 0.00102726, 2.10036e-06
6.46, 0.0284253, 0.00102826, 2.11733e-06
6.55, 0.0283844, 0.00102809, 2.12083e-06
6.54, 0.0284837, 0.00103499, 2.1493e-06
6.56, 0.0285289, 0.00103583, 2.14271e-06
6.47, 0.0284309, 0.00102832, 2.11385e-06
6.57, 0.0285433, 0.00103524, 2.13388e-06
6.555, 0.0284569, 0.00103115, 2.13226e-06
6.515, 0.0284339, 0.00102771, 2.10344e-06
6.575, 0.0284328, 0.00102792, 2.10064e-06
6.52, 0.0285144, 0.00103685, 2.1589e-06
6.615, 0.0283597, 0.00102616, 2.12004e-06
6.6, 0.0284077, 0.00102731, 2.10855e-06
6.605, 0.0284824, 0.0010337, 2.1409e-06
6.61, 0.0284581, 0.00102775, 2.08794e-06
6.595, 0.0285698, 0.00103832, 2.13904e-06
6.645, 0.0284282, 0.00103343, 2.16799e-06
6.435, 0.0284516, 0.00102901, 2.11637e-06
6.66, 0.0285278, 0.00103633, 2.15884e-06
6.655, 0.0284469, 0.00103245, 2.14527e-06
6.65, 0.0283845, 0.00102761, 2.12758e-06
6.635, 0.0283967, 0.00102739, 2.10994e-06
6.62, 0.0284661, 0.00103335, 2.1479e-06
6.64, 0.0283768, 0.00102624, 2.12069e-06
6.625, 0.0285687, 0.00104044, 2.18028e-06
6.63, 0.0285312, 0.00103513, 2.13097e-06
6.59, 0.0284282, 0.00102997, 2.13227e-06
6.475, 0.0285108, 0.00103351, 2.1227e-06
6.665, 0.0283586, 0.00102313, 2.09446e-06
6.675, 0.0284924, 0.00103617, 2.16222e-06
6.705, 0.0284532, 0.00102981, 2.1126e-06
6.71, 0.028489, 0.00103274, 2.13392e-06
6.735, 0.02853, 0.00103576, 2.14271e-06
6.74, 0.0284738, 0.00103337, 2.14092e-06
6.685, 0.0283827, 0.00102771, 2.12609e-06
6.69, 0.0284253, 0.0010274, 2.09824e-06
6.68, 0.0285596, 0.00103722, 2.14738e-06
6.695, 0.0283679, 0.0010257, 2.12008e-06
6.73, 0.0284739, 0.00103495, 2.16729e-06
6.7, 0.0283496, 0.00102409, 2.10392e-06
6.755, 0.0284682, 0.00102867, 2.10242e-06
6.75, 0.028425, 0.00102973, 2.1257e-06
6.77, 0.0285319, 0.00103799, 2.16287e-06
6.76, 0.0285228, 0.00103696, 2.1656e-06
6.765, 0.0284927, 0.00103341, 2.13593e-06
6.725, 0.0284031, 0.00102654, 2.10748e-06
6.72, 0.0284473, 0.0010305, 2.13877e-06
6.78, 0.028429, 0.0010305, 2.14115e-06
6.745, 0.0284834, 0.00103358, 2.14147e-06
6.775, 0.0284047, 0.00103044, 2.14454e-06
6.67, 0.0284853, 0.00103334, 2.14491e-06
6.79, 0.0284009, 0.00102768, 2.12068e-06
6.795, 0.0284058, 0.00102902, 2.12924e-06
6.715, 0.0284984, 0.00103373, 2.13711e-06
6.785, 0.0282642, 0.00101977, 2.09702e-06
6.82, 0.0283623, 0.00102496, 2.11022e-06
6.8, 0.028384, 0.00102771, 2.11821e-06
6.81, 0.0284527, 0.00103215, 2.14742e-06
6.805, 0.028373, 0.00102251, 2.07673e-06
6.815, 0.0284149, 0.00102867, 2.12429e-06
6.87, 0.0283966, 0.00102641, 2.10913e-06
6.83, 0.0283412, 0.00102263, 2.09735e-06
6.845, 0.0285188, 0.00103403, 2.12811e-06
6.825, 0.0283631, 0.00102392, 2.10762e-06
6.85, 0.0284553, 0.00102981, 2.11434e-06
6.855, 0.0282842, 0.00102022, 2.08524e-06
6.86, 0.0285021, 0.00103525, 2.14814e-06
6.84, 0.0282646, 0.00102084, 2.10396e-06
6.865, 0.0284051, 0.00102943, 2.14075e-06
6.875, 0.0285173, 0.00103635, 2.14728e-06
6.88, 0.0283788, 0.00102639, 2.12382e-06
6.905, 0.0284299, 0.00102896, 2.13056e-06
6.915, 0.0284915, 0.00103311, 2.13641e-06
6.925, 0.0284512, 0.00102888, 2.11056e-06
6.92, 0.0285141, 0.00103377, 2.13071e-06
6.89, 0.0282502, 0.00101686, 2.07747e-06
6.885, 0.0283512, 0.00102521, 2.11535e-06
6.91, 0.0284187, 0.001029, 2.11794e-06
6.895, 0.0285425, 0.00103779, 2.15702e-06
6.9, 0.0283991, 0.00102834, 2.12487e-06
6.965, 0.02849, 0.00103321, 2.138e-06
6.975, 0.028399, 0.00102625, 2.09917e-06
6.95, 0.0283776, 0.00102501, 2.10746e-06
6.94, 0.0285036, 0.00103624, 2.16125e-06
6.97, 0.0284338, 0.00102808, 2.10768e-06
6.93, 0.0284435, 0.00103039, 2.12404e-06
6.945, 0.0284706, 0.00103074, 2.12702e-06
6.955, 0.0284315, 0.00102705, 2.10508e-06
6.96, 0.0283897, 0.00102744, 2.12151e-06
6.935, 0.0284513, 0.00102982, 2.13445e-06
7.065, 0.0284305, 0.00102779, 2.10868e-06
6.835, 0.0283897, 0.00102428, 2.09729e-06
7.045, 0.0282997, 0.00101916, 2.07949e-06
7.055, 0.0283633, 0.00102322, 2.0921e-06
7.08, 0.0283844, 0.00102535, 2.10568e-06
7.075, 0.0284057, 0.0010288, 2.12714e-06
7.12, 0.0284093, 0.0010288, 2.12677e-06
7.11, 0.0283804, 0.00102516, 2.10267e-06
7.085, 0.0284418, 0.00103099, 2.1271e-06
7.09, 0.0282572, 0.0010182, 2.08339e-06
7.025, 0.0284902, 0.00103384, 2.14107e-06
7.115, 0.0283809, 0.00102479, 2.09032e-06
7.07, 0.0282798, 0.00102126, 2.10284e-06
7.06, 0.0283957, 0.00102726, 2.11744e-06
7.05, 0.0283449, 0.00102394, 2.10773e-06
7, 0.0283029, 0.00102241, 2.10817e-06
6.995, 0.0284374, 0.00103039, 2.13185e-06
6.98, 0.0284739, 0.00103206, 2.13099e-06
7.135, 0.0284735, 0.00103386, 2.14747e-06
7.02, 0.028541, 0.00103789, 2.161e-06
7.04, 0.0284556, 0.00102973, 2.11539e-06
7.13, 0.028412, 0.00102558, 2.09628e-06
7.125, 0.0284202, 0.00102987, 2.13687e-06
7.015, 0.0283594, 0.0010259, 2.11777e-06
7.145, 0.0284722, 0.00103051, 2.11304e-06
7.14, 0.0283467, 0.00102215, 2.08462e-06
7.005, 0.0285174, 0.00103452, 2.13731e-06
7.01, 0.0284611, 0.00102975, 2.11014e-06
7.035, 0.0284913, 0.00103381, 2.14334e-06
7.03, 0.028463, 0.0010315, 2.12105e-06
7.15, 0.0282993, 0.00102073, 2.09147e-06
7.095, 0.0283903, 0.00102723, 2.12471e-06
7.165, 0.0284517, 0.0010323, 2.13982e-06
7.16, 0.0284755, 0.00103114, 2.1283e-06
7.105, 0.0283063, 0.00101908, 2.06941e-06
7.18, 0.0283472, 0.00102263, 2.09899e-06
7.1, 0.0284338, 0.00102952, 2.11368e-06
7.155, 0.0285139, 0.00103455, 2.1388e-06
6.985, 0.0284654, 0.00103096, 2.1296e-06
7.17, 0.0285562, 0.00103787, 2.15525e-06
7.175, 0.0284618, 0.00103315, 2.15292e-06
6.99, 0.0283385, 0.00102299, 2.09927e-06
7.195, 0.0284437, 0.00102844, 2.11042e-06
7.2, 0.0283291, 0.00102003, 2.07656e-06
7.185, 0.0283589, 0.0010229, 2.09124e-06
7.19, 0.0284323, 0.0010305, 2.1295e-06
7.21, 0.0284922, 0.00103026, 2.10672e-06
7.22, 0.0282912, 0.00101964, 2.0774e-06
7.215, 0.0284144, 0.00102766, 2.11277e-06
7.23, 0.0284196, 0.00102931, 2.12869e-06
7.205, 0.0282419, 0.0010171, 2.08345e-06
7.225, 0.0284317, 0.00103003, 2.13045e-06
7.24, 0.0283453, 0.00102361, 2.10513e-06
7.245, 0.0283929, 0.00102538, 2.09582e-06
7.27, 0.0283349, 0.00102408, 2.09943e-06
7.25, 0.0283797, 0.00102663, 2.11583e-06
7.255, 0.0283829, 0.00102556, 2.10201e-06
7.265, 0.028162, 0.00101198, 2.06657e-06
7.26, 0.0282974, 0.00101978, 2.08433e-06
7.29, 0.028446, 0.00102903, 2.11933e-06
7.285, 0.0283388, 0.00102214, 2.0951e-06
7.295, 0.0283105, 0.00101853, 2.06332e-06
7.28, 0.0285175, 0.00103444, 2.13178e-06
7.275, 0.0283913, 0.00102582, 2.09621e-06
7.3, 0.0283685, 0.0010278, 2.1335e-06
7.31, 0.0283642, 0.00102544, 2.10282e-06
7.315, 0.0284752, 0.00103377, 2.1473e-06
7.235, 0.0281684, 0.0010122, 2.06199e-06
7.32, 0.0283053, 0.00102099, 2.08057e-06
7.325, 0.0283296, 0.00102536, 2.12583e-06
7.345, 0.0282739, 0.00101967, 2.0952e-06
7.35, 0.028321, 0.00102393, 2.10764e-06
7.33, 0.0282707, 0.00101691, 2.06516e-06
7.385, 0.028275, 0.00101876, 2.07101e-06
7.38, 0.0284027, 0.00102773, 2.12036e-06
7.39, 0.0282857, 0.00101858, 2.08199e-06
7.36, 0.0284577, 0.00103071, 2.1424e-06
7.375, 0.0284308, 0.00102801, 2.10468e-06
7.4, 0.0283188, 0.00102186, 2.09129e-06
7.41, 0.0283535, 0.00102508, 2.11605e-06
7.335, 0.0282935, 0.00101923, 2.08504e-06
7.425, 0.0282826, 0.00101844, 2.07223e-06
7.43, 0.0283011, 0.00102137, 2.10434e-06
7.355, 0.0283175, 0.00102075, 2.0844e-06
7.46, 0.0283196, 0.00102161, 2.09223e-06
7.34, 0.0283421, 0.00102256, 2.08182e-06
7.485, 0.0284158, 0.00102744, 2.1034e-06
7.49, 0.0283986, 0.00102853, 2.13109e-06
7.415, 0.0284964, 0.00103204, 2.13157e-06
7.505, 0.0282677, 0.00101599, 2.06383e-06
7.395, 0.0282667, 0.00101906, 2.08085e-06
7.53, 0.0283206, 0.00101996, 2.08587e-06
7.535, 0.0284867, 0.00103191, 2.11839e-06
7.45, 0.028359, 0.00102381, 2.0982e-06
7.475, 0.0284074, 0.00102849, 2.12539e-06
7.445, 0.0284154, 0.00102792, 2.11665e-06
7.545, 0.0283538, 0.00102359, 2.09559e-06
7.47, 0.0283628, 0.00102394, 2.08545e-06
7.48, 0.0283565, 0.00102527, 2.10634e-06
7.405, 0.0283077, 0.00102106, 2.08991e-06
7.54, 0.0282846, 0.00101836, 2.07665e-06
7.62, 0.0283876, 0.00102705, 2.12337e-06
7.495, 0.0282817, 0.00101726, 2.06101e-06
7.515, 0.0283202, 0.00102081, 2.0964e-06
7.55, 0.0283688, 0.00102298, 2.09139e-06
7.56, 0.0284067, 0.00102678, 2.10275e-06
7.42, 0.0284396, 0.00103247, 2.13751e-06
7.555, 0.0282117, 0.00101606, 2.08267e-06
7.57, 0.0283593, 0.00102378, 2.08003e-06
7.455, 0.0283556, 0.00102591, 2.11785e-06
7.5, 0.0283357, 0.00102202, 2.08933e-06
7.51, 0.0283774, 0.00102568, 2.10745e-06
7.565, 0.0284489, 0.00102757, 2.11114e-06
7.44, 0.0283243, 0.00102323, 2.1098e-06
7.525, 0.0284572, 0.00103057, 2.12316e-06
7.52, 0.0282486, 0.00101508, 2.06628e-06
7.465, 0.0284029, 0.00102683, 2.10749e-06
7.615, 0.028263, 0.00101819, 2.08001e-06
7.63, 0.0284307, 0.00102849, 2.12623e-06
7.655, 0.0284564, 0.00103096, 2.12731e-06
7.61, 0.0283629, 0.00102494, 2.10143e-06
7.67, 0.0283743, 0.00102518, 2.11132e-06
7.675, 0.0282665, 0.00101918, 2.09028e-06
7.435, 0.0282665, 0.00101777, 2.08015e-06
7.705, 0.0284886, 0.00103355, 2.13623e-06
7.72, 0.0284455, 0.00102891, 2.10969e-06
7.71, 0.0283953, 0.00102767, 2.12457e-06
7.725, 0.0283672, 0.00102561, 2.11601e-06
7.7, 0.0283132, 0.00102022, 2.08264e-06
7.695, 0.0283827, 0.00102446, 2.09601e-06
7.715, 0.0283021, 0.00101954, 2.07613e-06
7.625, 0.0283164, 0.00102103, 2.089e-06
7.68, 0.0283308, 0.00102366, 2.11817e-06
7.685, 0.0282479, 0.00101485, 2.06747e-06
7.575, 0.0285128, 0.00103026, 2.10072e-06
7.745, 0.0283403, 0.00102253, 2.09589e-06
7.76, 0.0281786, 0.00101449, 2.0816e-06
7.735, 0.0283019, 0.00102088, 2.09442e-06
7.765, 0.0281786, 0.00101267, 2.07016e-06
7.77, 0.0283835, 0.00102532, 2.08537e-06
7.645, 0.0283969, 0.00102549, 2.09825e-06
4.85, 0.0287656, 0.00105404, 2.22481e-06
7.69, 0.0283622, 0.00102504, 2.10132e-06
7.64, 0.0284311, 0.00102575, 2.08363e-06
4.84, 0.0288075, 0.0010583, 2.25133e-06
7.635, 0.0284758, 0.001031, 2.11923e-06
7.65, 0.0283498, 0.00102142, 2.07795e-06
4.855, 0.0288209, 0.00105518, 2.21822e-06
7.795, 0.0283011, 0.00101885, 2.06791e-06
4.845, 0.0287601, 0.00105278, 2.20719e-06
7.805, 0.028329, 0.0010247, 2.1229e-06
7.73, 0.0282514, 0.00101733, 2.0866e-06
7.815, 0.0283485, 0.00102085, 2.06997e-06
7.58, 0.0283526, 0.0010229, 2.09091e-06
7.81, 0.0282442, 0.00101729, 2.07398e-06
7.585, 0.0283839, 0.00102727, 2.12733e-06
7.66, 0.0282519, 0.00101601, 2.06429e-06
7.82, 0.0282399, 0.00101918, 2.09669e-06
7.75, 0.028256, 0.00101847, 2.0822e-06
7.59, 0.02845, 0.00102913, 2.12305e-06
7.595, 0.0282809, 0.00101886, 2.08189e-06
7.775, 0.0283235, 0.00102224, 2.10171e-06
7.8, 0.0283589, 0.00102343, 2.0972e-06
7.785, 0.0283267, 0.00102345, 2.09675e-06
7.665, 0.0283023, 0.00101868, 2.06964e-06
7.83, 0.0282636, 0.00101834, 2.0817e-06
7.825, 0.028406, 0.00102819, 2.13163e-06
7.835, 0.0282838, 0.00101903, 2.07489e-06
7.84, 0.0282214, 0.00101555, 2.07609e-06
7.74, 0.0283361, 0.00102267, 2.0963e-06
7.79, 0.0282493, 0.00101667, 2.0699e-06
7.855, 0.0284853, 0.00103117, 2.11808e-06
7.85, 0.0282356, 0.00101444, 2.05826e-06
7.755, 0.0282731, 0.00101929, 2.09566e-06
7.78, 0.028193, 0.0010141, 2.06435e-06
6
7.86, 0.0283722, 0.00102373, 2.0853e-06
7.875, 0.0283539, 0.00102355, 2.10027e-06
7.87, 0.0282246, 0.00101589, 2.07567e-06
7.845, 0.0283681, 0.00102481, 2.10229e-06
7.915, 0.0283676, 0.0010251, 2.1093e-06
7.88, 0.0283139, 0.00102039, 2.08919e-06
7.865, 0.0283205, 0.00102104, 2.09615e-06
7.95, 0.0283092, 0.0010216, 2.10046e-06
7.89, 0.0285103, 0.00103402, 2.13405e-06
7.895, 0.0282931, 0.00102003, 2.09582e-06
7.92, 0.0283349, 0.0010224, 2.10356e-06
7.885, 0.0283226, 0.00102085, 2.08749e-06
7.9, 0.0283141, 0.00102096, 2.0803e-06
7.91, 0.0282261, 0.00101353, 2.0544e-06
7.905, 0.0283714, 0.00102383, 2.09795e-06
7.935, 0.0282581, 0.00101831, 2.08534e-06
7.945, 0.0282231, 0.0010167, 2.0813e-06
7.94, 0.0282586, 0.00101722, 2.0778e-06
7.955, 0.0282965, 0.00101923, 2.07776e-06
7.965, 0.0282404, 0.00101557, 2.07748e-06
7.96, 0.0281985, 0.00101403, 2.06883e-06
7.97, 0.0282587, 0.00101716, 2.06834e-06
7.975, 0.028281, 0.00102043, 2.10911e-06
7.93, 0.0283905, 0.00102538, 2.09314e-06
7.925, 0.0284278, 0.00102701, 2.10133e-06
7.98, 0.028401, 0.00102679, 2.10261e-06
7.605, 0.028399, 0.00102447, 2.08725e-06
7.99, 0.0283812, 0.00102598, 2.11662e-06
7.995, 0.0285147, 0.00103464, 2.14932e-06
8.015, 0.0282966, 0.00102144, 2.09529e-06
8.01, 0.0283983, 0.00102488, 2.08883e-06
7.985, 0.0283436, 0.00102183, 2.08798e-06
8.005, 0.0281767, 0.00101226, 2.05751e-06
8.035, 0.0282404, 0.001016, 2.07666e-06
7.6, 0.0283595, 0.0010262, 2.12331e-06
8.045, 0.0282345, 0.00101706, 2.09268e-06
8.04, 0.0283885, 0.00102373, 2.07849e-06
8.03, 0.0283248, 0.0010227, 2.10259e-06
8.09, 0.0282601, 0.00101703, 2.07425e-06
8.05, 0.0282303, 0.00101402, 2.06254e-06
8.085, 0.0283561, 0.00102694, 2.12541e-06
8.055, 0.0282037, 0.00101334, 2.06265e-06
8.06, 0.0283123, 0.00101923, 2.06986e-06
8.095, 0.0281912, 0.00101194, 2.0407e-06
8.07, 0.028254, 0.00102014, 2.11345e-06
8.08, 0.0283401, 0.00102204, 2.09725e-06
8.195, 0.0283485, 0.00102512, 2.10695e-06
8.075, 0.0283222, 0.00102318, 2.09833e-06
8.065, 0.0282479, 0.00101733, 2.07742e-06
8.175, 0.0281447, 0.00101214, 2.07082e-06
8.14, 0.0283344, 0.00102255, 2.09178e-06
8.12, 0.0283463, 0.00102387, 2.10678e-06
8.11, 0.0283149, 0.00102058, 2.09026e-06
8.13, 0.0283464, 0.00102264, 2.09301e-06
8.135, 0.0282675, 0.00101541, 2.05177e-06
8.125, 0.0283131, 0.00102237, 2.10035e-06
8.145, 0.0282847, 0.00101788, 2.06908e-06
8.115, 0.0284071, 0.00102826, 2.11606e-06
8.1, 0.0282997, 0.00102055, 2.0829e-06
8.16, 0.0281212, 0.00100809, 2.03712e-06
8.265, 0.0283412, 0.0010253, 2.12074e-06
8.27, 0.0282689, 0.0010181, 2.09232e-06
8.26, 0.0282803, 0.0010191, 2.08607e-06
8, 0.0283215, 0.00102075, 2.08218e-06
8.165, 0.0283283, 0.00102104, 2.08574e-06
8.17, 0.0283189, 0.00102161, 2.08751e-06
8.255, 0.0282814, 0.00101912, 2.07696e-06
8.15, 0.0282632, 0.00101624, 2.06312e-06
8.25, 0.0282813, 0.00101823, 2.07007e-06
8.105, 0.0282547, 0.00101775, 2.07859e-06
8.295, 0.0282616, 0.00101595, 2.05367e-06
8.155, 0.0283309, 0.00102194, 2.08811e-06
8.215, 0.0283793, 0.00102594, 2.11102e-06
8.245, 0.0282099, 0.00101475, 2.06827e-06
8.24, 0.0282635, 0.00101641, 2.05652e-06
8.02, 0.0283242, 0.00102103, 2.09491e-06
8.225, 0.0284213, 0.00102841, 2.12069e-06
8.22, 0.0282518, 0.00101639, 2.08049e-06
8.23, 0.0282576, 0.00101747, 2.07851e-06
8.235, 0.0282971, 0.00101891, 2.07528e-06
8.18, 0.0282775, 0.00101822, 2.07483e-06
8.19, 0.0282863, 0.00102121, 2.09983e-06
8.2, 0.0283529, 0.00102161, 2.07991e-06
8.185, 0.0282782, 0.0010216, 2.10997e-06
8.205, 0.0282903, 0.00101918, 2.09199e-06
8.21, 0.0282254, 0.00101372, 2.05171e-06
8.34, 0.0283304, 0.0010229, 2.0991e-06
8.345, 0.0281977, 0.00101148, 2.04762e-06
8.325, 0.0283215, 0.00102158, 2.10128e-06
8.33, 0.0282422, 0.00101625, 2.06549e-06
8.29, 0.0281419, 0.00100956, 2.05335e-06
4.885, 0.0285627, 0.00103747, 2.14334e-06
8.32, 0.0283194, 0.00102167, 2.10467e-06
8.025, 0.0282146, 0.001014, 2.06084e-06
8.285, 0.0282989, 0.00101869, 2.0705e-06
8.435, 0.0282967, 0.00101687, 2.05429e-06
8.445, 0.0283219, 0.00101979, 2.07467e-06
8.44, 0.028208, 0.00101406, 2.06261e-06
8.28, 0.0282892, 0.00101999, 2.09165e-06
8.275, 0.0283718, 0.00102789, 2.13869e-06
8.35, 0.028378, 0.00102444, 2.10128e-06
8.355, 0.0282776, 0.00101875, 2.07795e-06
8.36, 0.0281192, 0.0010073, 2.03375e-06
8.315, 0.0282848, 0.00102064, 2.09281e-06
8.31, 0.0282672, 0.00101551, 2.05515e-06
8.305, 0.0282568, 0.00101884, 2.07599e-06
5, 0.0286904, 0.00104735, 2.1977e-06
8.42, 0.028203, 0.00101517, 2.07611e-06
8.3, 0.0283168, 0.0010195, 2.06992e-06
8.425, 0.0281598, 0.00101055, 2.04375e-06
8.365, 0.028266, 0.00101742, 2.06719e-06
8.43, 0.0281846, 0.00101276, 2.05374e-06
8.335, 0.0283231, 0.00102086, 2.08282e-06
8.39, 0.0282745, 0.00101711, 2.06094e-06
8.395, 0.0282145, 0.00101706, 2.09518e-06
8.4, 0.0281998, 0.00101143, 2.04148e-06
8.37, 0.0283054, 0.00101919, 2.08072e-06
8.375, 0.0282747, 0.00101993, 2.09411e-06
8.475, 0.0283386, 0.00102437, 2.11084e-06
8.38, 0.0282994, 0.00101888, 2.08373e-06
8.385, 0.0282396, 0.00101577, 2.06325e-06
8.405, 0.0280971, 0.00100672, 2.04207e-06
8.415, 0.0282632, 0.00101732, 2.07708e-06
8.41, 0.0283249, 0.00102176, 2.09858e-06
8.485, 0.0282762, 0.00101805, 2.07291e-06
8.495, 0.0282439, 0.00101605, 2.06547e-06
8.48, 0.0281919, 0.00101319, 2.06149e-06
8.49, 0.0282832, 0.00101718, 2.06937e-06
8.45, 0.0282753, 0.00101861, 2.08116e-06
8.455, 0.0283623, 0.00102592, 2.10805e-06
8.47, 0.0281911, 0.00101189, 2.04716e-06
8.465, 0.0282159, 0.0010124, 2.04101e-06
8.51, 0.0283062, 0.00101931, 2.07528e-06
8.515, 0.0283868, 0.00102562, 2.09464e-06
8.5, 0.0282919, 0.00101807, 2.07174e-06
8.46, 0.0281613, 0.00100994, 2.0474e-06
8.505, 0.0282629, 0.00101495, 2.05083e-06
8.52, 0.0283341, 0.00102004, 2.08193e-06
8.54, 0.028231, 0.00101675, 2.08582e-06
8.535, 0.0282072, 0.0010158, 2.0864e-06
8.545, 0.0282577, 0.00101628, 2.05843e-06
8.555, 0.0282422, 0.00101638, 2.07941e-06
8.57, 0.0283657, 0.00102459, 2.09822e-06
8.56, 0.0283392, 0.00102215, 2.08603e-06
8.565, 0.0282229, 0.00101236, 2.04566e-06
8.55, 0.0281749, 0.00101151, 2.04537e-06
8.575, 0.028216, 0.00101396, 2.05708e-06
8.58, 0.028325, 0.00102012, 2.08692e-06
8.53, 0.0281877, 0.00101112, 2.03557e-06
8.59, 0.0281449, 0.00101102, 2.04517e-06
8.6, 0.0282574, 0.00101782, 2.07964e-06
8.595, 0.0281583, 0.00101103, 2.04463e-06
8.61, 0.0283093, 0.00102075, 2.0828e-06
8.585, 0.0282909, 0.0010159, 2.04537e-06
8.615, 0.0281916, 0.00101281, 2.06129e-06
8.63, 0.0281879, 0.00101256, 2.05795e-06
8.62, 0.0282553, 0.00101944, 2.09303e-06
8.625, 0.0283468, 0.00102271, 2.08774e-06
8.67, 0.0283066, 0.00102154, 2.10375e-06
8.525, 0.0283863, 0.00102514, 2.09932e-06
8.64, 0.0283039, 0.00101701, 2.04958e-06
8.665, 0.028298, 0.00101957, 2.08863e-06
8.695, 0.0280364, 0.00100471, 2.04035e-06
8.69, 0.0282462, 0.00101437, 2.04668e-06
8.65, 0.0283173, 0.00101904, 2.06823e-06
8.645, 0.0283352, 0.00102275, 2.09384e-06
8.685, 0.0283231, 0.00102231, 2.09661e-06
8.605, 0.0282232, 0.00101773, 2.1012e-06
8.71, 0.0282307, 0.00101696, 2.08289e-06
8.715, 0.0283106, 0.00102113, 2.09261e-06
8.675, 0.0281917, 0.00101136, 2.04866e-06
8.725, 0.0283417, 0.00102244, 2.09014e-06
8.72, 0.0284136, 0.00102881, 2.12849e-06
8.735, 0.0283127, 0.00102147, 2.08802e-06
8.745, 0.0282768, 0.0010181, 2.08647e-06
8.75, 0.02816, 0.00101065, 2.05993e-06
8.635, 0.0281392, 0.00100956, 2.04389e-06
8.66, 0.0283696, 0.00102397, 2.0899e-06
8.655, 0.0282351, 0.00101244, 2.03506e-06
8.7, 0.0282075, 0.00101156, 2.03793e-06
8.68, 0.0282179, 0.00101558, 2.07972e-06
8.74, 0.0282804, 0.00101882, 2.07914e-06
8.765, 0.0282404, 0.00101737, 2.09953e-06
8.705, 0.028086, 0.00100534, 2.03279e-06
8.78, 0.0282325, 0.00101653, 2.08507e-06
8.775, 0.0282088, 0.00101456, 2.06927e-06
8.835, 0.0282861, 0.00101745, 2.06624e-06
8.81, 0.0282963, 0.00101827, 2.07431e-06
8.84, 0.0281832, 0.00101125, 2.05549e-06
8.825, 0.0282521, 0.00101743, 2.06938e-06
8.815, 0.0282051, 0.00101475, 2.0773e-06
8.73, 0.0282378, 0.00101472, 2.06616e-06
8.83, 0.0282112, 0.00101249, 2.05331e-06
8.82, 0.0283811, 0.00102449, 2.09735e-06
8.845, 0.0283006, 0.0010218, 2.09937e-06
8.805, 0.028265, 0.00101768, 2.08061e-06
8.88, 0.0283079, 0.00102131, 2.09778e-06
8.875, 0.0282039, 0.00101131, 2.04082e-06
8.87, 0.0282321, 0.00101728, 2.08506e-06
8.865, 0.0283517, 0.00102253, 2.08148e-06
8.85, 0.0281575, 0.00101157, 2.05817e-06
8.8, 0.0280594, 0.0010045, 2.04341e-06
8.86, 0.0281221, 0.00101045, 2.05582e-06
8.855, 0.0281372, 0.00100931, 2.04205e-06
8.885, 0.0281864, 0.00101233, 2.05378e-06
8.9, 0.0282889, 0.00101793, 2.06131e-06
8.895, 0.0282207, 0.00101243, 2.04373e-06
8.93, 0.0282265, 0.00101387, 2.05114e-06
8.935, 0.028183, 0.00100985, 2.03802e-06
8.76, 0.0282191, 0.00101772, 2.09463e-06
8.755, 0.0281493, 0.00101106, 2.07252e-06
8.96, 0.0281074, 0.00100541, 2.02155e-06
8.955, 0.0281632, 0.00100945, 2.04725e-06
8.965, 0.0283291, 0.00102088, 2.09076e-06
8.94, 0.0281728, 0.00101114, 2.05182e-06
8.91, 0.0283203, 0.00102151, 2.09369e-06
8.975, 0.0281788, 0.00101119, 2.04261e-06
8.795, 0.0283456, 0.00102274, 2.09234e-06
8.79, 0.0283655, 0.00102666, 2.13052e-06
8.785, 0.0283206, 0.00102043, 2.08403e-06
9, 0.0282561, 0.00101693, 2.07326e-06
8.98, 0.0282363, 0.0010149, 2.05491e-06
8.89, 0.0282531, 0.00101799, 2.08568e-06
8.99, 0.0281772, 0.00101157, 2.04941e-06
8.995, 0.0281669, 0.00101174, 2.05389e-06
9.02, 0.0281768, 0.00101041, 2.04938e-06
9.035, 0.0282558, 0.0010163, 2.06902e-06
9.015, 0.028245, 0.00101702, 2.08535e-06
8.945, 0.0282347, 0.00101476, 2.06829e-06
8.95, 0.0282021, 0.00101413, 2.07005e-06
8.97, 0.0282978, 0.00101966, 2.07586e-06
9.025, 0.0282705, 0.0010178, 2.07216e-06
9.03, 0.0281674, 0.00101045, 2.03705e-06
8.985, 0.0282552, 0.00101698, 2.07616e-06
9.01, 0.0282403, 0.00101411, 2.04761e-06
9.045, 0.0281601, 0.00100904, 2.04385e-06
9.04, 0.0282153, 0.00101288, 2.05901e-06
8.77, 0.0281943, 0.00101248, 2.06456e-06
9.065, 0.0282872, 0.00101749, 2.06378e-06
9.05, 0.0281486, 0.00100793, 2.03123e-06
9.075, 0.028263, 0.00101618, 2.07519e-06
9.08, 0.0280415, 0.00100389, 2.03523e-06
9.055, 0.0281916, 0.00101345, 2.063e-06
9.005, 0.0281574, 0.00100867, 2.03366e-06
9.06, 0.0281474, 0.00101145, 2.06689e-06
9.09, 0.0282699, 0.00101669, 2.06823e-06
9.085, 0.028222, 0.00101577, 2.08233e-06
9.12, 0.0281887, 0.00101116, 2.03926e-06
9.1, 0.028357, 0.00102189, 2.07167e-06
9.125, 0.0282793, 0.00101913, 2.08814e-06
9.095, 0.0283176, 0.00102225, 2.10554e-06
9.115, 0.0283046, 0.00101862, 2.07175e-06
9.105, 0.0282172, 0.00101478, 2.06174e-06
9.11, 0.0281967, 0.00101228, 2.05212e-06
9.14, 0.0282697, 0.0010159, 2.05821e-06
9.135, 0.028217, 0.00101368, 2.05845e-06
9.15, 0.0282038, 0.00101396, 2.0654e-06
9.145, 0.0282787, 0.00101868, 2.08046e-06
9.165, 0.0282991, 0.0010204, 2.08242e-06
9.155, 0.028253, 0.0010152, 2.05861e-06
9.13, 0.0281266, 0.00101066, 2.06159e-06
9.16, 0.0281787, 0.00101071, 2.04895e-06
9.17, 0.028276, 0.00102129, 2.1004e-06
9.175, 0.0281993, 0.00101355, 2.06806e-06
9.18, 0.0281897, 0.0010115, 2.04302e-06
9.19, 0.0282361, 0.00101527, 2.06236e-06
9.185, 0.0282122, 0.00101514, 2.06711e-06
9.22, 0.0282905, 0.00101794, 2.07052e-06
9.245, 0.0282982, 0.00102238, 2.10103e-06
9.24, 0.0282285, 0.00101638, 2.08078e-06
9.23, 0.0280985, 0.00100647, 2.0323e-06
9.235, 0.0282209, 0.00101355, 2.04943e-06
9.25, 0.0281566, 0.00101009, 2.04258e-06
9.195, 0.0284483, 0.00103145, 2.13896e-06
9.21, 0.0282093, 0.0010132, 2.04654e-06
9.2, 0.028255, 0.00101855, 2.08919e-06
9.205, 0.0281886, 0.00100902, 2.02429e-06
9.385, 0.0281434, 0.00101065, 2.05308e-06
9.215, 0.028258, 0.00101683, 2.07844e-06
9.47, 0.0282638, 0.00101484, 2.04681e-06
9.225, 0.0280652, 0.00100325, 2.02186e-06
9.485, 0.0281514, 0.00100986, 2.04959e-06
9.5, 0.0281784, 0.00101214, 2.05356e-06
9.48, 0.0283024, 0.00101797, 2.06104e-06
9.26, 0.0281134, 0.00100603, 2.01845e-06
9.265, 0.0282381, 0.0010179, 2.08359e-06
9.27, 0.0281347, 0.00100889, 2.04816e-06
9.255, 0.028123, 0.00101097, 2.06748e-06
9.275, 0.0281781, 0.00101186, 2.05512e-06
9.46, 0.0282608, 0.00101775, 2.07551e-06
9.52, 0.028168, 0.00101346, 2.07584e-06
9.53, 0.0284104, 0.00102746, 2.10504e-06
9.525, 0.0282586, 0.00101709, 2.06647e-06
9.3, 0.0282285, 0.00101485, 2.06402e-06
9.295, 0.0282954, 0.00101675, 2.05461e-06
9.29, 0.0282902, 0.0010196, 2.08155e-06
9.285, 0.0281926, 0.00101074, 2.03735e-06
9.28, 0.028244, 0.00101414, 2.05262e-06
9.325, 0.0282439, 0.00101578, 2.06018e-06
9.315, 0.0282954, 0.00101957, 2.08216e-06
9.32, 0.0281889, 0.00101316, 2.07695e-06
9.31, 0.0281152, 0.0010079, 2.03286e-06
9.305, 0.0283536, 0.00102226, 2.0837e-06
9.37, 0.0280357, 0.00100309, 2.02193e-06
9.345, 0.0282915, 0.00102137, 2.09671e-06
9.365, 0.0282129, 0.00101536, 2.05503e-06
9.36, 0.0282356, 0.00101486, 2.06109e-06
9.35, 0.0281871, 0.00101049, 2.04492e-06
9.34, 0.0282554, 0.00101582, 2.06107e-06
9.33, 0.0283103, 0.00102179, 2.09663e-06
9.455, 0.0281984, 0.00101345, 2.05913e-06
9.355, 0.0282765, 0.00101963, 2.0903e-06
9.39, 0.02821, 0.00101317, 2.06175e-06
9.375, 0.0281705, 0.0010106, 2.03696e-06
9.395, 0.0282433, 0.00101562, 2.05812e-06
9.405, 0.0282012, 0.0010122, 2.0443e-06
9.4, 0.0283251, 0.00101988, 2.06525e-06
9.41, 0.0282416, 0.00101563, 2.05719e-06
9.425, 0.0281622, 0.00100891, 2.02798e-06
9.56, 0.0281281, 0.00100711, 2.02946e-06
9.555, 0.028148, 0.00100943, 2.03775e-06
9.43, 0.0281862, 0.00101251, 2.05363e-06
9.335, 0.0282096, 0.00101513, 2.07705e-06
9.445, 0.0281699, 0.00101012, 2.04516e-06
9.44, 0.0281415, 0.00100851, 2.02876e-06
9.435, 0.0282562, 0.00101799, 2.08872e-06
9.465, 0.0281699, 0.00101184, 2.05085e-06
9.38, 0.0281461, 0.00101028, 2.05596e-06
9.45, 0.0282972, 0.00101805, 2.06243e-06
9.475, 0.0282164, 0.00101409, 2.06698e-06
6.12, 0.0284224, 0.001028, 2.11247e-06
9.6, 0.028154, 0.00100921, 2.03123e-06
9.595, 0.0281802, 0.00100807, 2.01943e-06
9.505, 0.0282628, 0.0010201, 2.0978e-06
9.625, 0.028306, 0.00101955, 2.07981e-06
9.65, 0.0281076, 0.00100956, 2.06026e-06
9.42, 0.028296, 0.00102067, 2.09362e-06
9.535, 0.0282522, 0.0010149, 2.05709e-06
9.565, 0.0282753, 0.00101689, 2.05718e-06
9.415, 0.0282842, 0.00101659, 2.05703e-06
9.49, 0.0282654, 0.00101845, 2.07845e-06
9.69, 0.0282061, 0.00101547, 2.07936e-06
9.495, 0.0283012, 0.00101973, 2.08591e-06
9.545, 0.0281859, 0.00101042, 2.04449e-06
9.55, 0.0282283, 0.00101491, 2.06399e-06
9.61, 0.0282741, 0.00101844, 2.08038e-06
9.605, 0.0283325, 0.00102152, 2.08725e-06
9.54, 0.0283176, 0.00102103, 2.0806e-06
9.515, 0.0281839, 0.00101186, 2.0533e-06
9.685, 0.0281984, 0.00101163, 2.03356e-06
9.64, 0.0282168, 0.00101233, 2.05082e-06
9.615, 0.0282235, 0.00101403, 2.05614e-06
9.645, 0.0282266, 0.00101687, 2.09952e-06
9.59, 0.0281921, 0.00101298, 2.07373e-06
9.695, 0.0282068, 0.00101562, 2.07492e-06
9.585, 0.0281676, 0.00101069, 2.05085e-06
9.58, 0.0281302, 0.00100864, 2.04063e-06
9.575, 0.0282606, 0.00101705, 2.06635e-06
9.655, 0.0281493, 0.00100928, 2.03767e-06
9.635, 0.0282208, 0.00101528, 2.06332e-06
9.62, 0.0283176, 0.00101971, 2.08489e-06
9.675, 0.0282077, 0.00101259, 2.0469e-06
9.66, 0.0281598, 0.00101052, 2.04364e-06
9.665, 0.0282486, 0.00101637, 2.06646e-06
9.63, 0.0283077, 0.00102029, 2.07359e-06
9.7, 0.0282, 0.00101454, 2.06958e-06
9.68, 0.0282929, 0.00101715, 2.06357e-06
9.705, 0.0283085, 0.00102133, 2.08502e-06
9.71, 0.0281486, 0.00101079, 2.05145e-06
9.73, 0.0281893, 0.00101217, 2.058e-06
9.735, 0.028258, 0.00101383, 2.03968e-06
9.715, 0.0282591, 0.00101673, 2.06993e-06
9.72, 0.028069, 0.00100604, 2.02727e-06
9.725, 0.0282301, 0.00101361, 2.05122e-06
9.745, 0.0281071, 0.00100688, 2.03433e-06
9.74, 0.0281983, 0.0010129, 2.05611e-06
9.765, 0.0282473, 0.00101726, 2.08495e-06
9.755, 0.0281822, 0.00101385, 2.07388e-06
9.75, 0.0283265, 0.00102168, 2.09348e-06
9.77, 0.0282394, 0.00101516, 2.05664e-06
9.78, 0.0281077, 0.00100618, 2.02971e-06
9.775, 0.0282697, 0.00101977, 2.09848e-06
9.8, 0.0282322, 0.00101437, 2.05534e-06
9.785, 0.0281743, 0.00101174, 2.05503e-06
9.79, 0.028256, 0.00101728, 2.06625e-06
9.76, 0.0281827, 0.00101082, 2.04289e-06
9.795, 0.0281643, 0.00101144, 2.0455e-06
9.81, 0.0283302, 0.00102084, 2.07555e-06
9.82, 0.0281589, 0.00100945, 2.02672e-06
9.815, 0.028178, 0.0010107, 2.04337e-06
9.825, 0.0282043, 0.00101338, 2.06138e-06
9.84, 0.0283272, 0.00102195, 2.10197e-06
9.805, 0.0282091, 0.00101245, 2.04393e-06
9.835, 0.0283101, 0.00102115, 2.09299e-06
9.845, 0.0281789, 0.00101136, 2.05236e-06
9.83, 0.0280879, 0.00100351, 2.01655e-06
9.88, 0.0282502, 0.0010157, 2.06242e-06
9.85, 0.0282704, 0.00101629, 2.06334e-06
9.86, 0.0280932, 0.00100434, 2.01395e-06
9.865, 0.0281449, 0.001009, 2.03953e-06
9.9, 0.0281968, 0.00101057, 2.02954e-06
9.87, 0.0281529, 0.0010137, 2.0844e-06
9.91, 0.0281969, 0.00101259, 2.06112e-06
9.905, 0.0282252, 0.00101395, 2.05628e-06
9.89, 0.0281673, 0.00101054, 2.04279e-06
9.875, 0.028095, 0.00100511, 2.01896e-06
9.895, 0.0282656, 0.00101734, 2.08248e-06
9.885, 0.0281275, 0.0010086, 2.04098e-06
9.92, 0.0281732, 0.00100965, 2.03924e-06
9.915, 0.0282313, 0.00101431, 2.05586e-06
9.93, 0.0282996, 0.00101968, 2.0788e-06
9.925, 0.028229, 0.0010129, 2.04596e-06
9.935, 0.0282526, 0.0010157, 2.0616e-06
9.94, 0.0281199, 0.00100798, 2.04547e-06
9.95, 0.0282079, 0.00101292, 2.0466e-06
9.985, 0.0282475, 0.0010156, 2.06237e-06
9.98, 0.0281905, 0.00101171, 2.05342e-06
9.99, 0.0282826, 0.00102017, 2.09666e-06
10, 0.0281856, 0.00100975, 2.0202e-06
9.995, 0.0281227, 0.00100626, 2.01608e-06
9.975, 0.0282376, 0.00101611, 2.07578e-06
9.945, 0.0283012, 0.00102015, 2.09129e-06
9.955, 0.0282521, 0.00102066, 2.10588e-06
9.965, 0.0282119, 0.00101371, 2.06342e-06
9.96, 0.028061, 0.00100441, 2.02589e-06
9.97, 0.0281554, 0.00100802, 2.02249e-06
9.855, 0.0281525, 0.00100947, 2.04756e-06
7.305, 0.0284163, 0.00102809, 2.12378e-06
7.365, 0.0283512, 0.00102352, 2.09928e-06
7.37, 0.028361, 0.00102386, 2.09457e-06
8.905, 0.0283235, 0.00102091, 2.08824e-06
8.925, 0.0282727, 0.00101654, 2.05536e-06
8.92, 0.0283, 0.00102105, 2.09915e-06
8.915, 0.0282312, 0.00101712, 2.08816e-06
9.07, 0.0282883, 0.00101991, 2.09468e-06
9.51, 0.0281554, 0.00100947, 2.04112e-06
9.57, 0.0282719, 0.00101885, 2.0844e-06
