0, 0.0479634
0.005, 0.00512963
0.01, 0.00527207
0.015, 0.00518441
0.02, 0.00538613
0.025, 0.00533825
0.03, 0.00516244
0.035, 0.00544132
0.04, 0.00537852
0.045, 0.00527466
0.05, 0.00535434
0.055, 0.00494568
0.06, 0.00523477
0.065, 0.00508108
0.07, 0.00537678
0.075, 0.00519593
0.08, 0.00508621
0.085, 0.00530613
0.09, 0.00528113
0.095, 0.00530871
0.1, 0.00520922
0.15, 0.00512662
0.2, 0.00498004
0.25, 0.00541743
0.3, 0.0054465
0.35, 0.00544601
0.4, 0.00554213
0.45, 0.00558234
0.5, 0.00565039
0.55, 0.00554712
0.6, 0.00552189
0.65, 0.00565049
0.7, 0.00586001
0.75, 0.00611924
0.8, 0.0063229
0.85, 0.0066562
0.9, 0.00673198
0.95, 0.00662128
1, 0.00690665
1.25, 0.00750317
1.5, 0.00801901
1.75, 0.00855749
2, 0.00896176
2.25, 0.00943056
2.5, 0.00923499
2.75, 0.00953806
3, 0.00997976
3.25, 0.0101142
3.5, 0.0104855
3.75, 0.0106044
4, 0.0108231
