0, inf
0.005, 0.00138525
0.01, 0.000755588
0.015, 0.000484579
0.02, 0.000417047
0.025, 0.000324017
0.03, 0.000241496
0.035, 0.000240659
0.04, 0.000192563
0.045, 0.000180892
0.05, 0.00015895
0.055, 0.000128015
0.06, 0.000136714
0.065, 0.000119524
0.07, 0.000119684
0.075, 0.000103189
0.08, 9.11413e-05
0.085, 9.21845e-05
0.09, 7.8753e-05
0.095, 7.40794e-05
0.1, 7.5194e-05
0.15, 4.97151e-05
0.2, 3.82845e-05
0.25, 3.15298e-05
0.3, 2.7984e-05
0.35, 2.10633e-05
0.4, 1.91897e-05
0.45, 1.8442e-05
0.5, 1.76214e-05
0.55, 1.44449e-05
0.6, 1.46652e-05
0.65, 1.51344e-05
0.7, 1.45089e-05
0.75, 1.3552e-05
0.8, 1.22772e-05
0.85, 1.45409e-05
0.9, 1.48356e-05
0.95, 1.24051e-05
1, 1.2827e-05
1.25, 1.12096e-05
1.5, 1.16306e-05
1.75, 1.13732e-05
2, 1.1039e-05
2.25, 1.03314e-05
2.5, 9.36752e-06
2.75, 9.23054e-06
3, 9.09339e-06
3.25, 8.34265e-06
3.5, 8.44445e-06
3.75, 7.82739e-06
4, 8.24327e-06
