0, -nan
0.005, 1134.5
0.01, 0
0.015, 0
0.02, 0
0.025, 0
0.03, 0
0.035, 0
0.04, 8.66318e-05
0.045, 0.00769603
0.05, 28.6909
0.055, 10.8
0.06, 13.0099
0.065, 19.8344
0.07, 2.34314
0.075, 4.81043
0.08, 1.13708
0.085, 0.919432
0.09, 0.268971
0.095, 0.319818
0.1, 1.92424
0.15, 0.179601
0.2, 1.94573
0.25, 1.11091
0.3, 0.719032
0.35, 3.24463
0.4, 1.50975
0.45, 1.63811
0.5, 2.27882
0.55, 1.73501
0.6, 0.926215
0.65, 0.831862
0.7, 0.645627
0.75, 0.561174
0.8, 0.550602
0.85, 0.507186
0.9, 0.437279
0.95, 0.402709
1, 0.352125
1.25, 0.291473
1.5, 0.218184
1.75, 0.187112
2, 0.154361
2.25, 0.145804
2.5, 0.125218
2.75, 0.1129
3, 0.0879306
3.25, 0.0844402
3.5, 0.0653306
3.75, 0.0632863
4, 0.0576157
