0, 0.00166667
0.005, 2.22222e-06
0.01, 0.000616667
0.015, 0.000827778
0.02, 0.00106667
0.025, 0.000862222
0.03, 0.00211778
0.035, 0.00255556
0.04, 0.00214667
0.045, 0.00219
0.05, 0.00185333
0.055, 0.00143889
0.06, 0.00196778
0.065, 0.00147667
0.07, 0.000938889
0.075, 0.00155111
0.08, 0.00193667
0.085, 0.00194333
0.09, 0.00304667
0.095, 0.00165
0.1, 0.000982222
0.15, 0.00166222
0.2, 0.00132667
0.25, 0.000576667
0.3, 0.0005
0.35, 0.000206667
0.4, 0.000301111
0.45, 0.000481111
0.5, 2.44444e-05
0.55, 4.44444e-06
0.6, 1.11111e-05
0.65, 2.44444e-05
0.7, 5.88889e-05
0.75, 0.000116667
0.8, 0.000204444
0.85, 0.000263333
0.9, 0.000408889
0.95, 0.000505556
1, 0.00067
1.25, 0.00144556
1.5, 0.00256556
1.75, 0.00437222
2, 0.00456
2.25, 0.00451778
2.5, 0.00502
2.75, 0.00505
3, 0.00558556
3.25, 0.00546
3.5, 0.00590444
3.75, 0.00617556
4, 0.00616444
