0, 0.0510934
0.005, 0.00608744
0.01, 0.0057618
0.015, 0.00538036
0.02, 0.00533282
0.025, 0.00542604
0.03, 0.00537096
0.035, 0.00539893
0.04, 0.00542343
0.045, 0.00545562
0.05, 0.00535328
0.055, 0.00554527
0.06, 0.0053829
0.065, 0.00546305
0.07, 0.00532887
0.075, 0.00523193
0.08, 0.0054959
0.085, 0.00561602
0.09, 0.00546767
0.095, 0.00523817
0.1, 0.00528378
0.15, 0.00527051
0.2, 0.00553496
0.25, 0.00547884
0.3, 0.00520617
0.35, 0.00533607
0.4, 0.0053457
0.45, 0.00561512
0.5, 0.00532734
0.55, 0.00586089
0.6, 0.00569571
0.65, 0.00555029
0.7, 0.00585833
0.75, 0.00586292
0.8, 0.00609606
0.85, 0.00650894
0.9, 0.00629685
0.95, 0.00675288
1, 0.00686996
1.25, 0.00713905
1.5, 0.00790079
1.75, 0.00850409
2, 0.00835413
2.25, 0.00959584
2.5, 0.00964771
2.75, 0.0102651
3, 0.0100187
3.25, 0.0108459
3.5, 0.0103532
3.75, 0.0105526
4, 0.0109068
