0, -0.603494
0.005, -0.546105
0.01, -0.546007
0.015, -0.547367
0.02, -0.556965
0.025, -0.558044
0.03, -0.563433
0.035, -0.566025
0.04, -0.57759
0.045, -0.586105
0.05, -0.593447
0.055, -0.597521
0.06, -0.602789
0.065, -0.615293
0.07, -0.625571
0.075, -0.63184
0.08, -0.649791
0.085, -0.658177
0.09, -0.660656
0.095, -0.667156
0.1, -0.671942
0.15, -0.715139
0.2, -0.795707
0.25, -0.881929
0.3, -0.931947
0.35, -0.965633
0.4, -0.992727
0.45, -1.03347
0.5, -1.08619
0.55, -1.14683
0.6, -1.16682
0.65, -1.18718
0.7, -1.2062
0.75, -1.22592
0.8, -1.24429
0.85, -1.26383
0.9, -1.28061
0.95, -1.298
1, -1.31426
1.25, -1.37705
1.5, -1.39809
1.75, -1.31767
2, -0.858731
2.25, -0.784614
2.5, -0.730892
2.75, -0.685598
3, -0.645108
3.25, -0.6161
3.5, -0.584979
3.75, -0.559016
4, -0.535118
