0, 0.00333333
0.005, 0.00222111
0.01, 0.00219222
0.015, 0.00230778
0.02, 0.000688889
0.025, 0.000537778
0.03, 0.00106556
0.035, 0.00126667
0.04, 0.00169222
0.045, 0.00123667
0.05, 0.00155778
0.055, 0.00162222
0.06, 0.00161556
0.065, 0.00102556
0.07, 0.00126889
0.075, 0.00147556
0.08, 0.00117222
0.085, 0.000887778
0.09, 0.000831111
0.095, 0.000956667
0.1, 0.00101889
0.15, 0.000912222
0.2, 0.000918889
0.25, 0.000782222
0.3, 0.000482222
0.35, 0.000376667
0.4, 0.000384444
0.45, 0.000382222
0.5, 0.000201111
0.55, 2.22222e-06
0.6, 2.22222e-06
0.65, 1.11111e-06
0.7, 1e-05
0.75, 4.11111e-05
0.8, 6.22222e-05
0.85, 0.000128889
0.9, 0.000201111
0.95, 0.000268889
1, 0.000358889
1.25, 0.00101889
1.5, 0.00159556
1.75, 0.00277111
2, 0.00431444
2.25, 0.00464111
2.5, 0.00480333
2.75, 0.00518
3, 0.00509889
3.25, 0.00575444
3.5, 0.00546222
3.75, 0.00523
4, 0.00598222
