0, 0.00111111
0.005, 0.000976667
0.01, 0.000452222
0.015, 0.000502222
0.02, 0.000704444
0.025, 0.00117222
0.03, 0.00104556
0.035, 0.00095
0.04, 0.00144778
0.045, 0.000904444
0.05, 0.00121333
0.055, 0.000897778
0.06, 0.00110444
0.065, 0.00119
0.07, 0.00107222
0.075, 0.00116778
0.08, 0.00110333
0.085, 0.00103778
0.09, 0.00111556
0.095, 0.00092
0.1, 0.00108778
0.15, 0.000781111
0.2, 0.000503333
0.25, 1.22222e-05
0.3, 0.00011
0.35, 0.000307778
0.4, 0.000607778
0.45, 0.000877778
0.5, 0.00119889
0.55, 0.0017
0.6, 0.00209667
0.65, 0.00273222
0.7, 0.00402333
0.75, 0.00427333
0.8, 0.00454444
0.85, 0.00419667
0.9, 0.00489889
0.95, 0.0048
1, 0.00501778
1.25, 0.00545111
1.5, 0.00586333
1.75, 0.00653778
2, 0.00649333
2.25, 0.00676556
2.5, 0.00710333
2.75, 0.00737111
3, 0.00737222
3.25, 0.00766444
3.5, 0.00814889
3.75, 0.00888333
4, 0.00864778
