0, inf
0.005, 0.00158963
0.01, 0.000673045
0.015, 0.000470871
0.02, 0.000364815
0.025, 0.000269387
0.03, 0.000242004
0.035, 0.000216324
0.04, 0.000187311
0.045, 0.000129547
0.05, 0.000117724
0.055, 0.000109573
0.06, 0.000104331
0.065, 0.00011208
0.07, 0.000104462
0.075, 0.000108848
0.08, 9.42008e-05
0.085, 0.000108034
0.09, 9.1806e-05
0.095, 9.24247e-05
0.1, 7.34487e-05
0.15, 5.27833e-05
0.2, 3.9965e-05
0.25, 3.03296e-05
0.3, 2.61951e-05
0.35, 2.24681e-05
0.4, 1.86029e-05
0.45, 1.8784e-05
0.5, 1.62948e-05
0.55, 1.81594e-05
0.6, 1.40116e-05
0.65, 1.38598e-05
0.7, 1.38342e-05
0.75, 1.61163e-05
0.8, 1.36003e-05
0.85, 1.53378e-05
0.9, 1.34703e-05
0.95, 1.49171e-05
1, 1.49038e-05
1.25, 1.13e-05
1.5, 1.13609e-05
1.75, 1.12448e-05
2, 1.09728e-05
2.25, 1.00181e-05
2.5, 9.67614e-06
2.75, 9.94276e-06
3, 7.83773e-06
3.25, 9.42319e-06
3.5, 8.34996e-06
3.75, 7.9627e-06
4, 7.73304e-06
