0, inf
0.005, 0.0017066
0.01, 0.000890244
0.015, 0.000662174
0.02, 0.000528137
0.025, 0.000363018
0.03, 0.000290525
0.035, 0.000274451
0.04, 0.000191964
0.045, 0.000160495
0.05, 0.000150252
0.055, 0.000135413
0.06, 0.000129716
0.065, 0.000119825
0.07, 0.000101431
0.075, 0.000116662
0.08, 9.49278e-05
0.085, 9.6567e-05
0.09, 9.89279e-05
0.095, 7.80495e-05
0.1, 7.40038e-05
0.15, 5.60893e-05
0.2, 3.42311e-05
0.25, 3.11954e-05
0.3, 2.46905e-05
0.35, 2.31341e-05
0.4, 2.08388e-05
0.45, 1.78196e-05
0.5, 1.70476e-05
0.55, 1.45887e-05
0.6, 1.49944e-05
0.65, 1.29899e-05
0.7, 1.46826e-05
0.75, 1.26524e-05
0.8, 1.21376e-05
0.85, 1.31437e-05
0.9, 1.15791e-05
0.95, 1.34827e-05
1, 1.33581e-05
1.25, 1.07836e-05
1.5, 1.19766e-05
1.75, 1.05866e-05
2, 1.07929e-05
2.25, 1.05113e-05
2.5, 1.08473e-05
2.75, 9.05615e-06
3, 9.12346e-06
3.25, 9.13992e-06
3.5, 9.79056e-06
3.75, 8.17251e-06
4, 8.42116e-06
