0, 1200
0.005, 1212
0.01, 1215
0.015, 1212
0.02, 1201
0.025, 1202
0.03, 1197
0.035, 1210
0.04, 1201
0.045, 1195
0.05, 1195
0.055, 1196
0.06, 1202
0.065, 1215
0.07, 1258
0.075, 1261
0.08, 1263
0.085, 1268
0.09, 1231
0.095, 1194
0.1, 1195
0.15, 1195
0.2, 1196
0.25, 1195
0.3, 1196
0.35, 1194
0.4, 1195
0.45, 1195
0.5, 1195
0.55, 1196
0.6, 1195
0.65, 1195
0.7, 1196
0.75, 1195
0.8, 1200
0.85, 1196
0.9, 1205
0.95, 1225
1, 1218
1.25, 1206
1.5, 1216
1.75, 1213
2, 1207
2.25, 1225
2.5, 1214
2.75, 1204
3, 1214
3.25, 1215
3.5, 1198
3.75, 1200
4, 1206
