0, 0.00245043
0.005, 0.00196607
0.01, 0.0017319
0.015, 0.00183058
0.02, 0.00245778
0.025, 0.00231292
0.03, 0.00400339
0.035, 0.00390337
0.04, 0.00254195
0.045, 0.00238462
0.05, 0.00148024
0.055, 0.00232749
0.06, 0.00209115
0.065, 0.00223646
0.07, 0.00242172
0.075, 0.00187166
0.08, 0.00195996
0.085, 0.00210564
0.09, 0.00204432
0.095, 0.00213561
0.1, 0.00209009
0.15, 0.00304101
0.2, 0.00319663
0.25, 0.00383368
0.3, 0.00441692
0.35, 0.00462836
0.4, 0.00489912
0.45, 0.00522013
0.5, 0.00517869
0.55, 0.00586645
0.6, 0.00570999
0.65, 0.00561684
0.7, 0.00619181
0.75, 0.00620283
0.8, 0.00625385
0.85, 0.00643398
0.9, 0.00652241
0.95, 0.00703791
1, 0.00707775
1.25, 0.00733111
1.5, 0.00809128
1.75, 0.0086009
2, 0.00891088
2.25, 0.00944159
2.5, 0.00956626
2.75, 0.00949761
3, 0.00997924
3.25, 0.00988321
3.5, 0.0105754
3.75, 0.0109514
4, 0.0109859
